19800101
0.4
0.0
0.0
0.0
0.0
0.0
0.0
0.0
0.2
0.3
0.6
2.9
0.0
0.0
0.2
0.0
1.1
5.4
3.0
3.4
0.6
0.0
0.0
0.0
0.5
0.0
0.0
0.6
4.0
14.9
0.6
9.3
4.2
15.4
31.3
9.4
0.4
1.4
1.6
3.2
1.9
0.3
0.7
0.0
2.0
10.6
2.1
6.9
4.8
13.5
7.1
0.0
1.5
2.0
4.3
4.6
0.5
0.0
0.0
0.0
0.0
16.4
6.4
5.8
3.0
1.3
0.8
0.0
0.0
0.0
0.1
0.0
0.0
0.0
0.7
1.3
5.7
31.8
39.1
0.0
1.3
1.9
0.6
0.0
0.0
0.0
0.4
0.0
0.0
0.2
0.1
28.1
15.0
11.2
9.4
11.2
0.3
3.0
0.0
0.0
0.0
0.0
0.0
0.3
0.3
0.0
0.0
2.8
3.5
0.0
0.9
0.0
0.0
1.9
1.0
0.0
0.0
0.0
0.4
39.3
0.5
3.4
2.0
0.1
0.0
0.0
0.0
0.8
0.0
0.0
0.0
0.0
0.0
0.0
0.1
0.2
4.8
0.0
0.0
0.0
0.0
0.1
2.5
0.0
0.0
0.0
0.0
0.0
0.0
0.0
3.5
0.4
0.3
0.0
0.0
0.0
0.0
0.0
0.0
0.0
1.2
0.8
0.0
0.0
0.0
0.0
0.0
0.0
0.0
0.0
0.0
0.0
0.0
0.0
0.0
0.0
0.0
0.0
0.0
0.0
0.0
0.0
0.0
0.0
0.0
0.0
0.0
0.0
0.0
0.0
0.0
0.1
0.0
0.0
0.0
0.0
0.0
0.0
0.0
0.0
0.0
0.0
0.0
0.0
0.0
0.0
0.0
0.0
0.0
0.0
0.0
0.0
0.0
0.0
0.0
0.0
0.0
0.0
0.0
0.5
0.0
0.0
0.0
0.0
0.0
0.0
0.0
0.0
0.0
0.4
0.0
0.0
0.0
0.2
0.0
0.0
0.0
0.0
0.0
0.0
0.0
0.0
0.0
0.0
0.0
0.0
0.0
0.0
0.0
0.0
0.0
0.0
0.0
0.0
0.0
0.0
0.0
0.0
0.0
0.0
0.0
0.0
0.0
0.0
0.0
0.0
0.0
0.0
0.0
0.0
0.0
0.0
0.0
0.0
0.0
0.0
1.4
0.4
4.0
1.9
11.4
2.1
2.6
0.0
0.0
0.0
0.0
0.0
0.0
9.3
15.7
4.6
2.9
4.9
0.0
0.0
0.0
0.3
0.0
0.0
0.0
0.0
0.7
0.0
0.0
0.0
0.0
0.0
0.0
0.0
0.0
0.0
0.0
0.0
0.0
0.0
0.0
0.0
0.0
0.0
0.0
0.0
2.4
0.1
0.0
3.8
2.1
1.3
2.1
0.0
1.7
0.0
0.0
8.2
11.6
9.3
8.8
0.0
0.0
0.0
0.0
0.0
7.0
12.1
2.9
2.2
1.6
2.4
2.4
0.2
1.0
0.1
0.0
0.0
0.0
0.0
0.0
0.2
14.4
4.9
0.0
0.0
0.0
0.0
0.0
0.8
1.3
2.0
0.0
0.0
0.0
0.4
1.5
2.1
0.4
0.1
6.5
9.5
14.7
4.6
0.0
0.1
1.4
1.7
5.2
18.4
0.3
0.0
0.0
0.0
0.3
0.0
1.1
0.7
0.8
0.0
2.7
3.0
1.0
2.3
19.5
4.5
5.1
2.3
1.0
2.7
0.0
4.2
8.9
25.2
8.7
4.0
1.8
8.4
5.2
13.0
0.2
29.0
3.4
12.8
18.0
2.9
0.4
0.8
0.4
0.0
0.0
0.0
2.7
32.0
7.5
14.8
20.4
82.8
57.2
11.0
10.0
27.0
19.0
12.1
5.3
18.2
15.6
0.2
0.0
0.0
0.0
0.0
0.0
0.0
2.3
2.9
3.5
3.8
0.0
0.0
0.0
0.8
5.2
10.3
3.2
16.0
5.3
4.0
1.7
2.1
0.9
4.0
10.4
3.0
9.2
11.9
1.1
3.5
0.3
0.0
0.0
1.4
1.5
1.4
0.0
0.4
0.5
0.0
0.5
2.7
0.0
0.0
0.0
0.0
0.0
0.2
2.0
0.1
0.1
0.2
0.9
0.0
0.3
0.6
0.1
2.1
0.0
0.0
0.0
0.0
0.0
0.0
0.6
1.4
0.0
0.2
0.0
0.7
0.0
0.0
0.0
0.0
0.0
0.0
0.0
0.0
0.0
3.5
0.0
0.0
0.0
0.1
0.0
0.0
0.0
0.0
0.0
0.0
1.2
0.0
0.0
0.0
0.0
0.0
0.0
0.0
0.0
0.0
0.0
0.0
0.0
0.0
0.0
0.0
0.2
0.1
0.0
0.0
0.0
0.0
0.0
0.0
0.0
0.0
0.0
0.0
0.0
0.0
0.0
0.0
0.0
0.0
0.0
0.0
0.0
0.0
0.0
0.0
0.0
0.0
0.0
0.0
0.0
0.0
0.0
0.0
0.0
0.0
0.0
0.0
0.0
0.3
3.0
0.0
0.0
0.0
0.0
0.0
0.0
0.0
0.0
0.0
0.0
0.0
0.0
0.0
0.0
0.0
0.0
1.0
4.1
5.5
0.0
0.0
0.0
0.0
0.0
0.0
0.0
0.0
0.0
0.0
0.0
0.0
0.0
0.0
0.0
0.0
0.0
0.0
0.0
0.0
0.0
0.0
0.0
0.0
0.0
0.0
0.0
0.0
0.0
0.0
0.0
0.0
0.3
0.0
0.0
0.0
0.0
0.0
1.8
17.2
0.0
0.3
7.0
14.2
2.5
0.2
0.0
0.0
0.0
0.0
0.0
0.0
0.0
0.0
2.2
0.0
0.0
0.0
0.1
0.0
0.0
1.6
0.0
0.0
1.4
0.0
0.0
0.0
3.4
0.0
0.0
0.0
0.0
0.0
0.0
0.0
0.0
0.0
0.0
0.0
0.0
0.0
0.0
0.0
0.0
0.0
0.0
1.7
0.0
0.0
0.0
0.0
0.0
0.0
0.0
0.0
0.4
0.0
0.0
0.0
0.7
0.8
2.9
0.0
0.0
2.5
4.9
3.9
2.5
0.3
0.8
3.1
2.6
0.0
0.6
2.1
0.8
0.0
0.0
9.0
1.0
1.9
0.8
24.5
0.0
0.0
0.0
0.0
0.0
0.0
1.4
0.0
0.0
0.0
0.0
0.0
0.0
3.7
0.2
0.0
0.0
4.1
23.1
5.9
0.0
0.0
6.3
12.8
4.9
9.2
0.0
5.8
3.3
0.4
1.8
4.3
61.7
15.3
18.8
32.7
11.6
26.4
7.7
41.8
4.3
1.3
47.3
22.5
6.7
37.8
14.8
40.5
0.0
2.5
1.0
3.6
1.4
1.7
26.3
10.6
0.4
0.3
12.2
25.5
5.5
0.1
1.2
9.8
14.1
3.0
29.4
0.9
9.9
0.6
17.4
0.0
6.7
28.8
4.0
0.0
0.0
0.0
0.4
4.5
4.1
8.7
6.9
5.6
11.6
3.8
5.7
1.0
20.3
2.5
7.7
0.0
4.6
11.2
3.5
6.2
0.1
0.6
14.3
0.9
0.6
3.1
0.1
14.2
2.6
7.7
0.1
0.0
0.7
4.7
2.8
2.2
10.6
4.5
0.0
2.2
1.3
3.2
8.1
4.1
6.2
5.0
3.7
0.0
0.9
1.9
2.9
3.4
0.9
0.0
2.5
0.0
0.0
0.1
1.0
1.7
1.4
1.2
2.9
1.0
6.8
0.7
2.5
0.2
1.1
0.0
0.0
0.0
0.0
1.9
1.4
0.1
0.2
1.3
0.9
0.6
0.0
2.8
1.5
1.7
3.3
0.0
0.0
0.0
0.4
1.6
0.0
0.0
0.0
0.0
0.0
1.1
0.0
0.0
0.0
0.0
0.1
0.1
0.8
0.2
0.0
0.5
0.0
0.0
0.4
3.1
0.0
0.6
0.0
0.0
2.2
1.1
5.5
0.0
0.0
0.0
0.0
0.0
0.0
0.0
0.0
0.0
0.0
0.0
0.0
0.0
0.0
0.0
0.0
0.0
0.0
0.0
0.0
0.0
0.0
0.0
0.0
0.0
0.0
0.0
1.4
0.2
0.0
0.0
0.0
0.0
0.0
0.0
0.0
0.0
0.0
0.0
0.0
0.1
0.0
0.0
0.0
0.0
0.0
0.0
0.0
0.0
0.0
0.4
0.4
2.3
0.0
0.0
0.0
0.0
0.3
1.2
0.0
0.0
0.0
0.0
0.0
0.1
0.0
0.0
1.2
4.3
2.8
6.1
2.1
9.4
0.0
0.0
0.0
0.0
0.0
0.0
0.0
0.0
0.0
0.0
0.0
0.9
0.0
1.0
0.3
0.0
0.0
0.0
5.3
1.6
5.2
4.8
1.1
17.4
2.4
5.1
0.4
4.2
6.7
7.6
0.4
0.9
1.3
0.0
0.0
0.0
0.0
0.0
0.0
0.0
0.0
0.0
0.0
0.0
0.0
0.0
0.0
0.0
0.0
0.0
0.0
0.0
0.0
0.0
0.6
2.2
0.0
0.0
0.0
0.9
0.3
3.8
3.6
7.0
4.3
0.3
0.7
6.3
0.0
0.2
0.0
0.0
0.0
0.1
0.0
0.5
0.3
0.0
2.2
0.1
0.3
0.0
0.3
0.8
3.7
8.2
2.6
8.2
2.1
0.2
3.0
3.0
0.3
0.0
0.0
0.0
6.5
0.0
1.6
1.0
0.0
3.5
6.4
3.6
8.9
5.3
0.0
1.6
0.8
11.3
23.5
12.3
14.1
1.5
6.7
4.2
8.1
14.1
3.2
0.0
0.0
1.2
2.3
1.4
2.1
0.3
0.2
1.3
0.0
1.2
3.2
0.9
0.7
0.0
0.0
0.0
0.0
1.3
0.5
1.1
0.0
0.0
2.3
0.5
0.6
0.0
0.0
0.0
0.1
0.0
0.0
0.0
53.5
8.5
16.0
0.8
3.2
4.4
1.3
2.2
0.4
4.1
14.4
20.7
2.8
0.0
0.0
2.7
41.2
15.0
0.9
5.5
6.5
1.2
0.2
11.2
20.9
0.8
0.0
0.0
0.0
0.0
0.0
0.6
0.2
0.1
0.0
7.8
12.7
11.0
8.2
0.1
0.2
2.8
0.0
1.3
0.0
1.3
0.4
1.3
0.0
0.0
0.2
0.0
0.0
0.2
0.2
0.2
0.0
0.2
2.0
1.8
5.2
2.7
0.0
0.0
0.0
0.0
0.0
0.0
0.0
0.0
0.9
0.0
0.0
0.0
0.0
0.0
13.0
14.8
0.0
0.0
0.2
0.0
1.1
3.5
5.6
1.7
0.5
0.0
0.0
0.0
0.5
0.0
0.0
0.0
0.4
0.0
0.0
2.2
0.0
0.0
0.0
0.0
0.0
0.0
0.0
0.0
0.0
0.0
0.0
0.0
0.0
0.0
0.0
0.0
0.0
0.0
0.0
0.0
0.0
0.0
0.0
0.0
0.0
0.0
0.0
0.0
0.0
0.0
0.0
0.0
0.0
0.0
0.0
0.0
0.0
0.0
0.0
0.0
0.0
0.0
0.0
0.0
0.0
0.0
0.0
0.0
0.0
0.0
0.0
0.0
0.0
0.0
0.0
0.0
0.0
0.3
0.0
0.0
0.0
0.3
0.0
0.0
0.0
0.0
0.0
0.0
5.1
0.0
0.0
0.0
0.0
0.0
0.0
0.0
0.4
1.3
0.0
0.0
0.0
0.0
0.0
0.0
0.0
0.0
0.0
0.0
0.0
0.0
0.0
0.0
0.0
0.0
0.0
0.0
0.0
0.0
0.0
0.0
0.0
0.0
0.0
0.0
0.0
0.3
0.0
0.0
0.0
0.0
0.0
0.0
0.0
0.0
0.0
0.0
0.0
0.0
0.0
0.0
0.0
0.5
0.0
0.2
2.1
0.0
3.1
0.0
0.0
0.0
0.0
0.0
0.0
0.0
0.0
0.0
0.0
0.0
0.0
0.0
0.0
2.2
4.1
0.2
0.2
0.0
0.0
0.0
0.0
0.0
0.0
0.0
0.0
0.0
0.0
0.0
0.0
0.0
0.0
0.0
0.0
0.1
0.0
0.3
0.0
0.1
0.8
0.3
0.0
0.0
0.0
0.1
0.0
0.0
0.0
0.0
0.0
0.0
0.0
0.0
0.0
0.0
0.0
0.0
1.0
0.0
0.0
0.0
0.0
0.0
0.4
5.1
5.2
0.2
1.9
6.2
23.0
6.5
5.1
0.0
0.0
0.1
5.3
5.1
1.1
0.0
0.1
6.2
3.7
4.2
0.2
0.1
0.0
0.0
0.0
0.0
0.5
4.0
12.8
5.9
1.1
2.5
0.0
0.1
4.2
0.3
2.4
2.1
5.8
7.9
5.4
15.9
8.4
0.0
0.2
0.3
2.9
11.0
2.9
4.3
16.0
0.1
0.2
2.4
2.7
7.7
0.5
0.0
6.6
12.6
3.5
4.5
2.3
6.5
1.2
0.2
2.2
22.9
8.0
21.1
4.8
15.7
11.4
0.5
0.1
1.5
17.6
4.9
13.8
0.4
0.1
8.8
0.1
2.2
1.2
1.4
0.0
9.7
54.8
1.9
0.9
0.3
3.5
0.0
0.0
0.0
0.0
0.0
0.4
0.4
0.0
0.0
0.0
0.3
5.1
0.1
0.5
0.8
0.0
0.2
0.0
5.1
1.9
1.9
1.4
4.3
0.8
14.9
32.5
21.3
23.7
5.5
1.2
3.5
0.8
1.7
0.3
3.3
7.0
18.5
9.1
16.0
42.4
1.2
3.8
1.8
3.7
0.0
2.9
4.5
10.6
0.7
3.5
1.5
1.0
0.7
0.3
1.1
1.3
0.7
0.0
0.0
0.8
0.0
0.0
0.6
0.2
0.0
0.0
0.0
0.5
0.0
0.0
0.0
0.0
0.2
1.1
1.8
0.3
1.5
0.0
0.0
0.9
0.0
0.0
0.0
0.0
0.0
0.0
0.0
0.0
0.0
0.0
0.0
0.0
0.0
0.0
0.0
0.0
0.0
0.0
0.0
0.0
0.0
0.0
0.0
0.0
0.0
0.0
0.0
0.0
0.0
0.0
0.0
0.0
0.0
0.0
0.0
0.0
0.0
0.0
0.0
0.0
0.0
0.0
0.0
0.0
0.0
0.0
0.0
0.0
0.0
0.0
0.0
0.0
0.0
0.0
0.0
0.0
0.0
0.0
0.0
0.0
0.0
0.0
0.0
0.0
0.0
0.0
0.0
0.0
0.0
0.0
0.0
0.0
0.0
0.0
0.0
1.4
0.0
0.0
0.0
0.0
4.2
2.7
5.8
0.0
0.0
0.0
0.0
0.0
0.1
0.1
0.0
0.0
0.0
0.0
0.2
1.3
0.0
0.0
0.0
0.0
0.0
0.0
0.0
0.0
0.0
0.0
0.0
0.0
0.0
0.0
0.0
0.0
0.0
0.0
0.0
0.0
0.4
1.4
1.6
0.0
0.0
0.0
2.1
0.0
0.0
1.3
0.0
0.0
0.0
3.1
0.5
0.0
0.0
0.0
0.0
0.0
0.0
0.0
0.0
0.0
0.0
0.0
0.0
0.4
0.0
1.4
0.0
0.0
0.5
1.8
0.6
0.0
0.0
0.0
0.0
0.5
0.8
0.3
10.8
0.5
0.0
0.0
0.0
2.6
1.4
0.0
0.0
0.0
0.0
0.0
0.0
9.1
3.0
5.6
2.4
0.5
4.2
0.0
0.5
0.1
0.0
0.0
0.0
0.0
0.0
0.0
0.0
0.0
0.0
1.9
0.0
0.7
0.6
0.2
0.0
0.0
0.8
4.6
0.6
7.3
6.6
2.9
0.4
0.0
0.8
6.6
5.9
3.5
16.9
5.7
4.5
4.5
5.5
0.0
3.3
0.0
0.1
0.9
2.9
1.8
12.2
8.9
6.9
7.1
5.5
2.7
0.9
0.1
2.0
0.0
0.0
0.0
0.0
0.0
0.7
5.2
2.4
46.4
3.4
4.5
3.2
9.5
18.7
0.0
0.0
0.0
6.5
1.3
1.2
2.0
0.0
0.2
0.0
2.7
3.2
0.3
0.9
1.8
9.2
19.5
17.8
0.0
0.0
0.8
8.0
1.9
4.7
1.0
0.0
0.0
0.0
0.1
0.1
0.0
0.4
1.2
11.7
18.4
36.3
14.8
20.8
2.8
16.7
41.9
0.5
0.8
17.3
0.1
0.0
1.3
0.0
0.0
0.0
0.0
0.1
1.4
0.0
3.1
4.0
0.6
13.3
50.5
26.9
6.5
12.7
15.6
9.1
0.0
0.2
0.8
21.4
0.0
0.0
3.2
0.2
3.0
0.6
0.0
0.0
0.7
4.0
24.2
0.5
0.0
0.0
0.0
1.8
24.1
3.4
0.0
3.0
8.3
4.1
0.1
41.9
1.0
0.4
0.0
0.2
3.7
0.0
1.0
0.7
0.0
0.0
0.0
0.0
0.0
0.0
0.0
0.5
6.3
0.0
0.0
0.0
0.0
1.0
0.0
0.0
0.0
0.8
0.0
0.0
0.0
0.0
0.0
0.0
0.0
0.3
0.0
0.0
0.0
0.0
0.0
0.0
0.0
0.0
0.0
0.0
0.0
0.2
0.0
0.0
0.0
0.0
0.0
0.0
0.0
0.0
0.0
0.0
0.0
0.0
0.0
0.0
0.0
0.0
0.0
0.4
0.8
0.0
0.0
0.0
0.0
0.0
0.0
0.0
0.1
1.4
3.5
2.3
0.8
0.0
1.3
0.0
0.0
0.0
0.0
0.0
0.0
0.0
0.0
0.0
0.0
1.1
3.4
1.0
14.2
0.5
0.8
0.0
0.0
0.0
0.0
0.0
0.0
0.0
0.0
0.0
0.0
0.0
0.0
0.0
0.0
0.0
0.0
0.0
0.0
0.0
0.0
0.0
0.0
0.0
0.0
0.0
0.0
0.0
0.4
0.2
0.0
0.0
0.0
0.0
0.0
0.0
0.2
0.0
0.0
0.0
0.0
0.0
0.0
0.0
0.0
0.0
0.1
0.0
0.0
0.3
0.0
0.0
0.0
0.0
0.0
0.0
0.0
0.0
0.0
0.2
2.2
21.4
2.2
2.2
0.1
0.1
0.1
0.0
0.7
0.0
0.1
0.7
6.0
0.0
0.0
0.0
0.0
0.0
0.0
0.1
0.0
0.0
0.0
0.0
0.0
0.0
0.0
0.0
0.0
0.0
0.0
0.0
0.0
0.0
0.0
0.0
0.0
0.0
0.0
0.0
0.0
0.0
0.0
0.2
7.3
0.7
0.0
0.1
0.2
0.0
0.0
0.0
0.0
0.0
0.0
1.5
0.4
0.0
0.0
1.3
1.2
0.1
0.1
0.4
2.4
1.0
0.0
0.0
0.0
0.8
0.0
0.1
0.0
1.0
6.0
0.0
0.0
0.0
0.0
0.0
0.8
0.0
0.3
0.0
0.0
0.2
0.0
1.4
0.0
0.0
0.0
5.1
0.0
1.5
1.9
2.8
0.0
0.0
1.9
0.1
0.4
4.9
4.4
3.7
5.9
6.5
7.1
41.6
4.3
0.6
25.1
3.8
6.0
27.1
4.7
4.4
0.8
6.8
2.0
0.9
0.9
0.1
0.6
0.0
0.0
12.5
6.9
3.3
3.2
0.1
1.3
16.5
30.1
1.3
15.9
3.2
3.5
0.7
0.0
0.8
5.2
2.4
0.9
3.1
3.6
8.0
7.7
8.3
35.7
8.5
1.0
2.7
1.4
0.3
1.6
0.0
2.9
3.9
7.4
1.8
4.0
0.0
0.0
0.0
0.0
0.0
0.2
0.0
0.0
0.0
0.0
0.0
1.0
0.0
0.0
0.1
0.0
0.0
0.3
0.2
0.2
0.0
0.0
0.0
1.8
1.5
0.4
0.0
2.5
8.9
4.5
19.0
8.8
12.7
12.5
0.0
0.9
3.4
0.0
0.2
0.0
0.6
0.0
0.0
3.4
1.9
1.0
0.1
1.0
0.0
0.0
0.0
0.0
1.3
0.0
0.3
8.0
0.0
0.0
0.2
0.0
0.0
0.0
0.0
0.0
0.0
0.0
0.0
0.0
0.0
0.0
0.0
0.0
0.0
0.0
0.0
0.0
5.6
23.6
0.5
0.0
1.4
0.0
0.2
0.0
0.1
0.0
0.0
0.0
0.0
0.0
0.0
0.0
0.0
0.0
0.0
0.0
0.0
0.0
0.0
0.0
0.0
0.0
0.0
0.0
0.0
0.0
0.0
0.0
0.0
0.0
0.0
0.0
1.5
0.2
0.0
0.5
0.0
2.1
0.0
0.2
0.0
0.0
0.0
0.3
0.0
0.0
0.0
0.0
0.0
0.0
0.0
0.0
0.0
0.0
0.0
0.0
0.0
0.0
0.0
0.0
0.0
0.0
0.0
0.0
0.0
0.0
0.0
0.0
0.0
0.0
0.0
0.0
0.0
0.0
0.0
0.0
0.0
0.0
0.0
0.0
0.0
0.0
0.0
0.0
0.0
0.0
0.0
0.0
0.0
0.0
0.0
0.0
0.0
0.0
0.0
0.0
0.0
0.0
0.0
0.0
0.0
0.0
0.0
0.0
0.0
1.3
1.3
0.0
0.0
1.9
0.0
0.0
1.1
0.1
0.7
0.0
0.0
0.0
0.0
0.0
0.0
0.0
0.0
0.0
0.0
0.0
0.0
0.0
0.0
0.0
0.0
0.0
0.0
0.0
0.0
0.5
3.0
0.0
0.0
0.0
0.0
0.0
0.0
0.0
0.2
0.0
0.1
0.0
0.0
0.0
0.0
0.0
0.0
0.0
0.1
3.8
19.5
4.2
0.0
0.0
0.0
0.2
0.6
1.0
0.0
0.2
0.0
3.1
20.6
5.0
4.0
0.2
0.0
0.9
1.4
0.0
0.0
0.0
0.0
0.1
2.2
0.0
0.6
2.2
0.0
0.0
0.0
0.0
0.0
0.0
0.0
0.0
0.0
0.0
0.4
0.4
0.1
0.0
2.3
1.4
0.0
1.6
0.1
1.9
1.6
1.2
4.3
8.1
2.6
6.2
5.3
2.7
1.9
6.3
5.4
5.2
0.0
14.9
8.8
7.6
4.1
25.2
18.4
11.0
10.3
0.0
0.0
0.2
1.3
0.2
1.3
0.8
0.9
0.5
0.0
0.2
0.7
0.4
0.0
0.0
1.0
4.4
8.2
11.4
11.7
5.3
21.8
25.3
7.0
24.2
43.9
5.2
8.7
0.2
0.4
1.5
9.8
13.7
3.9
2.4
3.1
1.1
24.0
6.2
0.3
0.0
0.0
0.5
6.9
44.4
49.4
4.8
2.5
2.4
2.7
0.3
0.0
4.4
14.7
46.3
84.1
76.5
6.8
3.2
1.4
3.8
2.7
21.7
4.1
16.2
0.7
14.4
4.1
12.9
13.2
5.2
0.9
70.1
2.3
18.2
53.3
11.0
10.3
16.5
2.8
19.7
21.1
14.8
21.6
13.4
1.6
2.5
2.6
1.4
1.0
0.3
3.0
2.6
0.9
0.0
1.9
16.3
0.0
1.7
6.4
10.0
0.0
0.2
1.9
2.2
2.2
0.0
2.3
0.8
5.7
0.8
0.1
0.3
1.1
0.0
0.0
0.7
11.3
0.0
0.4
1.1
0.0
0.0
0.0
0.0
0.0
1.4
0.7
0.0
0.0
1.0
0.1
0.0
0.0
0.0
0.2
0.0
0.0
0.0
0.0
0.0
0.0
0.0
0.6
0.2
0.0
0.0
0.0
0.2
0.0
0.0
0.0
0.0
2.5
0.0
0.0
0.0
0.0
0.0
2.5
3.2
0.0
0.0
0.0
0.0
0.0
0.0
0.0
0.1
0.2
0.0
0.9
0.0
0.0
0.0
0.0
0.0
0.0
0.0
0.0
0.0
0.0
0.0
0.0
0.0
0.0
0.0
0.0
0.0
0.0
0.0
0.0
0.0
0.3
0.0
0.0
0.0
0.0
0.0
0.0
0.0
0.0
0.0
0.0
0.0
0.0
0.0
0.0
0.0
0.0
0.0
0.0
0.0
0.0
0.0
0.0
0.0
0.0
0.0
0.0
0.0
0.0
0.0
0.0
0.0
0.0
0.0
0.0
0.0
0.0
0.0
0.1
0.1
0.0
0.4
0.0
0.0
0.0
0.0
5.2
6.3
0.0
0.0
0.0
0.0
0.0
0.0
0.0
0.0
0.0
0.0
0.0
0.0
0.0
0.2
0.0
0.0
0.0
0.0
0.0
0.0
0.0
0.0
0.0
0.0
0.0
0.0
0.0
0.4
0.0
0.0
0.0
0.3
1.1
4.8
5.3
7.6
3.5
0.2
1.8
1.6
0.0
0.0
0.0
0.0
0.0
4.7
0.9
1.8
3.7
6.1
1.2
0.0
0.0
0.0
0.0
0.0
0.2
0.0
0.0
0.0
0.0
0.0
0.0
0.0
0.0
0.0
0.0
0.0
0.0
0.0
0.0
0.4
0.0
0.0
0.0
0.0
0.5
0.0
0.0
0.0
0.0
0.0
0.0
0.0
0.0
0.0
0.0
0.0
0.0
0.0
0.0
0.0
0.0
0.0
0.0
0.0
0.0
0.0
0.0
0.0
0.0
0.2
0.0
0.0
0.4
0.0
0.9
1.5
6.3
9.1
0.0
0.0
0.0
0.0
0.0
3.4
0.3
0.0
0.0
0.0
0.5
3.0
0.7
1.1
2.0
6.3
4.7
2.7
4.5
0.8
0.0
0.0
0.1
0.2
0.0
0.0
0.1
0.0
0.0
0.0
0.0
4.9
0.0
0.6
0.8
2.3
0.6
0.2
1.6
0.0
2.0
15.3
1.4
6.8
10.6
0.0
0.0
1.8
12.8
3.9
18.0
4.0
6.8
6.0
0.8
1.9
4.1
5.1
7.3
3.3
27.4
3.8
0.0
0.3
0.0
0.2
0.7
0.0
0.0
1.2
0.0
1.7
0.2
0.0
0.0
0.6
3.1
0.0
0.8
0.0
0.5
6.3
1.7
4.6
9.9
4.3
3.2
5.4
9.0
16.6
19.6
2.3
7.9
0.0
3.5
3.8
26.6
4.4
2.7
3.6
2.6
0.0
0.0
0.0
0.0
1.2
0.0
2.4
1.5
3.3
9.7
15.6
36.9
0.0
5.8
3.6
11.9
5.3
2.7
4.2
0.0
0.1
6.6
2.6
2.8
2.3
0.6
0.3
0.0
0.2
0.9
0.4
0.0
0.8
0.0
0.8
1.1
0.1
0.4
0.0
0.0
0.0
0.0
0.0
0.0
0.0
0.0
0.0
0.0
0.0
0.0
0.0
0.0
0.0
1.0
0.2
14.0
1.6
0.5
0.0
2.1
0.0
0.0
0.0
0.0
2.1
0.9
0.0
0.0
0.0
0.0
0.0
0.0
0.0
0.0
0.0
0.0
0.0
0.0
0.0
0.8
0.1
0.0
0.0
0.0
0.0
0.0
0.0
0.0
0.0
0.0
0.0
0.0
0.0
0.0
0.2
4.1
0.0
0.0
0.0
0.0
0.0
0.0
0.0
0.0
0.0
0.0
0.0
0.0
0.0
0.0
0.0
0.0
0.0
0.0
0.0
0.0
0.0
0.0
0.0
0.0
0.0
0.0
0.0
0.0
0.0
0.0
0.0
0.0
0.0
0.0
0.0
0.0
0.0
0.0
0.0
0.0
0.0
0.0
0.0
0.0
0.0
0.0
0.0
0.0
0.0
0.0
2.5
1.0
0.0
0.0
0.0
0.0
0.0
0.0
0.0
0.0
0.0
0.0
0.2
0.0
0.0
0.0
0.0
0.0
0.0
0.0
0.0
0.0
0.0
0.0
0.0
0.0
0.0
0.0
0.0
0.0
0.0
0.0
0.7
9.6
0.0
0.0
0.0
2.6
0.2
0.0
2.2
6.9
5.7
24.2
0.0
3.3
11.4
0.1
0.0
0.0
0.0
0.0
7.1
0.5
0.6
11.9
0.5
0.0
0.0
0.0
0.0
0.0
0.0
0.0
0.0
0.0
0.0
0.6
0.0
0.0
0.0
0.0
0.0
0.0
0.0
0.0
0.0
0.0
0.0
2.0
5.1
1.4
0.0
0.0
0.1
2.7
1.9
25.4
34.5
1.6
3.1
6.1
5.7
4.6
0.6
0.1
0.4
0.0
0.0
0.0
0.0
0.0
0.0
0.0
0.0
0.0
0.0
0.0
0.0
0.0
0.0
0.0
0.0
0.0
4.0
0.1
7.5
1.8
3.3
1.4
0.8
9.9
12.6
3.5
0.0
0.0
0.3
0.2
0.0
0.4
2.5
0.5
0.2
0.0
0.0
0.0
0.0
0.0
0.0
0.0
0.1
0.9
2.3
0.6
0.0
0.0
0.0
0.0
0.2
0.0
0.0
0.6
0.2
13.0
3.4
52.1
1.3
14.0
7.4
4.2
0.3
0.0
2.4
2.7
0.5
4.6
2.4
0.0
0.3
0.0
0.6
4.6
5.1
6.9
6.8
1.0
0.0
3.8
0.1
0.4
0.0
1.2
3.1
2.8
41.5
5.0
0.8
4.4
7.5
0.3
0.1
2.4
3.3
13.7
11.3
6.8
11.6
1.2
0.3
38.3
15.3
18.1
14.1
0.4
0.1
15.9
13.5
3.3
23.2
3.2
5.6
7.9
5.2
0.0
0.0
0.0
0.1
0.4
0.9
0.0
0.4
22.3
3.6
2.5
2.9
4.1
18.8
0.2
0.0
0.0
1.9
0.2
2.7
0.0
0.0
0.0
1.1
0.3
0.0
0.2
0.4
0.5
2.1
1.3
0.0
0.7
0.9
3.7
0.1
0.0
0.0
0.0
0.0
0.0
0.2
1.3
0.0
0.0
0.0
1.8
0.8
9.7
3.7
1.4
2.3
2.2
0.5
0.5
0.0
0.0
0.0
0.0
0.4
0.0
0.0
0.8
0.0
0.0
0.0
0.0
0.0
0.0
0.0
0.0
0.0
0.0
0.0
0.0
0.0
0.0
0.0
0.3
0.0
0.0
0.0
0.0
0.4
0.0
0.0
0.0
5.7
0.0
6.1
0.0
0.0
0.0
0.0
0.0
0.0
0.0
0.0
0.0
0.0
0.0
0.0
0.0
0.0
0.0
0.0
0.0
0.0
0.0
0.0
0.0
0.0
0.0
0.0
0.0
0.0
0.0
0.0
0.0
0.0
0.0
0.0
0.0
0.0
0.0
0.0
0.0
0.0
0.0
0.0
0.0
0.0
0.0
0.0
0.0
0.0
0.0
0.0
0.0
0.0
0.0
0.0
0.0
0.0
0.0
0.0
0.0
0.0
0.0
0.0
0.0
0.0
0.0
0.0
0.0
0.0
0.0
0.0
0.0
0.0
0.0
0.0
0.0
0.0
0.0
0.0
0.0
0.0
0.0
0.0
0.0
0.0
0.0
0.0
0.0
0.0
0.0
0.0
0.0
0.0
0.0
0.0
0.0
0.0
0.0
0.0
0.2
0.0
0.0
1.0
10.5
0.8
0.0
0.0
0.0
0.0
0.0
0.0
0.0
0.0
0.0
0.0
0.0
0.1
0.0
0.0
0.0
0.0
0.0
6.8
0.0
0.0
0.0
0.0
0.8
5.1
1.7
0.7
2.2
0.3
0.0
0.0
0.0
0.0
0.0
0.0
0.0
0.0
0.0
0.0
0.0
0.0
0.0
0.0
0.1
0.0
0.0
0.0
0.0
0.0
0.0
0.0
0.0
0.0
0.5
0.0
1.8
1.0
1.7
2.2
1.1
0.4
1.6
0.1
0.0
1.1
2.0
0.0
0.0
0.0
0.0
0.4
2.7
3.9
1.5
2.0
0.1
2.7
1.6
1.5
2.6
9.0
51.3
2.2
1.3
0.2
0.5
3.1
1.0
3.5
3.1
18.3
0.3
1.0
0.9
1.7
2.6
6.8
7.1
0.0
0.0
0.0
0.0
1.1
4.9
0.0
0.0
2.5
0.0
1.1
10.5
9.5
8.4
0.2
9.2
11.1
5.2
3.6
8.8
13.7
10.1
6.6
0.0
0.0
5.0
19.4
25.8
3.3
0.0
0.1
8.0
8.8
9.9
0.0
0.7
1.4
5.1
4.2
6.3
0.8
0.0
0.4
3.9
1.9
0.0
0.0
0.0
0.0
1.0
5.9
0.4
0.1
11.4
13.7
0.0
0.0
0.1
2.1
6.9
7.8
10.7
25.2
0.1
0.0
3.5
13.5
1.2
0.0
7.1
26.4
0.0
50.0
34.8
2.3
0.0
21.4
4.6
16.2
0.9
3.0
7.2
0.7
0.0
0.0
0.0
0.3
11.6
4.0
45.8
21.6
3.3
4.3
78.1
3.0
18.1
33.6
7.7
25.4
1.4
1.3
1.1
0.6
0.0
0.0
0.5
3.7
18.0
2.3
2.1
10.3
20.0
23.5
46.3
7.6
3.1
0.0
0.0
0.4
5.6
0.5
0.9
0.0
0.6
0.1
0.0
0.2
0.0
1.7
7.9
1.3
0.4
0.0
0.0
10.4
4.6
2.2
4.0
4.5
16.2
0.0
0.0
0.0
0.0
0.0
0.0
0.0
0.0
0.0
0.0
0.0
0.0
0.0
0.0
0.0
0.0
0.0
0.0
0.0
0.0
0.0
0.0
0.0
0.0
0.0
0.0
0.0
0.0
0.0
0.0
0.0
0.0
0.0
0.0
0.0
0.0
0.0
0.0
0.0
0.0
0.0
0.0
0.0
0.0
0.0
0.0
0.0
0.0
0.0
0.0
0.0
0.0
0.0
0.0
0.0
0.0
0.0
0.0
0.7
0.0
0.0
0.0
0.0
0.0
0.0
0.0
0.0
0.0
0.0
0.0
0.0
0.0
0.0
0.0
5.2
0.0
0.0
0.0
0.0
0.0
0.0
0.5
0.0
0.0
0.0
0.0
0.0
0.0
0.0
0.0
0.0
0.0
0.0
0.0
0.0
1.1
0.0
1.0
0.0
0.0
0.0
0.0
0.0
0.0
0.3
0.0
0.5
0.0
0.0
0.0
0.0
0.8
0.0
0.0
0.3
0.0
0.5
0.0
0.0
0.0
0.7
0.7
0.7
0.7
0.7
0.7
0.7
0.7
0.7
0.7
0.7
0.7
1.6
1.4
0.7
0.7
0.7
0.7
0.7
0.7
0.7
0.7
0.7
0.7
0.7
0.7
0.7
0.7
0.7
0.7
0.7
0.7
0.2
0.0
0.0
0.0
0.3
0.0
0.0
0.0
0.0
0.0
0.0
3.4
1.8
0.1
0.0
9.5
16.5
6.4
1.8
0.0
1.2
0.1
0.6
0.0
0.0
0.0
0.0
0.0
0.0
0.0
0.0
0.0
0.0
0.0
0.0
0.0
2.1
4.3
1.8
0.0
0.0
0.0
0.1
0.0
0.0
0.1
24.7
7.3
2.4
8.3
5.8
0.8
5.7
1.6
1.0
0.0
0.0
0.0
0.1
0.0
0.2
0.0
2.2
0.0
0.4
30.3
1.4
0.3
0.0
0.0
0.6
3.4
5.1
11.7
0.2
1.0
0.1
3.5
1.5
2.7
0.0
0.0
0.0
0.1
0.0
0.0
0.0
0.0
0.0
0.1
4.7
14.0
40.8
9.1
3.4
30.6
10.1
5.0
4.0
3.3
4.6
2.4
18.2
4.1
1.0
7.5
25.5
15.1
1.9
6.9
8.0
0.4
0.0
0.0
0.3
20.2
28.2
12.8
13.9
39.2
30.5
1.3
29.3
21.2
9.9
6.0
0.3
3.2
1.1
0.0
1.0
0.0
0.0
5.7
2.7
14.4
22.0
29.1
17.2
36.9
26.4
12.5
29.1
26.7
24.9
19.8
22.8
24.0
26.3
4.4
0.9
1.6
0.9
0.5
0.6
2.4
9.5
1.8
5.0
10.5
13.5
7.3
6.4
5.4
15.8
13.9
2.1
19.1
43.8
21.5
15.4
0.5
0.0
0.6
6.2
4.3
3.9
22.0
0.0
0.0
0.3
3.0
0.8
0.3
5.8
3.7
6.3
0.0
0.4
0.1
2.2
5.0
0.5
0.1
0.5
4.8
0.0
0.0
0.0
0.0
1.2
0.8
0.0
1.4
0.0
0.1
9.2
3.8
4.2
2.1
0.3
0.7
0.7
0.7
0.7
0.7
0.7
0.7
0.7
0.7
0.7
0.7
0.7
0.7
0.7
0.7
0.7
0.7
0.7
0.7
0.7
0.7
0.7
0.7
0.7
0.7
0.7
0.7
0.7
0.7
0.7
0.7
0.7
0.7
0.7
0.7
0.7
0.7
0.7
1.1
0.7
0.7
0.7
0.7
0.7
0.7
0.7
0.7
0.7
0.7
0.7
0.7
0.7
0.7
0.7
0.7
0.7
0.7
0.7
0.7
0.7
0.7
0.7
0.7
0.7
0.7
0.7
0.7
0.7
0.7
0.7
0.7
0.7
0.7
0.7
0.7
0.7
0.7
0.7
0.7
0.7
0.7
0.7
0.7
0.7
0.7
0.7
0.7
0.7
0.7
0.7
0.7
0.7
0.7
0.7
0.7
0.7
0.7
0.7
0.7
0.7
1.1
0.7
0.7
0.7
0.7
0.7
0.7
0.7
0.7
0.7
0.7
0.7
0.7
0.7
0.7
1.7
0.7
0.7
0.7
0.7
1.1
2.2
1.1
0.7
0.7
0.7
0.7
0.7
0.7
0.7
0.7
0.7
0.7
0.7
0.7
0.7
0.7
2.4
0.7
0.7
3.2
1.4
1.1
1.4
1.1
3.4
1.5
0.7
0.7
0.7
1.1
2.0
0.7
0.7
0.7
1.4
10.4
5.3
0.7
0.7
0.7
1.1
2.7
1.1
1.1
0.7
0.7
0.7
0.7
1.1
0.7
0.7
0.7
0.7
0.7
0.7
0.7
0.7
0.7
0.7
0.7
0.7
0.7
0.7
0.7
0.7
0.7
0.7
4.6
0.7
0.7
0.7
0.7
8.9
16.9
4.3
14.3
5.0
0.7
3.4
2.8
1.4
2.1
0.7
2.6
0.7
1.4
0.7
21.5
1.8
5.5
4.6
4.0
1.4
0.0
1.8
8.1
4.2
1.7
3.1
9.0
3.2
4.8
1.4
10.2
4.0
1.9
0.7
3.0
9.7
7.4
4.9
5.5
7.3
4.4
2.9
5.6
1.8
2.0
0.7
1.6
12.5
9.3
29.0
5.6
43.3
21.3
6.7
11.2
12.3
38.2
13.2
1.9
0.7
3.4
9.2
1.1
1.1
1.4
3.5
5.2
2.2
0.7
0.7
0.7
4.0
1.9
4.8
6.8
10.4
24.1
9.1
7.2
4.0
2.9
27.8
9.7
5.6
2.6
3.5
0.7
1.5
0.7
0.7
9.1
12.9
3.0
2.4
6.9
2.5
5.6
3.2
2.1
1.4
1.1
0.7
0.7
5.3
1.7
0.7
1.6
34.0
42.2
23.9
9.8
3.5
11.0
8.5
1.8
5.0
20.6
14.4
19.8
4.7
3.2
1.4
6.7
9.8
4.0
1.1
0.7
1.1
5.4
1.1
0.7
0.7
0.7
0.7
0.7
2.5
1.1
2.6
1.8
9.1
4.6
2.2
0.0
0.5
1.5
1.3
0.4
1.3
1.5
1.4
0.0
0.3
0.0
4.9
2.0
0.0
0.5
0.9
1.8
1.0
0.0
1.2
0.0
1.5
7.6
3.1
1.6
1.7
0.0
0.0
0.0
0.0
0.3
0.0
0.0
0.0
0.0
1.1
0.0
0.0
0.0
0.0
0.0
0.0
0.0
0.0
0.0
0.0
0.0
0.0
0.0
0.0
3.0
0.0
0.0
0.3
1.5
1.6
0.0
0.0
0.0
0.0
0.0
0.0
0.0
0.0
0.0
0.0
0.0
0.0
0.0
0.0
0.0
0.0
0.0
0.0
0.0
0.0
0.0
0.0
0.0
0.0
0.0
0.0
0.0
0.0
0.0
0.0
0.0
0.0
0.0
0.0
0.0
0.0
0.0
0.0
0.0
0.0
0.0
0.0
0.0
0.0
0.0
0.1
0.0
0.0
0.0
0.0
0.0
0.0
0.0
0.3
1.6
0.1
0.0
0.0
0.0
0.0
0.0
0.0
0.0
0.0
0.0
0.0
0.0
0.0
0.0
0.0
0.0
0.0
0.0
0.0
0.0
0.0
0.0
0.0
0.0
0.0
0.0
0.0
0.0
0.0
0.0
0.0
0.0
0.0
0.0
1.0
9.1
5.4
0.0
0.0
1.6
0.1
0.1
0.0
0.0
0.0
0.0
1.9
3.3
0.0
0.0
0.2
0.1
0.0
0.0
0.0
0.0
0.0
0.0
0.0
0.0
0.0
0.0
0.0
0.0
0.0
0.0
0.0
0.0
0.0
0.0
0.4
0.0
0.0
0.1
1.0
0.0
0.0
5.3
0.0
0.0
0.0
0.0
0.0
0.0
0.0
0.0
0.0
0.3
0.0
0.0
0.0
0.0
0.0
0.0
0.0
0.0
0.0
0.0
0.0
0.0
0.0
3.2
1.2
0.0
0.0
0.0
0.3
0.8
0.0
0.0
0.2
2.3
0.0
0.1
0.8
4.8
1.8
0.6
1.2
11.0
18.4
34.5
3.9
6.6
11.9
0.0
7.3
0.1
0.0
0.0
0.8
1.6
0.1
1.3
0.8
2.5
13.1
17.0
5.9
13.4
1.7
10.7
0.2
0.0
0.0
0.5
0.0
4.1
4.1
0.0
0.0
0.0
0.3
1.2
0.5
3.7
0.0
0.0
3.4
0.6
0.0
0.0
3.0
43.4
21.7
19.5
4.7
11.1
76.8
0.3
0.9
4.5
8.1
2.4
2.4
0.9
3.6
0.0
0.0
3.5
10.2
4.6
8.4
2.8
39.6
0.9
0.0
0.0
1.0
4.4
3.9
12.6
0.2
1.0
0.3
1.3
1.6
0.8
5.5
4.4
10.2
6.4
14.3
4.4
1.7
29.8
13.7
2.0
2.4
0.1
24.5
10.8
1.1
48.0
2.0
0.1
1.7
0.0
2.6
17.1
3.4
0.0
0.4
9.0
0.0
0.0
0.0
0.0
12.2
20.1
30.8
3.3
0.1
0.8
4.1
3.5
0.0
1.5
1.0
1.7
1.8
0.0
0.0
0.0
0.0
0.0
0.0
0.3
0.0
0.0
0.1
0.0
0.0
0.4
0.0
0.0
0.0
1.0
0.8
2.8
2.9
0.0
0.0
0.0
0.0
1.9
0.0
0.3
0.5
1.2
2.3
1.9
1.8
0.0
1.6
6.2
0.0
0.0
0.0
0.0
0.0
0.0
0.0
0.0
0.0
0.0
0.0
0.0
0.0
0.5
0.4
0.0
0.0
0.0
0.0
0.0
0.0
0.0
0.0
0.0
0.0
0.0
0.0
0.0
0.0
0.0
0.0
0.0
0.0
0.0
0.0
0.0
0.0
0.0
0.0
0.0
0.0
0.0
0.0
0.0
0.0
0.0
0.0
0.0
0.0
0.0
0.0
0.0
0.0
1.8
0.0
0.0
0.0
3.6
4.7
0.0
0.0
0.0
0.0
0.0
0.0
0.0
0.0
0.0
0.0
0.0
0.0
0.0
1.2
0.0
0.0
0.0
0.0
0.0
0.0
0.0
0.0
0.0
0.0
1.5
0.0
0.0
0.0
0.0
0.0
0.0
0.0
0.0
0.0
0.0
0.0
0.0
0.0
0.0
0.0
0.0
0.0
0.0
0.0
0.0
0.0
0.0
0.0
0.0
0.0
0.0
0.0
3.4
1.5
0.0
0.0
0.0
0.0
0.0
0.0
0.0
0.0
0.0
0.0
0.0
0.0
0.0
0.0
0.0
0.0
0.0
0.0
0.0
0.0
0.0
0.0
0.0
0.0
0.3
0.2
0.0
0.0
0.0
0.0
0.0
0.0
3.1
0.6
0.0
0.0
0.0
0.0
0.0
0.0
0.0
0.0
0.0
0.3
0.0
0.0
1.3
2.0
0.0
3.2
1.4
0.0
0.2
0.3
3.2
0.7
0.0
0.2
0.0
2.9
0.4
0.0
0.0
0.0
0.0
0.0
1.4
1.2
0.1
0.0
0.0
0.0
0.0
0.0
0.0
0.0
0.5
0.0
0.0
2.7
1.8
0.0
0.0
0.0
0.0
0.2
0.2
0.0
0.0
0.0
0.0
0.0
0.0
0.4
2.2
0.3
0.0
0.2
5.3
5.5
9.4
7.2
3.0
7.3
0.5
9.9
32.7
14.2
2.2
1.7
2.6
1.6
8.9
12.7
0.0
0.4
0.2
1.0
0.0
0.0
3.7
3.6
0.0
1.6
2.2
0.0
0.3
0.0
0.0
0.0
0.0
0.0
0.0
1.3
0.4
1.0
0.6
7.2
10.7
1.5
0.2
1.1
1.4
3.5
20.0
0.0
0.1
8.2
3.4
2.7
2.5
0.0
0.9
0.5
0.0
0.0
0.3
19.7
5.1
5.0
0.0
0.4
2.8
1.6
0.1
0.0
0.2
1.2
19.6
14.2
3.8
5.0
21.1
5.5
7.4
6.7
4.6
6.8
3.4
26.2
25.0
8.3
0.2
0.0
5.8
10.2
3.0
3.7
0.0
0.8
1.5
2.9
3.7
0.0
0.3
1.6
0.1
0.0
0.0
0.0
0.0
0.0
0.0
0.0
0.0
0.0
0.0
2.2
0.8
20.2
3.0
2.8
12.4
1.2
0.0
0.3
3.8
0.0
0.0
0.8
1.3
0.2
0.0
13.7
3.0
4.0
0.0
5.5
6.4
0.3
0.0
0.0
0.0
0.0
0.0
0.1
0.0
0.0
0.0
0.0
0.0
0.5
3.0
2.9
0.0
0.0
0.0
0.2
1.9
0.7
0.0
0.0
0.0
3.9
0.0
1.7
0.0
0.0
0.0
0.5
0.0
0.3
0.0
0.0
0.0
0.0
0.0
0.0
0.0
0.0
0.0
0.0
0.0
0.0
0.0
0.0
0.0
0.0
0.0
0.0
0.0
0.0
0.0
0.2
0.0
0.0
2.3
0.5
0.2
0.0
0.0
0.0
0.0
0.0
0.0
0.0
0.0
0.0
0.0
0.0
0.0
0.0
0.0
0.0
0.0
0.0
0.0
0.0
1.0
0.9
0.0
0.0
0.0
0.0
0.0
0.0
0.0
0.0
0.0
0.0
0.0
0.0
0.0
0.0
0.0
0.0
0.0
0.0
0.0
0.1
0.0
0.0
0.0
0.0
0.0
0.0
0.0
0.0
0.0
0.0
0.0
0.0
0.0
0.0
0.2
0.0
0.0
0.0
0.0
1.2
0.0
0.0
0.0
0.0
0.0
0.0
0.0
0.0
0.0
0.0
0.0
0.0
0.0
0.0
0.0
0.0
0.0
0.0
0.0
0.0
0.3
0.0
0.0
0.0
0.0
0.0
0.0
0.0
0.0
0.0
0.0
0.0
0.0
0.0
0.0
0.6
0.0
0.0
0.2
5.6
0.0
1.7
0.0
0.0
0.0
0.0
0.0
0.0
0.0
2.1
5.2
1.3
0.0
0.0
0.0
0.0
0.6
0.0
0.0
0.0
0.0
0.9
0.3
2.9
0.0
0.0
0.0
0.0
0.0
0.0
0.0
0.0
0.0
0.0
0.0
0.0
0.0
0.0
0.0
0.0
0.0
0.0
0.0
0.0
0.0
0.0
0.0
0.0
0.0
0.0
0.6
0.0
0.0
1.9
0.0
0.0
0.0
0.0
0.0
0.0
0.0
0.0
0.0
0.2
0.0
0.0
0.0
0.0
0.0
0.0
0.0
0.0
0.0
0.0
0.0
0.0
0.0
0.8
4.4
2.0
6.2
2.2
0.5
7.3
2.2
0.0
0.0
1.1
0.9
2.9
0.0
0.8
0.0
0.0
0.0
0.0
1.8
1.4
6.9
2.7
8.3
4.6
10.5
2.8
0.0
0.0
0.0
0.0
0.0
0.1
4.6
4.3
4.7
0.0
0.0
0.0
0.0
1.1
0.6
6.7
2.2
0.0
0.2
0.0
8.1
9.8
10.8
0.0
0.0
0.1
1.6
9.3
21.1
3.5
2.5
0.4
0.4
0.5
0.9
0.8
13.4
1.2
4.0
0.0
0.7
10.0
0.6
3.3
15.4
0.0
0.0
0.0
0.2
0.0
0.4
0.6
0.0
0.3
2.9
39.5
57.4
10.9
10.1
9.2
8.5
0.0
0.0
0.0
0.0
0.0
0.0
0.0
0.0
0.0
2.7
2.8
0.1
1.3
0.0
3.1
0.3
0.7
9.0
0.0
1.0
1.2
0.2
0.0
7.1
0.5
1.6
0.7
0.0
4.2
6.9
43.3
29.0
1.9
0.0
6.3
1.3
0.0
12.6
0.3
0.0
0.0
0.1
0.0
0.0
0.0
0.0
0.0
0.0
0.0
0.3
0.3
0.9
1.1
1.4
0.4
0.7
0.0
0.0
0.0
0.0
0.0
0.0
0.0
0.0
0.0
1.4
0.3
0.0
0.0
0.1
0.0
0.0
0.0
0.4
0.4
0.0
0.1
0.0
0.0
0.0
0.0
0.1
0.2
0.0
0.0
0.0
0.6
0.0
0.0
0.0
0.1
0.7
0.0
0.0
0.0
1.2
0.5
3.3
1.4
0.0
0.0
0.0
0.0
0.0
0.0
0.1
0.0
0.0
0.0
0.0
0.0
0.0
0.0
0.0
0.0
0.0
0.0
0.0
0.0
0.0
0.0
0.0
0.0
0.0
0.0
0.0
0.0
0.0
0.0
3.5
1.0
0.8
0.0
0.0
0.0
0.0
0.0
0.0
0.0
0.0
0.0
0.0
0.0
0.0
0.0
0.0
0.0
0.9
0.0
0.0
0.0
0.0
0.0
0.0
0.0
0.0
0.0
0.0
0.0
0.0
0.0
0.0
0.0
0.0
0.8
0.3
0.4
0.0
0.2
0.0
2.0
1.0
0.4
0.0
0.0
0.0
0.0
0.0
0.0
0.0
0.0
0.0
1.7
2.3
7.5
8.6
0.3
0.4
10.8
0.3
0.0
0.0
0.9
0.0
1.0
0.0
0.0
0.0
0.0
0.0
0.0
0.2
0.0
0.0
0.0
0.0
0.0
0.0
0.0
0.0
0.0
0.0
1.7
4.0
0.3
0.0
0.0
0.0
0.0
6.2
4.3
0.6
0.5
0.0
0.0
0.0
0.0
3.9
0.9
5.2
1.4
1.4
3.1
3.5
3.0
0.0
0.0
0.0
0.0
1.1
1.4
1.2
0.0
0.0
0.0
0.8
21.5
17.1
12.6
3.4
1.6
2.6
2.9
0.0
1.7
0.0
2.6
0.0
0.0
0.0
0.2
26.1
6.8
0.0
5.3
32.7
71.7
17.6
14.0
19.2
22.3
29.9
68.0
47.8
0.0
0.0
0.0
0.0
1.9
1.8
0.2
0.0
4.4
4.1
0.1
5.7
8.0
0.9
6.9
0.0
0.0
0.0
0.0
0.0
1.1
0.0
0.0
0.0
0.0
0.0
0.0
0.0
2.2
3.3
0.0
0.5
34.0
6.7
1.4
40.5
2.5
18.5
5.1
3.3
1.5
2.6
5.3
6.2
12.3
8.4
43.7
12.8
13.6
0.0
0.0
3.1
4.5
6.3
52.3
29.6
43.7
78.7
3.2
29.1
16.2
21.5
5.4
48.5
7.2
23.8
18.2
19.8
16.5
22.6
27.3
21.3
0.1
9.2
10.1
25.9
25.9
0.3
1.3
7.5
0.0
0.0
4.8
15.7
38.1
4.8
30.3
17.6
4.2
0.1
0.6
5.8
10.3
2.8
0.4
0.1
0.0
2.4
5.5
1.1
0.6
0.4
0.7
11.5
7.1
1.2
10.0
5.5
6.2
18.1
13.3
2.2
2.0
14.5
2.8
0.1
0.0
0.2
0.0
0.0
0.0
0.0
0.3
0.5
0.0
5.8
4.0
24.4
11.0
7.5
10.9
7.2
11.3
4.7
3.7
18.4
1.3
2.5
0.0
5.0
28.0
8.6
0.0
0.8
1.1
7.5
0.1
0.0
0.0
0.0
0.0
0.0
0.0
0.0
4.8
1.0
2.1
0.0
0.4
0.2
0.0
0.1
0.0
0.0
0.0
3.3
0.5
0.6
0.1
1.3
0.4
0.0
0.0
0.0
0.0
0.0
0.0
1.0
3.0
0.0
0.5
4.1
0.0
1.3
0.0
1.0
0.1
0.0
0.1
3.8
0.0
0.3
0.0
2.9
0.2
0.0
0.0
1.7
0.0
0.0
0.0
0.0
0.0
0.0
0.0
0.0
0.0
0.0
0.0
0.0
0.0
0.0
0.0
0.0
0.0
0.0
0.0
0.0
0.0
0.2
0.0
0.0
0.0
0.0
0.0
0.0
0.0
0.0
0.0
0.0
0.0
0.0
0.0
0.0
0.7
0.9
0.0
0.0
0.0
0.0
0.0
0.0
0.0
0.0
0.0
0.0
0.0
0.0
0.0
0.0
0.0
0.0
0.0
0.0
0.0
0.0
0.0
0.0
0.0
0.0
0.0
0.2
0.8
1.0
1.1
0.0
0.6
0.0
0.0
0.0
0.0
0.0
0.0
0.7
0.4
0.0
0.0
3.5
1.1
0.7
5.8
2.2
5.6
0.8
0.0
0.0
0.0
0.0
0.0
0.0
0.0
0.0
0.0
0.0
0.0
0.0
0.0
0.0
0.0
0.0
0.3
0.8
0.0
0.0
0.0
11.3
0.0
0.9
7.2
0.0
0.0
0.0
0.0
0.0
nan
0.4
0.4
0.4
0.7
0.9
0.4
0.4
0.4
0.4
1.7
0.4
0.4
0.4
0.4
0.4
9.1
2.4
4.8
0.8
1.5
0.4
0.4
0.4
0.4
0.4
0.7
0.4
0.4
0.4
4.9
2.7
5.7
2.4
4.8
1.0
0.4
4.4
2.6
2.7
0.4
1.5
1.5
11.5
5.5
1.4
0.7
8.1
12.1
7.6
22.4
13.3
0.7
0.4
0.4
0.4
1.9
3.1
2.2
0.4
4.4
2.6
0.2
0.1
0.0
8.2
0.0
0.0
0.0
0.0
0.0
2.0
0.3
0.1
1.0
7.2
0.2
0.0
0.3
0.4
0.0
0.5
3.5
3.4
1.0
0.0
4.9
44.5
14.2
6.6
11.2
2.8
20.6
0.4
0.4
12.0
10.5
16.3
1.3
0.0
0.3
7.8
4.8
3.7
5.3
0.0
0.1
39.4
8.5
16.4
9.6
11.7
17.6
5.0
16.8
23.7
18.7
5.3
29.5
25.0
18.4
10.2
1.6
1.6
5.9
8.3
5.7
17.6
72.5
99.0
22.2
45.5
8.7
0.0
29.8
37.5
0.1
26.1
0.2
7.9
5.8
39.7
9.5
0.9
32.7
13.6
5.1
1.6
5.7
0.0
0.0
4.9
7.8
9.1
0.0
8.9
19.0
23.2
0.9
1.1
2.5
0.2
5.1
12.4
2.0
9.5
1.0
29.1
1.7
39.9
13.3
11.4
0.4
0.7
7.0
18.0
21.7
0.7
0.0
0.0
0.0
0.0
4.3
8.2
3.2
1.8
17.9
6.3
6.1
5.9
14.0
8.6
1.4
0.6
0.3
5.7
1.5
0.0
4.1
4.1
21.2
0.0
0.2
0.2
0.1
0.0
0.0
0.3
0.6
0.7
0.0
0.6
2.6
2.1
0.0
0.0
0.0
0.0
0.0
0.0
1.9
3.2
0.0
0.0
0.0
0.0
0.0
0.0
2.1
5.5
7.9
0.0
0.0
0.0
0.6
5.0
1.3
0.0
0.0
0.0
0.0
0.0
0.0
0.0
0.0
0.0
0.0
0.0
0.0
0.0
0.0
0.0
0.0
0.0
0.0
0.0
0.0
0.0
0.0
0.0
0.0
0.0
0.0
0.0
0.0
0.0
0.0
0.0
0.0
0.0
0.0
0.0
0.0
0.0
0.0
0.0
0.0
2.8
0.0
0.0
0.0
1.2
0.0
0.0
0.0
0.0
0.0
0.0
0.0
0.0
0.0
0.0
0.0
0.0
0.0
0.0
0.0
0.0
0.0
0.0
0.0
0.0
0.0
0.0
0.0
0.0
0.0
0.0
1.2
9.7
0.0
0.3
0.0
0.0
0.0
4.4
2.4
3.3
1.5
1.8
1.1
0.0
0.0
9.5
0.7
0.0
0.0
0.0
5.9
0.0
0.0
0.1
0.0
0.5
1.5
0.9
0.0
0.0
0.0
0.0
0.0
0.0
0.0
0.3
0.0
0.0
0.0
0.0
0.0
0.0
0.0
0.0
0.0
0.0
0.0
0.0
0.0
0.0
0.0
0.0
0.0
0.0
0.0
0.0
0.0
0.0
0.0
0.0
0.0
0.0
0.0
0.0
0.0
0.0
0.0
0.0
0.0
0.0
0.0
0.0
0.0
0.0
0.0
0.0
0.8
0.2
0.0
0.3
0.0
0.0
0.0
0.0
0.0
0.0
0.0
0.0
0.0
0.0
0.0
1.2
1.7
3.4
1.4
7.3
16.2
0.4
0.3
1.1
0.5
4.2
0.0
0.0
0.0
0.7
0.1
0.1
0.0
0.0
0.1
0.4
0.0
0.0
1.5
18.2
9.6
7.9
4.2
0.8
0.0
0.0
1.2
0.7
10.2
2.9
2.5
0.8
2.6
0.8
0.9
3.9
0.8
0.1
1.0
0.9
34.8
68.3
3.8
2.5
42.2
21.1
15.5
0.0
0.8
0.3
0.0
0.2
0.2
0.2
5.5
10.5
16.4
28.4
0.1
0.7
0.9
0.0
0.0
0.0
0.0
0.0
0.0
0.1
0.0
0.0
1.7
1.5
5.5
3.6
11.4
59.7
5.2
4.3
24.6
22.4
52.9
42.7
45.6
1.3
6.5
18.3
2.2
2.1
11.2
7.7
5.4
1.8
3.7
0.4
0.4
1.2
34.2
7.9
25.4
13.2
19.4
14.8
9.0
10.1
10.0
11.3
18.7
19.4
5.8
1.7
5.4
2.0
3.1
14.5
30.2
7.3
0.0
2.7
1.8
0.1
8.8
1.0
0.0
1.4
0.8
0.1
0.5
0.3
0.7
2.0
0.0
0.1
5.6
2.0
6.6
42.5
8.7
1.4
0.0
0.0
0.0
0.4
0.1
0.0
0.1
0.2
0.3
0.2
1.6
0.2
2.9
3.7
4.5
0.7
0.0
1.0
1.2
0.1
0.4
0.4
0.0
0.0
0.7
1.2
3.3
1.2
1.3
0.9
0.5
0.7
0.0
0.1
0.2
0.0
0.0
0.0
0.0
0.2
0.2
0.0
0.0
0.0
0.1
1.1
2.5
0.1
0.0
0.0
0.0
0.0
0.0
0.0
1.0
0.0
0.0
0.0
0.0
0.0
0.0
0.0
0.0
0.0
0.0
0.0
0.0
0.0
0.0
0.0
0.0
0.0
0.0
0.0
0.0
0.0
0.0
0.0
0.0
0.0
0.0
0.0
0.1
0.0
0.8
0.3
0.0
0.5
0.0
0.0
0.0
0.0
0.0
0.0
0.0
0.0
0.0
0.0
0.0
0.0
0.0
0.0
0.0
0.0
0.3
1.8
1.1
1.8
0.0
0.0
0.0
0.0
0.0
0.0
0.0
0.0
0.0
0.0
0.0
0.0
0.0
0.0
0.0
0.0
0.0
0.0
0.0
0.0
0.0
0.0
0.0
0.0
0.0
0.0
0.2
0.0
0.0
0.0
0.2
0.0
0.1
2.8
10.6
0.0
0.0
0.0
0.0
0.0
0.0
0.0
0.0
0.0
0.0
0.0
0.0
0.0
0.0
0.0
0.0
0.0
0.0
0.0
0.0
0.0
0.0
0.0
0.0
0.0
0.0
0.0
0.0
0.0
0.0
0.0
0.0
0.0
0.0
0.0
0.4
0.5
2.1
0.0
0.0
0.0
0.0
5.7
1.3
0.0
0.0
0.0
0.0
0.0
0.0
0.0
0.0
0.0
0.5
0.0
0.0
0.0
0.0
7.7
19.3
21.8
2.1
1.0
0.0
0.1
1.9
1.4
1.3
1.1
0.2
1.8
2.6
0.8
0.9
0.0
0.0
0.0
0.0
0.0
0.0
0.0
0.0
0.2
0.8
0.2
0.0
0.0
0.0
0.0
1.2
0.0
0.0
0.1
2.0
5.5
3.2
1.2
0.6
0.1
2.4
6.6
0.5
2.3
4.4
2.3
11.7
6.1
2.7
0.0
0.2
5.9
1.8
2.2
1.6
0.0
0.0
0.0
0.1
0.0
0.6
4.9
0.0
0.0
0.0
0.0
0.0
0.0
0.0
0.0
0.0
0.0
0.9
1.0
0.7
0.0
0.0
0.0
2.5
0.8
2.3
0.0
16.4
62.3
111.4
12.0
3.1
0.0
0.0
18.6
2.1
2.3
11.6
7.8
5.7
3.4
1.3
1.3
2.4
3.1
4.0
3.6
0.4
2.7
0.0
5.9
14.5
34.8
0.1
0.0
8.8
25.7
21.2
11.7
26.6
34.9
0.0
0.2
3.3
4.1
0.1
2.0
0.3
3.2
2.0
31.7
68.6
1.4
22.3
21.0
6.0
1.2
0.0
0.0
3.4
54.0
10.2
4.1
0.2
9.9
4.3
1.7
0.0
1.8
62.2
52.5
17.1
9.7
7.8
1.7
0.0
7.1
8.4
4.5
0.9
5.0
7.5
9.2
3.8
1.9
0.3
5.9
12.0
21.8
2.7
9.0
0.6
0.8
0.9
1.5
0.0
0.0
0.0
0.0
1.1
0.0
0.0
0.0
0.2
0.1
0.0
0.0
0.0
0.0
0.0
1.0
1.1
0.2
0.6
14.0
1.3
6.8
2.9
0.2
0.0
0.0
0.0
0.0
0.0
0.0
2.4
2.3
0.0
1.4
0.7
0.4
1.0
0.0
0.5
0.0
0.0
0.0
0.0
0.0
0.0
0.0
0.0
0.0
0.0
0.0
0.0
0.0
0.0
0.0
0.0
0.0
0.0
0.0
0.0
0.0
0.0
0.0
0.0
0.0
3.4
0.0
0.0
0.0
0.0
0.0
0.1
0.0
0.0
0.0
0.0
0.0
0.0
0.0
0.0
0.0
0.0
0.2
1.0
0.0
0.0
0.0
0.0
0.0
0.0
0.0
0.0
0.0
0.0
0.0
0.0
0.0
0.0
0.0
0.0
0.0
0.0
0.0
0.0
0.0
0.0
0.0
0.0
0.0
0.0
0.0
0.0
0.0
0.0
0.0
0.0
0.0
0.2
0.0
0.6
0.0
0.0
0.0
0.0
0.0
0.0
0.0
0.0
0.0
0.0
0.0
0.0
0.0
0.0
0.0
0.0
0.0
0.0
0.0
0.0
0.0
0.0
0.0
0.0
0.0
0.0
0.0
0.0
0.0
0.0
0.0
0.0
0.0
0.0
0.0
0.0
0.0
0.0
0.0
0.2
0.1
0.0
0.0
0.0
0.0
0.0
0.0
0.4
0.0
2.6
0.0
0.0
0.1
0.0
17.0
3.0
16.7
17.7
15.7
3.3
0.0
0.4
0.0
0.0
0.0
0.0
0.0
0.0
3.7
2.1
0.0
0.9
0.0
0.0
0.0
0.0
2.9
0.0
0.0
0.0
5.4
2.7
1.5
0.0
0.1
0.0
0.0
0.0
0.0
0.0
0.0
3.2
6.0
0.0
0.0
0.0
0.0
0.1
9.5
15.7
10.4
0.6
0.0
0.0
0.4
0.1
1.3
1.7
0.8
1.9
0.0
0.1
2.0
8.7
17.4
6.5
0.9
0.5
0.2
1.0
12.2
1.4
2.9
1.6
2.7
0.0
0.0
0.4
0.0
0.0
0.0
1.2
0.0
0.3
0.0
0.0
0.0
1.7
2.9
5.7
4.5
1.6
14.5
39.9
7.0
0.2
0.0
0.0
0.0
1.7
2.6
6.1
3.7
0.5
9.1
32.4
19.9
16.8
0.1
0.0
1.0
0.0
1.4
0.5
0.0
0.0
3.3
1.8
5.2
14.9
6.4
3.5
0.0
14.0
22.8
12.0
0.5
0.0
0.0
3.1
4.8
17.8
39.2
7.6
0.0
1.8
4.1
3.7
0.0
0.5
0.0
0.0
0.0
0.0
0.4
0.0
2.4
32.7
10.1
1.8
2.1
0.7
7.6
0.0
0.0
2.1
0.5
5.5
2.1
0.6
0.5
0.1
19.8
22.5
6.5
0.0
0.0
0.8
1.1
0.0
0.0
0.0
1.6
19.5
15.7
1.7
10.9
0.4
0.0
1.5
1.8
2.6
0.0
2.6
0.6
1.9
10.0
3.4
0.3
0.0
0.0
1.5
0.0
0.0
0.0
0.0
0.0
0.0
0.0
0.2
0.0
2.3
0.0
0.0
0.0
2.7
3.3
0.3
1.3
0.4
0.0
10.5
1.8
1.1
0.2
0.0
0.0
0.0
0.0
0.0
0.0
0.0
0.0
0.0
0.0
0.0
19.9
0.6
0.0
0.0
0.8
0.1
0.0
0.0
0.0
0.0
0.0
0.2
0.0
0.2
0.0
0.0
2.9
0.6
0.0
3.1
2.5
0.1
0.6
0.0
0.0
0.0
0.0
0.0
0.0
0.0
0.0
0.0
0.0
0.0
0.0
0.0
0.3
0.1
0.0
0.8
0.0
0.0
0.0
0.0
0.0
0.0
0.0
0.0
0.0
0.0
0.0
0.0
0.0
0.0
0.0
0.0
0.0
0.0
0.0
0.0
0.0
0.0
0.0
0.0
0.0
0.0
0.0
0.0
0.5
0.0
0.0
0.0
0.0
0.0
0.0
0.0
0.0
0.0
0.0
0.0
0.0
0.0
0.0
0.0
0.0
0.0
0.0
0.0
0.0
0.0
0.0
0.0
0.0
0.0
0.0
0.0
0.0
0.0
0.0
0.0
0.0
0.0
0.0
0.0
0.0
0.0
0.0
0.0
0.0
0.0
0.0
0.0
0.3
0.0
0.0
0.0
0.0
2.3
0.0
0.0
0.0
0.0
0.0
0.2
0.5
0.0
0.0
0.0
0.4
0.0
0.5
0.0
0.0
0.0
0.0
0.0
0.0
0.0
0.0
0.0
0.0
0.0
0.0
0.0
0.0
0.0
0.4
0.1
0.0
0.0
1.2
0.0
0.0
0.0
0.0
0.0
0.0
0.0
0.1
0.4
0.0
0.0
3.4
0.0
0.0
0.0
0.0
0.0
2.3
2.2
0.1
0.1
4.1
2.1
0.0
0.8
2.0
0.0
1.1
1.0
1.1
0.0
0.0
0.3
2.9
0.0
0.0
0.0
0.0
0.0
0.0
0.1
0.7
0.2
0.1
0.8
5.3
0.0
0.0
0.0
0.0
0.0
0.0
0.2
0.0
0.0
0.6
7.0
30.2
8.8
0.4
0.0
0.0
0.0
0.0
0.0
0.0
6.2
4.9
9.6
15.1
5.1
5.0
6.0
2.4
4.2
5.0
0.0
0.0
0.0
0.0
0.0
0.0
4.4
0.0
0.0
0.0
0.0
0.0
1.5
1.1
2.4
3.8
5.9
2.9
2.3
0.6
1.0
3.7
2.5
1.0
4.0
9.5
0.5
0.1
0.2
1.8
3.3
0.8
3.0
1.9
1.8
7.8
7.8
0.0
2.0
2.1
2.7
1.2
8.7
0.0
0.1
1.8
2.9
3.3
4.7
8.1
2.0
1.4
12.0
25.8
0.0
0.0
0.8
1.9
0.1
0.9
1.0
0.0
1.3
0.2
0.0
0.0
0.2
0.0
0.0
0.0
0.0
7.3
3.2
0.1
37.7
0.0
0.2
0.0
7.2
10.3
3.0
0.0
0.0
0.0
0.0
0.7
0.3
3.8
0.2
0.9
29.6
8.7
16.3
4.9
0.0
0.7
0.0
1.9
3.2
12.8
12.0
0.0
1.8
0.0
1.8
1.1
0.0
0.0
0.0
0.0
0.5
0.0
0.6
0.0
0.0
0.3
0.0
0.0
0.0
0.0
0.0
0.0
0.6
0.0
0.5
7.2
0.9
0.0
0.0
0.0
0.0
0.0
7.8
0.9
0.0
0.1
0.0
0.0
0.0
0.0
0.0
4.8
0.0
0.0
0.0
0.0
0.0
0.0
0.0
0.0
0.0
0.0
0.0
0.0
0.0
0.0
0.0
0.0
0.0
0.0
0.0
0.0
0.0
0.0
0.1
0.0
0.0
0.0
0.0
0.0
0.2
0.0
0.0
2.0
0.0
0.0
0.0
0.0
0.0
0.0
0.0
0.7
0.4
0.0
0.0
0.0
0.0
0.0
0.0
0.0
0.0
0.0
0.0
0.0
0.0
0.0
0.0
0.0
0.0
0.0
0.0
0.0
0.0
0.0
0.0
0.0
0.0
0.0
0.0
0.0
0.0
0.0
0.0
0.0
0.0
0.0
0.0
0.0
0.0
0.0
0.0
0.0
0.0
0.0
0.0
0.0
0.0
0.0
0.0
0.0
0.0
0.0
0.0
0.0
0.0
0.0
0.0
0.4
1.3
0.2
0.0
0.0
0.0
0.0
0.0
0.0
0.0
0.0
0.0
0.0
0.0
0.0
0.0
0.0
0.0
0.0
0.0
0.0
0.6
5.0
0.0
0.0
0.6
1.4
0.0
0.0
0.0
1.9
0.1
0.0
0.4
3.1
0.0
0.4
0.0
0.0
0.0
2.9
4.4
0.0
11.1
0.2
10.5
20.1
0.4
0.0
0.0
0.0
1.7
0.0
0.0
0.0
0.0
0.0
0.5
0.4
0.1
0.0
0.2
1.1
1.6
0.0
0.5
0.0
0.0
0.0
0.0
0.0
0.0
0.0
0.5
0.2
0.0
0.0
0.0
0.0
0.0
0.1
3.0
4.1
2.6
0.0
0.0
0.0
0.0
2.2
7.7
0.0
0.6
2.1
11.9
0.3
0.2
5.0
1.4
12.2
12.8
8.0
0.3
0.8
0.0
5.2
1.3
0.0
1.9
0.0
0.0
0.0
0.0
6.3
0.0
0.0
0.0
0.0
0.0
3.1
4.0
0.0
4.8
3.2
0.0
0.0
5.2
10.0
0.2
0.0
0.0
0.6
0.2
0.3
0.0
0.0
0.0
0.5
0.0
2.2
0.3
2.1
0.0
0.0
0.1
1.5
0.7
0.2
1.4
6.5
5.7
0.9
0.0
1.5
2.3
5.8
8.2
17.6
31.7
23.3
7.2
12.3
43.4
24.5
2.2
3.5
6.7
2.5
1.8
1.9
4.0
0.0
0.0
1.0
10.1
6.5
0.4
1.4
13.5
25.3
20.3
44.2
29.2
1.6
7.0
2.8
36.8
19.9
26.2
12.3
7.6
45.1
5.8
3.6
20.9
0.0
0.5
0.0
0.0
0.0
2.8
15.7
27.5
48.1
14.2
12.0
5.4
0.4
1.6
2.6
0.0
7.1
1.3
0.2
1.4
1.0
4.3
1.0
0.0
0.0
0.0
0.0
0.0
0.2
0.0
0.4
16.4
0.2
3.8
7.1
0.5
0.2
0.2
9.4
9.1
0.0
0.0
0.0
2.7
1.6
0.0
0.0
0.0
0.0
0.6
0.0
0.0
0.0
0.0
0.5
1.2
1.6
0.3
1.9
0.0
0.0
0.0
0.0
0.0
0.0
0.0
1.7
0.0
0.0
0.0
0.0
0.0
0.0
0.1
0.0
0.0
0.2
0.3
0.0
0.0
0.0
0.0
0.0
0.0
0.0
0.0
0.0
0.0
0.0
0.0
0.0
0.0
0.0
0.0
0.0
0.0
0.0
0.0
0.0
0.0
0.0
0.8
0.0
0.0
0.0
0.0
0.0
0.0
0.0
0.0
0.0
0.0
0.0
0.0
0.0
0.0
0.0
0.0
0.0
0.0
0.0
0.0
0.0
0.0
0.0
0.0
0.0
0.0
0.0
0.0
0.0
0.0
0.0
0.0
0.0
0.0
0.0
0.0
0.0
0.0
0.0
0.0
0.0
0.0
0.0
0.0
0.0
0.0
0.0
0.0
0.0
0.0
0.0
0.0
0.0
0.0
0.0
0.0
0.0
0.0
0.0
0.0
0.0
0.0
0.0
0.0
0.0
0.0
0.0
0.0
0.0
0.0
0.0
0.0
0.0
0.0
0.0
0.0
0.0
0.0
0.0
0.0
0.0
0.0
0.0
0.0
0.0
0.0
0.0
0.4
0.0
6.2
0.0
0.0
0.0
0.0
0.0
0.0
0.1
0.0
0.0
0.0
0.0
5.1
1.3
4.1
10.3
0.0
0.0
0.0
0.3
0.0
0.0
0.0
0.0
2.0
0.2
0.0
0.0
0.0
0.0
0.0
0.1
0.0
0.8
0.3
0.0
2.1
2.5
0.0
0.0
0.0
0.0
0.0
0.0
1.6
5.6
0.9
0.0
0.0
0.0
0.0
0.0
0.0
0.0
0.0
0.0
0.0
0.0
0.0
0.0
0.0
0.0
0.0
0.0
0.0
0.0
0.0
0.0
0.0
0.0
0.0
0.0
0.0
0.0
0.0
0.0
0.0
0.2
2.9
0.8
0.9
0.3
4.3
4.8
5.4
16.4
14.5
15.8
14.0
3.0
2.5
12.2
0.0
0.0
0.0
1.0
0.0
0.0
0.0
0.0
0.0
0.0
0.0
0.5
0.3
0.0
0.0
0.0
0.4
3.2
9.4
3.0
0.9
4.3
4.9
4.2
0.1
0.0
0.7
2.2
0.0
1.2
0.0
4.2
0.8
4.7
24.5
40.8
5.6
2.8
52.1
37.5
26.2
12.7
14.3
25.6
6.1
0.1
3.2
10.3
15.5
14.4
1.8
1.0
16.7
2.0
9.5
4.5
30.0
0.0
4.6
4.7
30.8
19.5
0.3
3.6
1.4
0.1
0.9
0.8
13.5
38.7
19.7
22.1
1.4
27.0
60.8
80.9
64.4
11.8
2.0
46.6
1.4
18.4
0.0
20.3
4.4
16.5
18.7
24.5
18.6
13.8
0.0
1.5
3.3
34.0
6.8
12.1
12.0
10.8
33.4
15.3
1.2
2.7
12.8
0.1
3.7
0.6
0.0
0.0
2.0
0.3
0.0
0.5
0.5
0.0
0.0
0.0
1.0
0.8
0.5
2.2
4.3
0.6
1.6
0.6
0.0
0.0
0.2
1.2
1.0
1.0
9.9
0.0
0.1
0.3
0.0
0.0
0.0
0.0
0.0
0.0
0.0
0.0
0.0
0.0
0.0
0.0
0.0
0.0
0.0
0.0
0.0
0.0
0.0
0.0
0.0
0.0
1.1
1.2
2.8
1.0
0.8
5.6
7.7
0.0
0.2
0.0
0.0
0.0
0.0
0.0
0.0
0.0
0.0
0.0
0.0
0.0
0.0
0.0
0.0
0.0
0.0
0.0
0.0
0.0
0.0
0.0
0.0
0.0
0.0
0.0
0.0
0.0
0.0
0.0
0.0
0.0
0.0
0.0
0.0
0.0
0.0
0.0
0.0
0.0
0.0
0.0
0.0
0.0
0.0
1.4
0.0
0.0
5.1
0.0
0.0
0.0
0.0
0.0
0.0
0.0
0.0
0.0
0.0
0.0
0.0
0.0
0.0
0.0
0.0
0.0
0.0
0.0
0.0
0.0
0.0
0.0
0.0
0.0
0.0
0.0
0.0
0.0
0.0
0.0
0.0
0.0
0.0
0.0
9.8
0.0
0.3
0.0
0.0
0.0
0.0
0.0
0.0
0.0
0.0
0.0
0.0
0.0
0.0
0.0
0.0
0.0
0.0
0.0
0.0
0.0
0.0
0.0
0.0
0.0
0.0
0.0
nan
0.0
0.0
0.0
0.0
0.0
0.0
0.0
0.0
0.0
0.0
2.3
0.0
0.0
0.0
0.0
0.0
0.0
0.0
0.0
0.0
0.0
0.0
0.0
2.8
0.0
0.7
0.5
0.0
0.0
0.0
0.1
0.0
0.0
0.0
0.0
0.0
0.0
0.0
0.0
0.0
0.5
9.8
2.4
18.9
0.5
0.0
0.1
0.0
0.0
0.1
0.6
0.0
1.9
5.1
1.8
1.1
0.8
22.5
5.9
3.9
0.1
0.4
0.3
0.3
2.2
0.9
0.3
5.8
0.0
0.0
0.0
0.0
0.0
0.0
0.0
0.3
0.2
0.0
3.2
6.3
10.0
15.7
11.2
0.7
3.5
3.4
6.7
1.6
0.0
0.1
0.0
1.9
0.0
0.1
0.0
0.0
0.0
0.0
0.3
3.8
2.0
1.9
0.0
0.0
1.6
5.6
2.0
0.2
4.0
14.4
1.0
3.9
8.0
0.5
1.6
11.5
15.7
14.7
3.3
1.6
0.0
2.0
2.5
0.0
0.3
0.0
2.3
10.9
11.5
0.5
2.6
13.6
2.1
0.1
0.0
7.3
1.3
30.3
14.8
0.0
7.1
0.0
0.0
0.0
1.1
0.0
0.0
0.1
0.0
0.0
0.0
0.1
0.0
0.0
1.7
5.7
21.0
5.9
2.1
0.9
3.0
1.3
0.1
39.2
14.0
5.1
7.3
28.6
6.7
0.0
0.3
5.8
22.5
8.2
0.9
11.5
7.8
21.1
6.9
4.8
1.2
4.2
0.5
0.0
4.9
5.4
23.1
0.0
10.2
6.2
5.5
13.5
1.3
0.7
6.8
4.5
1.1
0.0
1.4
1.2
1.5
0.5
2.2
0.6
9.5
2.8
3.2
7.4
5.5
1.9
0.0
0.3
0.7
6.4
0.8
0.0
0.3
9.6
0.6
0.4
0.1
0.0
0.0
0.0
0.0
0.0
0.0
0.0
0.4
7.9
0.1
0.1
0.0
0.0
0.0
5.0
0.0
0.0
0.0
0.0
0.0
1.1
0.3
0.0
0.0
0.0
0.0
0.0
0.0
0.0
0.7
0.0
5.3
1.8
0.0
0.0
0.0
0.9
0.0
0.0
0.0
0.0
0.0
0.2
0.0
0.0
0.0
0.0
0.0
0.0
0.0
0.0
0.0
0.0
0.0
0.0
0.0
0.0
0.0
0.0
0.0
0.0
0.0
0.0
0.0
0.0
0.6
0.7
1.2
0.2
0.0
0.0
0.0
0.0
0.0
0.0
0.0
0.0
0.3
1.3
0.0
0.0
0.0
0.0
0.0
0.0
0.0
0.0
0.0
0.0
0.0
0.0
0.0
0.0
0.2
0.0
0.0
0.0
0.0
0.0
0.0
0.0
0.0
0.0
0.0
0.0
0.0
0.0
0.0
0.0
0.0
0.2
0.0
0.0
0.0
0.0
0.0
0.0
0.0
0.0
0.0
0.0
0.0
0.0
0.0
0.0
0.0
0.0
1.6
0.0
0.0
0.0
0.0
0.2
0.0
0.0
3.2
0.0
0.0
0.0
0.0
0.0
0.0
0.0
0.0
0.0
0.0
0.0
0.0
0.0
0.0
7.4
0.2
0.0
7.1
0.0
0.0
0.0
0.0
0.0
0.0
2.2
21.6
0.3
1.1
2.6
12.2
0.2
0.0
0.0
0.0
0.0
0.0
0.0
0.2
0.0
0.0
0.0
0.0
0.0
0.4
17.4
0.3
5.0
10.4
4.1
3.7
1.5
0.1
0.3
3.8
0.0
0.0
0.0
0.0
0.1
8.9
0.7
3.1
4.0
11.3
0.0
0.2
0.3
0.0
0.0
0.0
0.0
0.0
0.0
0.0
0.0
0.0
0.0
0.0
0.0
0.4
1.0
0.4
1.2
0.0
0.6
0.0
0.0
0.0
0.4
0.0
0.0
0.0
0.8
0.4
5.4
4.4
0.2
0.0
0.8
1.9
5.8
7.4
5.8
0.5
0.3
0.6
15.1
6.0
8.2
6.4
0.2
0.8
3.0
2.9
11.5
9.7
6.3
0.1
0.0
0.0
1.4
4.9
6.0
2.6
2.7
12.4
36.4
80.2
49.8
22.0
5.2
5.0
5.5
11.7
2.3
4.0
5.9
3.2
1.3
0.8
0.9
6.2
2.0
2.4
13.8
59.0
58.1
13.8
44.5
20.6
39.7
43.1
4.3
16.2
27.1
22.2
113.8
10.5
59.3
10.0
8.8
1.9
7.9
19.4
2.5
4.4
16.6
2.4
26.2
6.8
31.5
0.0
37.6
21.3
0.4
12.0
65.1
5.2
19.2
1.5
17.8
3.0
1.5
0.0
3.9
7.4
17.5
19.9
62.0
36.9
64.1
95.2
83.7
3.8
0.4
12.4
12.8
24.2
5.5
7.5
13.4
4.6
29.1
12.8
32.2
5.4
0.0
0.0
0.7
1.1
0.3
2.8
0.0
1.4
4.2
5.8
12.7
2.4
10.4
5.1
18.8
0.5
0.0
3.0
0.0
0.0
0.0
0.0
0.0
1.0
0.4
0.6
0.3
0.0
0.2
0.1
11.5
1.1
0.3
0.7
0.5
5.6
3.2
0.0
1.2
2.1
4.9
0.0
0.5
0.6
0.0
0.0
0.0
0.0
0.0
0.0
0.0
0.0
0.8
2.1
0.5
0.2
0.8
0.0
0.0
0.2
0.0
1.7
0.0
0.0
0.0
2.6
2.3
0.0
1.3
0.0
0.0
0.0
0.0
0.0
0.0
0.0
0.0
0.0
0.0
0.0
0.0
0.0
0.0
1.6
0.0
0.2
0.0
0.0
0.0
0.0
0.0
0.0
0.0
0.0
0.0
0.0
0.0
0.0
0.0
0.3
0.2
0.0
0.0
0.0
0.0
0.0
0.8
0.0
0.0
0.2
0.0
0.0
0.0
0.2
0.0
1.9
0.1
0.0
0.0
1.7
0.0
0.0
0.0
0.3
1.7
0.0
0.0
0.0
4.2
0.0
0.0
0.0
0.0
0.0
2.3
0.0
0.0
0.0
0.0
0.4
0.0
0.0
0.0
0.0
0.0
0.0
0.0
0.0
0.0
0.0
0.0
0.0
0.0
0.0
0.0
0.0
1.6
0.6
0.5
0.0
0.0
0.0
0.0
0.0
0.0
0.0
0.0
0.0
0.6
15.0
0.0
0.0
0.0
0.0
0.3
0.0
0.0
0.9
0.3
5.3
3.4
0.1
0.0
2.8
0.0
0.0
0.0
0.4
0.0
1.3
0.0
0.0
0.0
5.8
13.2
7.3
2.2
0.0
0.8
3.5
1.0
5.6
6.6
1.2
0.8
13.4
5.1
0.6
0.0
0.0
0.7
0.0
0.0
0.0
0.0
0.0
0.0
0.0
0.7
1.3
3.6
0.4
0.0
7.9
1.3
2.4
1.3
1.8
1.2
0.5
0.3
0.0
0.2
0.3
0.2
1.3
0.0
0.0
0.0
0.2
0.2
0.0
4.2
5.8
0.0
0.0
0.0
1.5
1.2
0.7
2.6
4.6
1.7
0.8
0.0
0.0
0.0
0.0
4.1
0.0
0.0
0.2
0.3
0.0
2.9
9.1
14.7
8.9
4.8
3.3
5.1
8.3
18.3
5.7
19.8
50.5
41.1
1.4
0.4
3.5
11.0
11.7
26.1
9.6
7.4
10.2
0.4
3.6
5.2
33.2
23.2
3.2
3.5
11.3
7.8
4.7
0.6
0.4
3.9
8.1
0.5
0.5
8.5
36.5
38.7
4.5
50.8
3.5
21.0
0.9
0.5
37.0
23.4
6.8
3.8
9.6
3.5
13.9
0.0
0.6
5.1
8.2
11.0
0.2
2.1
0.3
1.4
5.3
6.8
27.2
54.8
31.1
17.0
1.0
2.0
18.8
9.4
13.0
3.6
12.9
55.8
38.6
15.2
18.6
11.3
1.5
6.9
5.5
18.2
5.7
0.0
0.0
0.0
5.7
5.3
2.2
7.1
18.2
0.4
12.2
7.6
24.9
3.3
6.9
0.1
0.0
0.0
0.2
0.5
1.5
6.5
8.4
5.4
2.2
1.4
0.9
0.0
1.6
5.6
0.4
41.5
5.9
13.5
1.8
1.9
0.0
0.0
0.0
0.0
0.0
0.3
0.2
1.0
2.7
3.3
1.3
2.7
0.0
0.0
0.0
0.0
0.0
0.0
1.4
1.6
0.7
0.0
0.0
3.8
15.8
0.0
0.0
0.0
0.0
0.0
0.1
0.0
0.0
0.0
0.0
0.0
0.3
0.0
0.0
0.0
0.0
0.0
0.0
0.0
0.0
1.3
0.0
0.4
0.0
5.0
0.0
0.0
0.0
0.0
0.0
nan
0.0
0.0
0.0
1.2
0.0
0.0
0.0
0.0
0.0
0.0
0.0
0.2
0.0
0.0
0.0
0.0
0.0
0.0
0.0
0.0
0.0
0.0
0.0
0.0
0.0
0.0
0.0
0.0
0.0
0.0
0.0
0.0
0.0
0.3
0.0
0.0
0.0
0.0
0.0
0.0
0.0
0.0
0.0
0.0
0.0
0.0
0.0
0.2
3.6
0.0
0.0
2.1
0.0
0.0
0.0
0.0
0.0
0.0
0.0
0.0
0.0
0.0
0.0
0.0
0.0
0.0
0.0
0.0
0.0
0.0
0.2
1.4
0.1
0.0
0.0
0.0
0.0
0.0
0.0
0.0
0.0
0.0
0.0
0.0
0.0
0.0
0.0
0.0
0.0
0.0
0.0
0.0
0.0
0.0
0.0
0.0
3.6
0.0
0.0
0.0
0.0
0.0
0.0
0.0
0.0
0.0
0.0
0.0
0.0
0.0
0.0
0.0
0.4
0.0
0.0
0.0
0.0
0.0
0.0
0.0
0.0
1.1
0.0
1.4
0.0
0.0
0.0
0.0
0.0
0.0
0.0
0.0
0.0
0.0
0.8
0.0
0.0
0.0
0.0
0.0
0.0
0.0
0.0
0.0
3.7
2.6
1.3
1.0
0.0
2.7
3.7
0.9
0.3
0.3
3.6
0.0
1.7
1.6
0.5
0.0
0.6
0.1
0.7
0.2
0.7
0.6
0.0
0.0
0.0
14.5
21.8
8.1
0.0
5.3
0.7
1.4
1.9
10.8
21.4
0.0
0.0
3.5
1.2
0.3
2.6
1.4
0.4
0.0
18.6
0.0
2.7
0.5
10.3
9.4
18.4
16.8
2.3
0.0
0.0
0.3
0.0
0.2
0.8
0.0
0.0
1.0
4.9
6.7
8.2
1.8
1.6
1.4
0.0
0.0
0.0
0.0
0.2
0.8
1.5
11.4
145.2
0.8
4.2
16.2
0.9
3.5
0.0
1.4
1.3
31.5
8.0
0.0
0.3
1.0
2.4
2.2
3.8
23.8
11.0
36.0
14.0
11.8
0.2
3.2
0.2
1.8
0.4
1.4
2.6
0.9
5.0
9.4
2.5
1.0
58.4
5.7
0.5
9.3
0.7
3.7
1.0
1.2
0.0
2.2
19.4
0.4
0.3
4.0
4.3
0.0
1.6
4.7
28.6
62.9
36.9
15.2
0.7
11.3
21.4
1.8
2.4
2.4
1.7
3.6
9.9
15.3
2.9
0.5
1.2
0.0
1.1
1.7
3.9
0.2
0.8
0.0
0.2
1.8
6.3
11.0
5.1
10.1
11.3
6.8
0.3
3.2
16.2
2.0
0.8
1.3
0.1
0.0
0.4
0.0
0.0
0.0
0.0
0.0
0.0
0.0
0.0
0.0
3.0
1.3
9.4
1.3
0.0
0.0
0.0
0.0
0.0
0.0
0.0
0.0
0.0
1.6
0.6
0.0
0.0
0.0
0.0
0.0
0.0
1.0
0.0
0.0
0.0
0.0
0.4
0.0
0.0
0.0
4.3
0.4
0.2
0.0
0.0
0.3
0.0
0.2
0.0
0.0
0.0
0.0
0.0
0.0
0.0
0.0
0.0
0.0
0.0
0.0
0.0
0.0
0.0
0.0
0.0
2.4
1.3
0.0
0.0
0.0
0.0
0.0
0.0
0.0
0.0
0.0
0.0
0.0
0.0
0.0
0.0
0.0
0.0
0.0
0.3
0.0
0.0
0.4
0.0
0.0
0.0
0.0
0.0
0.0
0.0
0.0
0.0
0.0
0.0
0.0
0.0
0.0
0.0
0.0
0.0
0.0
0.0
0.0
0.0
0.0
0.0
0.0
0.0
0.0
0.4
0.4
0.2
0.0
0.0
0.0
0.0
0.0
0.0
0.0
0.0
0.0
0.0
0.0
0.0
0.6
0.0
2.0
1.0
0.0
0.0
0.0
0.0
0.0
0.0
0.0
0.0
0.0
0.0
0.0
0.0
0.0
0.0
0.0
0.0
0.0
0.0
0.0
0.0
0.0
0.0
0.0
0.0
0.0
0.0
0.0
0.0
0.0
0.4
15.4
1.0
0.0
0.0
0.0
0.0
0.0
0.0
0.0
0.0
0.0
0.0
0.0
0.1
0.0
0.0
0.0
0.0
0.0
0.0
0.0
0.0
0.0
0.0
7.1
1.5
3.1
0.0
8.4
0.9
0.0
0.0
0.0
0.0
0.0
0.0
0.0
0.0
0.0
0.0
0.0
0.0
0.0
0.0
0.0
0.0
0.0
0.0
0.0
0.7
1.3
0.0
1.5
0.0
0.0
0.0
0.0
0.0
0.0
0.0
0.0
0.0
0.0
0.9
1.8
3.8
7.0
4.4
1.7
2.4
7.5
21.5
7.2
10.6
0.0
0.0
0.0
0.0
3.6
2.5
4.9
0.6
2.6
0.1
0.2
0.4
0.0
0.0
0.0
0.7
28.8
3.6
19.2
12.6
0.1
0.0
1.3
0.7
3.7
0.3
0.5
10.7
16.4
1.3
2.8
1.8
2.0
0.7
5.1
4.6
31.2
47.8
20.5
14.2
13.0
18.1
13.2
38.5
0.5
8.5
2.4
0.0
0.0
0.0
0.0
0.0
1.0
2.0
0.6
0.0
0.4
1.0
0.8
0.0
0.0
0.0
0.0
3.4
1.1
8.9
1.4
0.0
0.0
1.4
0.0
0.0
0.0
0.0
0.0
0.3
0.4
1.7
9.6
2.3
0.5
5.8
10.1
0.5
0.6
0.0
0.0
0.4
1.7
15.0
0.0
1.6
0.8
5.2
5.3
6.7
10.6
25.1
44.7
4.0
3.8
2.3
4.0
41.3
20.1
2.6
14.4
16.9
2.9
7.6
6.6
5.4
6.1
5.3
19.6
22.8
1.0
11.7
10.1
1.7
0.8
0.0
0.0
0.0
0.0
0.2
0.0
0.0
0.0
0.0
1.8
13.9
3.5
0.5
2.6
0.0
0.0
0.0
0.0
0.0
0.0
4.3
0.0
0.0
0.0
18.8
9.2
0.0
0.2
0.0
0.0
0.0
3.0
2.0
0.2
0.0
0.0
0.0
0.0
0.0
0.0
0.0
0.0
0.0
0.0
0.0
0.0
1.4
0.4
0.2
0.0
0.0
0.0
0.0
0.0
1.8
0.0
0.0
0.0
0.0
0.0
1.6
0.5
0.0
0.7
0.0
0.0
0.0
0.0
0.0
4.8
0.8
0.7
0.0
6.1
2.7
0.0
0.1
0.0
0.0
0.0
0.0
0.0
0.0
0.0
0.0
0.0
0.0
0.0
0.0
0.9
0.0
0.0
0.0
0.0
0.0
0.0
0.0
0.0
0.0
0.0
0.0
0.0
0.0
0.0
0.0
0.0
0.0
0.0
0.0
0.0
0.0
0.0
0.2
0.0
0.0
0.0
0.0
0.0
0.0
0.5
0.0
0.0
0.0
0.2
0.0
0.0
0.0
0.0
2.3
0.3
4.5
5.0
0.0
0.0
0.0
0.0
0.0
0.0
0.1
0.2
0.0
0.0
0.0
0.0
0.0
3.0
0.7
0.5
0.0
0.0
0.0
0.0
0.3
2.6
0.0
0.0
2.6
2.3
7.7
0.0
4.4
0.0
0.0
0.0
0.0
0.0
0.0
0.0
0.0
0.0
0.0
0.0
0.0
0.0
0.0
0.0
0.0
1.6
5.5
1.0
19.2
0.0
0.0
0.0
0.0
0.0
0.0
0.0
5.0
1.4
9.1
1.5
7.0
2.0
0.1
1.1
1.3
0.0
0.0
0.0
0.0
0.0
0.0
0.0
0.0
0.0
8.1
1.9
2.5
3.9
7.9
5.9
0.7
4.1
3.7
0.0
0.0
0.0
0.0
0.0
7.7
2.0
6.6
5.1
1.0
0.3
4.2
10.1
12.0
1.6
2.4
2.1
4.1
4.2
0.0
0.0
3.4
7.8
0.0
1.0
10.1
8.1
4.6
10.6
2.3
12.0
8.9
11.7
23.6
9.3
24.6
25.0
2.5
13.8
3.7
1.8
0.9
8.8
3.5
4.8
10.1
11.2
5.3
15.8
11.6
7.4
5.2
1.6
7.6
5.6
5.2
5.3
4.9
7.7
15.1
17.8
9.9
4.2
3.1
2.7
4.9
2.8
26.1
29.2
20.3
21.8
26.2
72.0
25.5
14.4
42.0
10.1
4.8
23.0
32.6
46.9
64.5
3.4
0.2
13.0
49.8
21.5
29.7
3.0
0.0
0.0
0.0
1.8
32.8
1.9
0.0
0.0
0.0
0.0
0.0
0.0
0.0
0.0
0.0
2.5
24.5
41.7
46.3
17.8
2.2
15.4
36.0
8.0
9.1
7.0
4.7
0.4
0.3
0.0
2.3
0.0
1.1
7.4
6.3
0.9
1.0
63.2
33.5
11.0
17.8
34.4
0.7
6.4
0.0
0.0
0.0
0.0
24.7
12.1
2.1
4.1
3.8
0.0
1.8
0.6
7.2
14.3
9.6
0.5
9.2
6.8
0.5
0.0
0.0
2.5
0.7
1.2
0.0
0.0
0.2
1.1
0.0
3.3
0.3
0.0
0.6
0.6
0.5
1.7
1.3
0.2
0.5
0.0
0.0
0.0
0.0
0.0
0.0
0.0
0.0
0.0
0.0
0.0
0.0
0.4
0.0
0.0
0.0
0.0
0.0
0.0
0.0
0.0
0.0
0.0
0.0
0.0
0.0
0.2
0.0
1.9
0.0
0.0
0.6
0.0
0.4
0.0
0.0
0.0
0.4
0.0
0.0
0.0
0.0
0.0
0.0
0.0
0.0
0.0
0.0
0.0
0.0
0.0
0.0
0.0
0.0
0.0
0.0
0.0
0.0
0.0
0.0
0.0
0.0
0.0
0.0
0.0
0.0
0.2
0.0
0.0
0.0
0.0
0.0
0.0
0.0
0.0
0.0
0.0
0.0
0.0
0.0
0.0
0.0
0.0
0.0
0.0
0.0
0.0
0.0
0.0
0.0
0.0
0.0
0.0
1.7
1.2
0.1
0.0
0.0
0.0
0.0
0.0
0.0
0.0
0.0
0.0
0.0
0.0
0.0
0.0
0.5
0.0
0.0
0.0
0.0
0.5
0.0
0.0
0.0
0.0
0.0
0.0
0.0
0.0
0.0
0.2
0.0
0.0
0.0
0.0
0.0
0.0
0.0
0.0
0.0
1.3
0.0
0.0
1.4
0.0
0.0
15.2
0.2
0.0
0.0
0.0
7.2
15.6
0.3
0.7
0.2
6.9
0.3
0.0
8.3
2.5
0.0
0.0
0.0
0.0
0.6
22.0
0.0
0.0
0.3
0.2
0.3
5.3
21.5
23.0
0.2
0.4
16.1
2.1
0.0
0.0
14.2
5.8
0.0
0.0
0.0
0.5
0.2
0.6
0.5
1.3
0.7
20.3
0.0
3.5
0.3
0.0
0.0
0.0
2.6
0.0
0.0
0.0
0.0
0.5
0.8
0.4
0.0
3.6
1.8
0.0
0.0
0.0
0.0
0.0
0.0
0.0
0.0
5.5
0.4
0.1
0.1
4.8
1.1
0.5
0.1
0.6
0.3
0.0
0.0
0.0
0.2
0.0
0.0
0.0
0.0
0.0
0.0
0.0
0.0
2.9
2.5
2.8
2.3
5.1
2.7
0.4
0.0
0.4
0.9
6.9
17.1
9.8
6.5
1.3
2.2
0.5
0.0
0.6
0.8
5.8
3.2
13.6
4.8
13.0
4.8
7.4
5.5
1.9
0.0
0.0
0.0
0.0
0.0
0.0
0.0
5.7
1.7
0.5
0.0
0.3
1.1
0.2
0.0
0.2
1.1
0.0
3.9
4.3
1.4
1.5
0.8
1.2
4.6
0.0
0.0
0.0
1.2
4.9
5.1
8.4
18.5
3.0
7.0
28.2
26.2
20.0
10.1
0.0
0.8
1.1
3.0
2.3
21.5
7.2
0.2
0.2
0.7
0.0
0.6
8.5
0.4
0.0
1.9
5.5
0.2
0.6
0.0
6.5
2.0
0.4
0.0
0.0
0.0
0.0
0.8
0.0
9.5
0.0
0.4
0.5
0.0
0.0
0.0
2.7
1.0
0.5
0.0
0.0
0.0
0.0
0.0
1.7
12.7
17.1
0.2
0.0
17.4
6.3
1.8
0.9
1.7
2.6
3.8
1.3
1.0
0.0
2.5
7.1
0.0
1.1
4.8
0.7
2.8
0.2
0.5
3.3
3.1
18.2
4.2
0.0
0.0
0.0
0.0
0.0
0.0
0.0
0.0
0.0
0.0
0.0
0.0
0.0
0.0
0.0
0.0
0.0
0.0
0.0
0.0
0.0
0.0
0.0
0.0
0.0
0.0
0.0
0.0
0.0
0.0
0.0
0.0
0.0
0.8
0.0
0.0
2.7
1.5
0.0
0.0
0.0
0.0
0.0
0.0
0.0
0.0
0.0
0.0
0.0
0.0
0.0
0.0
0.0
0.0
0.0
0.0
0.0
0.0
0.0
0.0
0.0
0.0
0.0
0.0
0.0
0.0
0.0
0.0
0.0
0.0
0.4
7.6
0.0
0.0
0.1
0.0
0.0
0.0
0.0
0.0
0.0
0.0
0.0
0.1
0.2
0.0
0.0
0.0
0.0
0.0
0.0
0.0
0.0
0.0
0.0
0.0
0.0
0.0
0.0
0.0
0.0
0.0
0.0
0.0
0.0
0.0
0.0
0.0
0.0
1.2
0.0
0.0
0.0
0.0
0.0
0.0
0.0
0.0
0.0
0.0
0.9
4.0
0.2
0.0
0.0
0.0
0.6
0.0
0.0
0.0
0.0
0.0
0.0
10.6
5.4
4.9
1.1
40.7
1.6
0.4
0.0
0.2
5.5
3.9
0.0
0.0
0.0
0.0
0.0
0.0
0.7
0.0
0.0
0.0
0.0
0.0
0.0
0.0
0.0
0.0
0.0
0.0
0.0
0.0
0.0
0.0
0.2
0.0
0.0
0.3
0.0
0.0
0.0
0.0
0.0
0.0
0.0
0.0
0.0
0.0
0.0
0.0
0.0
0.2
0.0
0.0
1.2
1.6
1.4
0.4
7.6
12.3
0.4
0.0
0.0
0.8
0.0
0.0
0.3
3.0
4.0
0.3
0.7
0.4
0.0
0.1
0.0
0.0
0.0
0.0
0.0
0.0
3.7
0.4
0.4
0.4
1.3
3.8
4.2
7.1
8.7
11.6
3.1
3.0
2.9
1.8
0.4
0.4
1.1
1.2
7.5
0.4
0.4
5.0
1.8
3.4
2.9
2.4
0.4
0.4
1.9
1.3
2.2
1.4
5.7
0.4
1.0
4.4
0.2
0.0
0.2
0.5
0.5
0.0
0.0
0.0
0.0
1.3
0.1
0.1
0.4
3.6
8.4
5.6
1.5
7.5
2.1
9.5
8.3
1.7
2.1
7.7
17.8
13.8
37.0
10.9
34.4
19.7
15.0
7.0
7.2
9.2
2.2
0.4
2.9
0.6
1.3
1.5
8.6
0.8
0.0
0.2
0.0
0.3
0.0
1.2
6.1
32.4
0.5
0.0
0.0
2.7
0.5
0.2
0.0
0.1
0.4
0.2
0.0
0.0
0.0
0.0
0.0
0.0
0.0
0.0
0.0
0.0
0.0
0.1
0.0
0.0
0.0
0.0
0.0
0.6
0.8
0.0
0.0
10.7
0.9
2.6
0.0
1.4
1.2
8.8
0.0
0.5
0.5
7.4
3.3
3.9
6.4
3.9
1.6
10.4
0.0
0.9
0.3
0.4
5.1
0.0
3.1
7.0
1.7
0.6
0.2
0.0
0.0
0.0
0.0
1.1
0.0
0.0
0.0
5.0
0.7
0.0
0.3
0.0
0.9
1.8
0.0
1.4
0.0
0.0
0.0
0.0
0.0
0.0
0.0
0.0
0.0
0.4
0.4
0.4
0.6
1.3
0.7
0.8
0.4
0.4
0.0
0.0
0.4
0.4
0.4
0.4
0.8
0.4
1.4
0.6
3.5
0.4
0.4
0.4
0.4
0.4
0.4
0.4
0.4
0.4
0.4
0.4
0.4
0.4
0.4
0.4
0.6
0.4
0.4
0.4
0.4
0.4
0.4
0.4
0.0
0.0
0.0
0.2
0.3
0.0
0.0
0.0
0.0
0.0
0.0
0.9
0.0
0.0
0.0
0.0
0.0
0.0
0.0
0.0
0.0
0.0
0.0
0.0
0.0
0.0
0.1
0.0
0.0
0.0
0.0
0.0
0.0
0.0
0.0
0.0
0.0
0.0
0.0
0.0
0.0
0.0
0.0
0.0
0.1
0.3
0.0
0.0
0.0
0.1
0.0
0.0
0.0
0.0
0.0
0.0
0.0
0.0
0.0
0.0
0.0
0.0
0.0
0.0
0.0
0.0
0.0
0.0
0.2
21.3
8.3
0.3
0.0
0.0
0.0
0.0
0.2
0.0
0.0
0.0
0.0
0.0
0.0
0.0
7.3
3.4
0.0
0.0
0.0
0.0
0.0
0.0
0.1
0.0
0.0
2.8
0.0
0.0
0.0
9.6
17.9
0.4
2.5
0.2
0.5
0.2
0.0
0.0
0.0
4.4
0.0
0.0
0.0
0.0
0.0
4.5
11.2
0.5
0.0
0.0
0.0
0.0
0.0
0.0
0.0
1.5
9.2
0.0
1.3
8.0
4.5
1.1
0.0
0.0
0.0
0.0
0.0
1.0
0.3
0.0
0.0
0.0
0.0
0.0
0.0
0.0
0.0
6.4
0.0
9.5
16.7
0.2
0.0
0.1
0.0
0.0
0.0
0.0
0.0
0.0
0.0
0.6
0.0
0.0
0.4
0.0
0.0
0.0
2.2
9.1
35.2
8.4
17.6
25.4
12.0
10.9
3.5
9.0
19.7
40.6
0.5
0.3
0.8
0.5
2.3
0.0
0.0
0.0
0.6
6.0
13.2
9.5
20.2
0.8
0.0
0.3
1.7
0.3
0.5
0.0
1.2
23.3
1.7
0.0
0.6
0.0
1.8
18.8
1.6
5.2
3.2
4.2
6.3
13.7
15.8
2.3
0.5
1.9
0.0
0.0
0.0
0.1
0.0
3.0
2.2
24.1
6.5
5.7
23.5
75.9
38.8
35.2
23.4
12.3
10.7
38.1
81.4
26.8
2.7
27.0
2.8
29.6
20.9
1.6
0.1
0.9
20.9
10.5
0.4
0.0
0.0
0.0
0.0
0.0
0.3
0.0
4.6
4.7
12.2
8.5
10.6
1.2
2.7
2.8
0.0
0.3
0.0
2.3
0.0
0.0
0.0
0.0
2.0
0.5
12.5
10.8
6.4
0.0
0.0
0.0
0.0
0.0
0.2
0.0
0.0
0.0
0.0
0.3
0.2
0.1
0.0
0.0
0.0
0.2
0.0
0.0
0.3
0.4
0.4
0.0
1.7
3.9
1.2
0.0
0.0
0.0
0.0
0.3
1.5
0.0
3.6
0.4
0.3
1.1
0.0
0.0
0.0
0.0
0.0
0.0
0.0
0.0
0.0
0.0
0.0
0.0
0.0
0.0
0.0
0.0
0.0
0.0
0.0
0.0
0.0
0.0
0.0
0.0
0.0
0.4
0.0
0.0
0.0
0.0
0.1
1.0
0.0
0.0
0.0
0.0
0.0
0.0
0.2
0.2
1.1
0.0
0.0
0.0
0.0
0.0
0.0
0.9
0.8
0.0
0.0
0.0
0.0
0.0
0.0
0.0
0.0
0.0
0.0
0.0
0.0
0.0
0.0
0.0
0.0
0.0
0.0
0.0
0.0
0.0
0.0
0.0
0.0
0.0
0.0
0.0
0.0
0.0
0.0
0.0
0.0
0.0
0.0
0.0
0.0
0.0
0.0
0.0
0.0
0.0
0.0
0.0
0.0
0.0
0.0
0.0
0.0
0.0
0.0
0.0
0.0
0.0
0.0
0.0
0.0
0.0
0.0
0.0
0.0
0.0
0.0
1.3
0.0
0.2
0.4
0.8
0.0
0.0
0.0
0.0
0.6
0.8
0.0
0.0
3.9
2.7
0.4
0.0
1.4
0.1
0.0
0.0
0.0
0.0
0.7
0.0
0.0
0.0
0.0
0.3
1.5
3.9
0.7
0.0
0.0
0.0
0.0
0.0
0.0
4.1
9.3
1.1
0.0
0.0
0.0
0.0
0.0
0.0
0.3
10.8
11.5
10.1
3.6
5.7
0.3
9.6
36.7
0.7
1.3
0.7
7.0
0.5
0.0
0.0
0.0
0.0
0.4
0.0
0.2
0.0
2.3
0.0
0.0
0.0
0.0
0.9
3.4
1.9
0.0
0.0
0.3
0.0
0.0
0.0
0.0
0.0
0.0
0.0
0.0
0.0
0.0
0.0
0.0
0.0
0.4
0.2
3.0
1.7
5.4
3.9
2.2
4.5
5.3
1.7
5.1
14.1
3.5
0.0
1.6
1.7
14.0
19.3
10.0
9.4
2.1
0.0
0.0
4.5
16.9
3.9
5.5
5.7
30.0
45.6
13.7
1.3
0.7
4.6
71.0
14.8
0.0
0.0
3.9
9.9
0.0
0.0
0.6
0.0
0.0
0.0
1.4
0.9
1.5
0.0
1.8
5.2
18.2
0.1
1.7
2.3
31.4
4.2
1.9
1.0
1.4
15.0
15.7
33.5
11.7
64.7
2.1
18.5
8.2
0.2
3.0
2.9
1.0
1.7
1.8
1.9
1.7
0.0
0.0
2.5
0.2
0.0
0.0
0.0
0.5
0.0
0.7
6.3
4.0
4.8
2.5
12.2
54.2
1.7
17.0
0.4
0.3
0.0
1.4
0.7
2.8
15.0
2.1
3.0
2.0
0.4
13.1
1.2
0.3
0.0
0.0
0.0
1.9
3.9
6.4
0.3
3.8
13.2
0.8
0.4
0.7
1.9
0.0
0.0
0.2
0.0
0.0
0.0
4.1
8.7
7.3
0.5
0.0
0.0
0.0
0.3
0.5
0.0
0.0
0.0
0.0
0.0
0.0
0.0
0.0
0.0
0.0
0.0
0.0
0.0
0.0
0.8
2.0
31.6
1.0
0.0
2.1
0.3
0.0
0.0
0.0
0.0
1.3
2.5
0.0
0.0
0.0
0.0
0.0
0.0
0.0
0.0
0.0
0.0
0.0
0.0
0.0
0.0
0.0
0.0
0.0
0.0
0.0
0.0
0.0
0.0
0.0
0.0
0.0
0.0
0.0
0.0
0.0
0.0
0.0
0.0
0.3
0.0
0.0
0.0
1.7
0.0
0.0
0.0
0.0
0.0
0.0
0.0
0.0
0.0
0.0
0.6
0.0
0.0
0.0
0.0
0.0
0.0
0.0
0.0
0.0
0.0
0.0
0.0
0.0
0.0
0.0
0.0
0.0
0.0
0.0
0.0
0.0
0.0
0.0
0.0
0.0
0.0
0.0
0.0
0.0
0.0
0.0
4.7
1.1
0.0
0.0
0.0
0.0
0.0
0.0
0.0
0.0
0.0
0.0
0.0
0.0
19.4
0.0
0.0
0.0
0.0
0.0
0.0
0.0
0.0
0.0
0.0
0.0
0.0
0.0
0.0
0.0
6.2
0.0
0.0
0.0
0.2
0.0
0.1
0.0
0.0
0.3
1.1
0.7
1.3
0.0
0.0
0.0
0.0
4.6
0.0
0.0
0.0
0.0
0.3
0.0
0.0
0.0
0.0
0.0
0.0
0.0
0.0
0.0
0.0
0.0
2.4
0.0
0.0
0.0
1.5
0.0
0.0
1.8
0.9
0.0
0.0
0.0
0.0
0.0
0.0
0.0
0.0
0.0
0.0
0.0
0.0
0.0
0.0
4.3
1.0
0.0
0.0
0.0
0.2
0.0
0.0
0.0
2.4
0.6
3.8
19.4
3.0
0.0
0.0
0.0
0.0
0.0
2.7
0.9
0.0
0.0
6.5
1.5
1.2
3.8
0.0
1.3
1.2
2.0
3.2
8.2
0.5
1.9
4.0
