 SWATPLUS_CUENCAPIURA      SWAT+ Jul 2 2024        MODULAR Rev 2024.61.0.1                                
   jday   mon   day    yr   unit  gis_id  name                    flo_in          geo_bf         flo_out           peakr         sed_in        sed_out         washld          bedld            dep        deg_btm       deg_bank         hc_sed          width          depth          slope        deg_btm       deg_bank         hc_len      flo_in_mm       aqu_in_mm      flo_out_mm        sed_stor      n_tot          p_tot         dep_bf        velav_bf        
                                                                   m^3/s           m^3/s           m^3/s           m^3/s           tons           tons           tons           tons           tons           tons           tons           tons              m              m            m/m              m              m              m             mm              mm              mm            tons       kg_N           kg_P            m/s             m/s        
    67     3     8  1982       1       1  cha01                0.8281E-02     0.0000E+00     0.8015E-02     0.8281E-02     0.6967E+00     0.6967E+00     0.0000E+00     0.0000E+00     0.0000E+00     0.0000E+00     0.0000E+00     0.0000E+00     0.1771E+02     0.7454E+00     0.1898E+00     0.0000E+00     0.0000E+00     0.0000E+00     0.3221E+01     0.0000E+00     0.3118E+01     0.1951E-02     0.2638E+02     0.9909E-01     0.6564E+00     0.7960E+02
    67     3     8  1982       2       2  cha02                0.2746E-02     0.0000E+00     0.2675E-02     0.2746E-02     0.6967E+00     0.6967E+00     0.0000E+00     0.0000E+00     0.0000E+00     0.0000E+00     0.0000E+00     0.0000E+00     0.7977E+01     0.4380E+00     0.2020E+00     0.0000E+00     0.0000E+00     0.0000E+00     0.4036E+01     0.0000E+00     0.3931E+01     0.1413E-02     0.9160E+01     0.8606E-01     0.3857E+00     0.1514E+02
    67     3     8  1982       3       3  cha03                0.3288E-02     0.0000E+00     0.3067E-02     0.3288E-02     0.1662E-05     0.1662E-05     0.0000E+00     0.0000E+00     0.0000E+00     0.0000E+00     0.0000E+00     0.0000E+00     0.1040E+02     0.5228E+00     0.2016E+00     0.0000E+00     0.0000E+00     0.0000E+00     0.3103E+01     0.0000E+00     0.2895E+01     0.1162E-07     0.7708E+01     0.1951E-02     0.4604E+00     0.2657E+02
    67     3     8  1982       4       4  cha04                0.5357E-02     0.0000E+00     0.4696E-02     0.5357E-02     0.1378E-05     0.1378E-05     0.0000E+00     0.0000E+00     0.0000E+00     0.0000E+00     0.0000E+00     0.0000E+00     0.1398E+02     0.6366E+00     0.8421E-01     0.0000E+00     0.0000E+00     0.0000E+00     0.3091E+01     0.0000E+00     0.2710E+01     0.3494E-07     0.1160E+02     0.2638E-02     0.5606E+00     0.3212E+02
    67     3     8  1982       5       5  cha05                0.7511E-01     0.0000E+00     0.6071E-01     0.7511E-01     0.3387E+01     0.3387E+01     0.0000E+00     0.0000E+00     0.0000E+00     0.0000E+00     0.0000E+00     0.0000E+00     0.1298E+03     0.2812E+01     0.1590E-02     0.0000E+00     0.0000E+00     0.0000E+00     0.1057E+01     0.0000E+00     0.8543E+00     0.5311E-01     0.2625E+02     0.1941E+00     0.2476E+01     0.4938E+03
    67     3     8  1982       6       6  cha06                0.6718E-01     0.0000E+00     0.5805E-01     0.6718E-01     0.1315E+01     0.1315E+01     0.0000E+00     0.0000E+00     0.0000E+00     0.0000E+00     0.0000E+00     0.0000E+00     0.1199E+03     0.2668E+01     0.2740E-02     0.0000E+00     0.0000E+00     0.0000E+00     0.1078E+01     0.0000E+00     0.9317E+00     0.1269E-01     0.2904E+02     0.7569E-01     0.2349E+01     0.5485E+03
    67     3     8  1982       7       7  cha07                0.6557E-01     0.0000E+00     0.6212E-01     0.6557E-01     0.1440E+01     0.1440E+01     0.0000E+00     0.0000E+00     0.0000E+00     0.0000E+00     0.0000E+00     0.0000E+00     0.1184E+03     0.2645E+01     0.1000E-04     0.0000E+00     0.0000E+00     0.0000E+00     0.1075E+01     0.0000E+00     0.1018E+01     0.5741E-02     0.2488E+02     0.1146E+00     0.2329E+01     0.3226E+02
    67     3     8  1982       8       8  cha08                0.7529E-01     0.0000E+00     0.6331E-01     0.7529E-01     0.1798E+01     0.1798E+01     0.0000E+00     0.0000E+00     0.0000E+00     0.0000E+00     0.0000E+00     0.0000E+00     0.1175E+03     0.2632E+01     0.1820E-02     0.0000E+00     0.0000E+00     0.0000E+00     0.1250E+01     0.0000E+00     0.1051E+01     0.1651E-01     0.2567E+02     0.9100E-01     0.2318E+01     0.4284E+03
    67     3     8  1982       9       9  cha09                0.6870E-01     0.0000E+00     0.4559E-01     0.6870E-01     0.3194E+01     0.3194E+01     0.0000E+00     0.0000E+00     0.0000E+00     0.0000E+00     0.0000E+00     0.0000E+00     0.8887E+02     0.2185E+01     0.2690E-02     0.0000E+00     0.0000E+00     0.0000E+00     0.1817E+01     0.0000E+00     0.1206E+01     0.4048E-01     0.3570E+02     0.6221E-01     0.1924E+01     0.2883E+03
    67     3     8  1982      10      10  cha10                0.1834E-01     0.0000E+00     0.1294E-01     0.1834E-01     0.2801E+01     0.2801E+01     0.0000E+00     0.0000E+00     0.0000E+00     0.0000E+00     0.0000E+00     0.0000E+00     0.3415E+02     0.1155E+01     0.3690E-02     0.0000E+00     0.0000E+00     0.0000E+00     0.2388E+01     0.0000E+00     0.1685E+01     0.5501E-01     0.2411E+02     0.1857E+00     0.1017E+01     0.4458E+02
    67     3     8  1982      11      11  cha11                0.4160E-01     0.0000E+00     0.2922E-01     0.4160E-01     0.1087E+01     0.1087E+01     0.0000E+00     0.0000E+00     0.0000E+00     0.0000E+00     0.0000E+00     0.0000E+00     0.6475E+02     0.1769E+01     0.3110E-02     0.0000E+00     0.0000E+00     0.0000E+00     0.1865E+01     0.0000E+00     0.1310E+01     0.2022E-01     0.2132E+02     0.1067E+00     0.1558E+01     0.1586E+03
    67     3     8  1982      12      12  cha12                0.4199E-01     0.0000E+00     0.3281E-01     0.4199E-01     0.6861E+00     0.6861E+00     0.0000E+00     0.0000E+00     0.0000E+00     0.0000E+00     0.0000E+00     0.0000E+00     0.5824E+02     0.1648E+01     0.5190E-02     0.0000E+00     0.0000E+00     0.0000E+00     0.2246E+01     0.0000E+00     0.1755E+01     0.8419E-02     0.3866E+02     0.1555E+00     0.1451E+01     0.1637E+03
    67     3     8  1982      13      13  cha13                0.4331E-01     0.0000E+00     0.3736E-01     0.4331E-01     0.7787E+00     0.7787E+00     0.0000E+00     0.0000E+00     0.0000E+00     0.0000E+00     0.0000E+00     0.0000E+00     0.5459E+02     0.1579E+01     0.5900E-02     0.0000E+00     0.0000E+00     0.0000E+00     0.2581E+01     0.0000E+00     0.2226E+01     0.7127E-02     0.7015E+02     0.2162E+00     0.1390E+01     0.1522E+03
    67     3     8  1982      14      14  cha14                0.5046E-01     0.0000E+00     0.3939E-01     0.5046E-01     0.6259E+00     0.6259E+00     0.0000E+00     0.0000E+00     0.0000E+00     0.0000E+00     0.0000E+00     0.0000E+00     0.5123E+02     0.1513E+01     0.1352E-01     0.0000E+00     0.0000E+00     0.0000E+00     0.3342E+01     0.0000E+00     0.2609E+01     0.7944E-02     0.1004E+03     0.6492E-01     0.1333E+01     0.2015E+03
    67     3     8  1982      15      15  cha15                0.4044E-01     0.0000E+00     0.3800E-01     0.4044E-01     0.6472E+00     0.6472E+00     0.0000E+00     0.0000E+00     0.0000E+00     0.0000E+00     0.0000E+00     0.0000E+00     0.4301E+02     0.1347E+01     0.1785E-01     0.0000E+00     0.0000E+00     0.0000E+00     0.3585E+01     0.0000E+00     0.3370E+01     0.2658E-02     0.1466E+03     0.9909E-01     0.1186E+01     0.1598E+03
    67     3     8  1982      16      16  cha16                0.3145E-01     0.0000E+00     0.2958E-01     0.3145E-01     0.6656E+00     0.6656E+00     0.0000E+00     0.0000E+00     0.0000E+00     0.0000E+00     0.0000E+00     0.0000E+00     0.3421E+02     0.1156E+01     0.3468E-01     0.0000E+00     0.0000E+00     0.0000E+00     0.4084E+01     0.0000E+00     0.3840E+01     0.3030E-02     0.1353E+03     0.9849E-01     0.1018E+01     0.1372E+03
    67     3     8  1982      17      17  cha17                0.2486E-01     0.0000E+00     0.2381E-01     0.2486E-01     0.6757E+00     0.6757E+00     0.0000E+00     0.0000E+00     0.0000E+00     0.0000E+00     0.0000E+00     0.0000E+00     0.2949E+02     0.1047E+01     0.5829E-01     0.0000E+00     0.0000E+00     0.0000E+00     0.4135E+01     0.0000E+00     0.3960E+01     0.2259E-02     0.1243E+03     0.1001E+00     0.9220E+00     0.1299E+03
    67     3     8  1982      18      18  cha18                0.2945E-02     0.0000E+00     0.2526E-02     0.2945E-02     0.3188E-05     0.3188E-05     0.0000E+00     0.0000E+00     0.0000E+00     0.0000E+00     0.0000E+00     0.0000E+00     0.1129E+02     0.5521E+00     0.6410E-02     0.0000E+00     0.0000E+00     0.0000E+00     0.2426E+01     0.0000E+00     0.2081E+01     0.4314E-07     0.1415E+02     0.3499E-02     0.4862E+00     0.5634E+01
    67     3     8  1982      19      19  cha19                0.2047E-01     0.0000E+00     0.1851E-01     0.2047E-01     0.6949E+00     0.6949E+00     0.0000E+00     0.0000E+00     0.0000E+00     0.0000E+00     0.0000E+00     0.0000E+00     0.2468E+02     0.9299E+00     0.8948E-01     0.0000E+00     0.0000E+00     0.0000E+00     0.4579E+01     0.0000E+00     0.4142E+01     0.6075E-02     0.1034E+03     0.9933E-01     0.8189E+00     0.1104E+03
    67     3     8  1982      20      20  cha20                0.1339E-01     0.0000E+00     0.9987E-02     0.1339E-01     0.1850E-05     0.1850E-05     0.0000E+00     0.0000E+00     0.0000E+00     0.0000E+00     0.0000E+00     0.0000E+00     0.2074E+02     0.8281E+00     0.5767E-01     0.0000E+00     0.0000E+00     0.0000E+00     0.4002E+01     0.0000E+00     0.2986E+01     0.1475E-05     0.4021E+02     0.6001E-02     0.7292E+00     0.6130E+02
    67     3     8  1982      21      21  cha21                0.5447E-02     0.0000E+00     0.4805E-02     0.5447E-02     0.2095E-05     0.2095E-05     0.0000E+00     0.0000E+00     0.0000E+00     0.0000E+00     0.0000E+00     0.0000E+00     0.1175E+02     0.5669E+00     0.1150E+00     0.0000E+00     0.0000E+00     0.0000E+00     0.4200E+01     0.0000E+00     0.3705E+01     0.2494E-07     0.2047E+02     0.2611E-02     0.4992E+00     0.2596E+02
    67     3     8  1982      22      22  cha22                0.6459E-02     0.0000E+00     0.5193E-02     0.6459E-02     0.2451E+00     0.2451E+00     0.0000E+00     0.0000E+00     0.0000E+00     0.0000E+00     0.0000E+00     0.0000E+00     0.1788E+02     0.7502E+00     0.4770E-02     0.0000E+00     0.0000E+00     0.0000E+00     0.2472E+01     0.0000E+00     0.1987E+01     0.3409E-02     0.1586E+02     0.3871E-01     0.6607E+00     0.1288E+02
    67     3     8  1982      23      23  cha23                0.2473E-02     0.0000E+00     0.2260E-02     0.2473E-02     0.3340E+00     0.3340E+00     0.0000E+00     0.0000E+00     0.0000E+00     0.0000E+00     0.0000E+00     0.0000E+00     0.8419E+01     0.4540E+00     0.2870E-02     0.0000E+00     0.0000E+00     0.0000E+00     0.3322E+01     0.0000E+00     0.3037E+01     0.2194E-02     0.8667E+01     0.3747E-01     0.3998E+00     0.2024E+01
    67     3     8  1982      24      24  cha24                0.4764E-02     0.0000E+00     0.4181E-02     0.4764E-02     0.1113E-05     0.1113E-05     0.0000E+00     0.0000E+00     0.0000E+00     0.0000E+00     0.0000E+00     0.0000E+00     0.1063E+02     0.5305E+00     0.9860E-02     0.0000E+00     0.0000E+00     0.0000E+00     0.4337E+01     0.0000E+00     0.3806E+01     0.1219E-07     0.2834E+02     0.2394E-02     0.4672E+00     0.6155E+01
    67     3     8  1982      25      25  cha25                0.1001E-01     0.0000E+00     0.8260E-02     0.1001E-01     0.2208E-05     0.2208E-05     0.0000E+00     0.0000E+00     0.0000E+00     0.0000E+00     0.0000E+00     0.0000E+00     0.1613E+02     0.7002E+00     0.8582E-01     0.0000E+00     0.0000E+00     0.0000E+00     0.4554E+01     0.0000E+00     0.3757E+01     0.6298E-07     0.3776E+02     0.4038E-02     0.6166E+00     0.4388E+02
    67     3     8  1982      26      26  cha26                0.3134E-02     0.0000E+00     0.2258E-02     0.3134E-02     0.3986E-05     0.3986E-05     0.0000E+00     0.0000E+00     0.0000E+00     0.0000E+00     0.0000E+00     0.0000E+00     0.1067E+02     0.5316E+00     0.7430E-02     0.0000E+00     0.0000E+00     0.0000E+00     0.2838E+01     0.0000E+00     0.2045E+01     0.1050E-06     0.9825E+01     0.2867E-02     0.4681E+00     0.5377E+01
    67     3     8  1982      27      27  cha27                0.3241E-02     0.0000E+00     0.2789E-02     0.3241E-02     0.1618E+00     0.1618E+00     0.0000E+00     0.0000E+00     0.0000E+00     0.0000E+00     0.0000E+00     0.0000E+00     0.9959E+01     0.5078E+00     0.1138E-01     0.0000E+00     0.0000E+00     0.0000E+00     0.3291E+01     0.0000E+00     0.2832E+01     0.1691E-02     0.1404E+02     0.2474E-01     0.4472E+00     0.5754E+01
    67     3     8  1982      28      28  cha28                0.7463E-02     0.0000E+00     0.6531E-02     0.7463E-02     0.2593E-05     0.2593E-05     0.0000E+00     0.0000E+00     0.0000E+00     0.0000E+00     0.0000E+00     0.0000E+00     0.1284E+02     0.6015E+00     0.1061E+00     0.0000E+00     0.0000E+00     0.0000E+00     0.4962E+01     0.0000E+00     0.4342E+01     0.3305E-07     0.3042E+02     0.3008E-02     0.5297E+00     0.3011E+02
    67     3     8  1982      29      29  cha29                0.3924E-02     0.0000E+00     0.2774E-02     0.3924E-02     0.3491E-05     0.3491E-05     0.0000E+00     0.0000E+00     0.0000E+00     0.0000E+00     0.0000E+00     0.0000E+00     0.1170E+02     0.5654E+00     0.1148E-01     0.0000E+00     0.0000E+00     0.0000E+00     0.3046E+01     0.0000E+00     0.2153E+01     0.9927E-07     0.1287E+02     0.3146E-02     0.4979E+00     0.8132E+01
    67     3     8  1982      30      30  cha30                0.7379E-01     0.0000E+00     0.5898E-01     0.7379E-01     0.5126E+01     0.5126E+01     0.0000E+00     0.0000E+00     0.0000E+00     0.0000E+00     0.0000E+00     0.0000E+00     0.8505E+02     0.2122E+01     0.3780E-02     0.0000E+00     0.0000E+00     0.0000E+00     0.2100E+01     0.0000E+00     0.1679E+01     0.4832E-01     0.6075E+02     0.2146E+00     0.1868E+01     0.3114E+03
    67     3     8  1982      31      31  cha31                0.5799E-01     0.0000E+00     0.5554E-01     0.5799E-01     0.5001E+01     0.5001E+01     0.0000E+00     0.0000E+00     0.0000E+00     0.0000E+00     0.0000E+00     0.0000E+00     0.7401E+02     0.1934E+01     0.2450E-02     0.0000E+00     0.0000E+00     0.0000E+00     0.2081E+01     0.0000E+00     0.1993E+01     0.1133E-01     0.7369E+02     0.3023E+00     0.1703E+01     0.1868E+03
    67     3     8  1982      32      32  cha32                0.5388E-01     0.0000E+00     0.4787E-01     0.5388E-01     0.6157E+01     0.6157E+01     0.0000E+00     0.0000E+00     0.0000E+00     0.0000E+00     0.0000E+00     0.0000E+00     0.6711E+02     0.1812E+01     0.4310E-02     0.0000E+00     0.0000E+00     0.0000E+00     0.2276E+01     0.0000E+00     0.2022E+01     0.3527E-01     0.6192E+02     0.3203E+00     0.1595E+01     0.2014E+03
    67     3     8  1982      33      33  cha33                0.6055E-01     0.0000E+00     0.4559E-01     0.6055E-01     0.9558E+01     0.9558E+01     0.0000E+00     0.0000E+00     0.0000E+00     0.0000E+00     0.0000E+00     0.0000E+00     0.6256E+02     0.1729E+01     0.5080E-02     0.0000E+00     0.0000E+00     0.0000E+00     0.2875E+01     0.0000E+00     0.2165E+01     0.1198E+00     0.5701E+02     0.3947E+00     0.1522E+01     0.1885E+03
    67     3     8  1982      34      34  cha34                0.1424E-01     0.0000E+00     0.1146E-01     0.1424E-01     0.2071E+01     0.2071E+01     0.0000E+00     0.0000E+00     0.0000E+00     0.0000E+00     0.0000E+00     0.0000E+00     0.2946E+02     0.1046E+01     0.5310E-02     0.0000E+00     0.0000E+00     0.0000E+00     0.2373E+01     0.0000E+00     0.1910E+01     0.2819E-01     0.2512E+02     0.1690E+00     0.9214E+00     0.3911E+02
    67     3     8  1982      35      35  cha35                0.1145E-01     0.0000E+00     0.9691E-02     0.1145E-01     0.1329E+01     0.1329E+01     0.0000E+00     0.0000E+00     0.0000E+00     0.0000E+00     0.0000E+00     0.0000E+00     0.2460E+02     0.9279E+00     0.6440E-02     0.0000E+00     0.0000E+00     0.0000E+00     0.2575E+01     0.0000E+00     0.2180E+01     0.1437E-01     0.2810E+02     0.9718E-01     0.8171E+00     0.2941E+02
    67     3     8  1982      36      36  cha36                0.1012E-01     0.0000E+00     0.7447E-02     0.1012E-01     0.8243E-06     0.8243E-06     0.0000E+00     0.0000E+00     0.0000E+00     0.0000E+00     0.0000E+00     0.0000E+00     0.1683E+02     0.7204E+00     0.1238E-01     0.0000E+00     0.0000E+00     0.0000E+00     0.4289E+01     0.0000E+00     0.3155E+01     0.2200E-07     0.4038E+02     0.4008E-02     0.6343E+00     0.1824E+02
    67     3     8  1982      37      37  cha37                0.9608E-02     0.0000E+00     0.6343E-02     0.9608E-02     0.1180E-05     0.1180E-05     0.0000E+00     0.0000E+00     0.0000E+00     0.0000E+00     0.0000E+00     0.0000E+00     0.1924E+02     0.7878E+00     0.1428E-01     0.0000E+00     0.0000E+00     0.0000E+00     0.3255E+01     0.0000E+00     0.2149E+01     0.5032E-07     0.2707E+02     0.4196E-02     0.6937E+00     0.2603E+02
    67     3     8  1982      38      38  cha38                0.5451E-02     0.0000E+00     0.4288E-02     0.5451E-02     0.1247E+01     0.1247E+01     0.0000E+00     0.0000E+00     0.0000E+00     0.0000E+00     0.0000E+00     0.0000E+00     0.1134E+02     0.5537E+00     0.1484E-01     0.0000E+00     0.0000E+00     0.0000E+00     0.4460E+01     0.0000E+00     0.3508E+01     0.2033E-01     0.1871E+02     0.7320E-01     0.4875E+00     0.8649E+01
    67     3     8  1982      39      39  cha39                0.1929E-01     0.0000E+00     0.1331E-01     0.1929E-01     0.1121E-04     0.1121E-04     0.0000E+00     0.0000E+00     0.0000E+00     0.0000E+00     0.0000E+00     0.0000E+00     0.2994E+02     0.1058E+01     0.1635E-01     0.0000E+00     0.0000E+00     0.0000E+00     0.3128E+01     0.0000E+00     0.2158E+01     0.3754E-06     0.3439E+02     0.8861E-02     0.9314E+00     0.7102E+02
    67     3     8  1982      40      40  cha40                0.1211E-01     0.0000E+00     0.1073E-01     0.1211E-01     0.4596E-05     0.4596E-05     0.0000E+00     0.0000E+00     0.0000E+00     0.0000E+00     0.0000E+00     0.0000E+00     0.2146E+02     0.8473E+00     0.6273E-01     0.0000E+00     0.0000E+00     0.0000E+00     0.3421E+01     0.0000E+00     0.3030E+01     0.5226E-07     0.3465E+02     0.6450E-02     0.7461E+00     0.6877E+02
    67     3     8  1982      41      41  cha41                0.1579E-01     0.0000E+00     0.1006E-01     0.1579E-01     0.3133E-05     0.3133E-05     0.0000E+00     0.0000E+00     0.0000E+00     0.0000E+00     0.0000E+00     0.0000E+00     0.2361E+02     0.9027E+00     0.6048E-01     0.0000E+00     0.0000E+00     0.0000E+00     0.3805E+01     0.0000E+00     0.2424E+01     0.2474E-05     0.2823E+02     0.6491E-02     0.7949E+00     0.8258E+02
    67     3     8  1982      42      42  cha42                0.2677E-02     0.0000E+00     0.2194E-02     0.2677E-02     0.6502E-06     0.6502E-06     0.0000E+00     0.0000E+00     0.0000E+00     0.0000E+00     0.0000E+00     0.0000E+00     0.9828E+01     0.5034E+00     0.1110E-01     0.0000E+00     0.0000E+00     0.0000E+00     0.2778E+01     0.0000E+00     0.2277E+01     0.1156E-07     0.1276E+02     0.2330E-02     0.4432E+00     0.5526E+01
    67     3     8  1982      43      43  cha43                0.3881E-02     0.0000E+00     0.3495E-02     0.3881E-02     0.1791E-05     0.1791E-05     0.0000E+00     0.0000E+00     0.0000E+00     0.0000E+00     0.0000E+00     0.0000E+00     0.1013E+02     0.5136E+00     0.9330E-01     0.0000E+00     0.0000E+00     0.0000E+00     0.3831E+01     0.0000E+00     0.3449E+01     0.1745E-07     0.1499E+02     0.1974E-02     0.4523E+00     0.1708E+02
    67     3     8  1982      44      44  cha44                0.2036E-02     0.0000E+00     0.2011E-02     0.2036E-02     0.4537E-06     0.4537E-06     0.0000E+00     0.0000E+00     0.0000E+00     0.0000E+00     0.0000E+00     0.0000E+00     0.7822E+01     0.4323E+00     0.1852E-01     0.0000E+00     0.0000E+00     0.0000E+00     0.3093E+01     0.0000E+00     0.3054E+01     0.9563E-09     0.1538E+02     0.1624E-02     0.3806E+00     0.4398E+01
    67     3     8  1982      45      45  cha45                0.4865E-02     0.0000E+00     0.4504E-02     0.4865E-02     0.6835E-05     0.6835E-05     0.0000E+00     0.0000E+00     0.0000E+00     0.0000E+00     0.0000E+00     0.0000E+00     0.1013E+02     0.5136E+00     0.5879E-01     0.0000E+00     0.0000E+00     0.0000E+00     0.4801E+01     0.0000E+00     0.4444E+01     0.4692E-07     0.2942E+02     0.1876E-02     0.4523E+00     0.1356E+02
    67     3     8  1982      46      46  cha46                0.2206E-02     0.0000E+00     0.2002E-02     0.2206E-02     0.4426E-06     0.4426E-06     0.0000E+00     0.0000E+00     0.0000E+00     0.0000E+00     0.0000E+00     0.0000E+00     0.8105E+01     0.4426E+00     0.8340E-02     0.0000E+00     0.0000E+00     0.0000E+00     0.3158E+01     0.0000E+00     0.2866E+01     0.3929E-08     0.1335E+02     0.1838E-02     0.3898E+00     0.3182E+01
    67     3     8  1982      47      47  cha47                0.8935E-02     0.0000E+00     0.7454E-02     0.8935E-02     0.2016E-05     0.2016E-05     0.0000E+00     0.0000E+00     0.0000E+00     0.0000E+00     0.0000E+00     0.0000E+00     0.1562E+02     0.6855E+00     0.9260E-01     0.0000E+00     0.0000E+00     0.0000E+00     0.4285E+01     0.0000E+00     0.3575E+01     0.6963E-07     0.2848E+02     0.3993E-02     0.6037E+00     0.4261E+02
    67     3     8  1982      48      48  cha48                0.5880E-01     0.0000E+00     0.5404E-01     0.5880E-01     0.1026E+02     0.1026E+02     0.0000E+00     0.0000E+00     0.0000E+00     0.0000E+00     0.0000E+00     0.0000E+00     0.5863E+02     0.1656E+01     0.5910E-02     0.0000E+00     0.0000E+00     0.0000E+00     0.3111E+01     0.0000E+00     0.2859E+01     0.5217E-01     0.1115E+03     0.8414E+00     0.1458E+01     0.1772E+03
    67     3     8  1982      49      49  cha49                0.3998E-01     0.0000E+00     0.3326E-01     0.3998E-01     0.7275E+01     0.7275E+01     0.0000E+00     0.0000E+00     0.0000E+00     0.0000E+00     0.0000E+00     0.0000E+00     0.3903E+02     0.1262E+01     0.8040E-02     0.0000E+00     0.0000E+00     0.0000E+00     0.4166E+01     0.0000E+00     0.3466E+01     0.8371E-01     0.9874E+02     0.6119E+00     0.1112E+01     0.8736E+02
    67     3     8  1982      50      50  cha50                0.3812E-01     0.0000E+00     0.3484E-01     0.3812E-01     0.7428E+01     0.7428E+01     0.0000E+00     0.0000E+00     0.0000E+00     0.0000E+00     0.0000E+00     0.0000E+00     0.3549E+02     0.1185E+01     0.1038E-01     0.0000E+00     0.0000E+00     0.0000E+00     0.4656E+01     0.0000E+00     0.4256E+01     0.4903E-01     0.1449E+03     0.8169E+00     0.1043E+01     0.8112E+02
    67     3     8  1982      51      51  cha51                0.3703E-01     0.0000E+00     0.3097E-01     0.3703E-01     0.6358E+01     0.6358E+01     0.0000E+00     0.0000E+00     0.0000E+00     0.0000E+00     0.0000E+00     0.0000E+00     0.2933E+02     0.1043E+01     0.2637E-01     0.0000E+00     0.0000E+00     0.0000E+00     0.6216E+01     0.0000E+00     0.5198E+01     0.8800E-01     0.1618E+03     0.6411E+00     0.9187E+00     0.8636E+02
    67     3     8  1982      52      52  cha52                0.3992E-02     0.0000E+00     0.3515E-02     0.3992E-02     0.8354E+00     0.8354E+00     0.0000E+00     0.0000E+00     0.0000E+00     0.0000E+00     0.0000E+00     0.0000E+00     0.1120E+02     0.5491E+00     0.1381E-01     0.0000E+00     0.0000E+00     0.0000E+00     0.3334E+01     0.0000E+00     0.2935E+01     0.7877E-02     0.1584E+02     0.1081E+00     0.4835E+00     0.8128E+01
    67     3     8  1982      53      53  cha53                0.3313E-01     0.0000E+00     0.2477E-01     0.3313E-01     0.5324E+01     0.5324E+01     0.0000E+00     0.0000E+00     0.0000E+00     0.0000E+00     0.0000E+00     0.0000E+00     0.3779E+02     0.1235E+01     0.2119E-01     0.0000E+00     0.0000E+00     0.0000E+00     0.3645E+01     0.0000E+00     0.2725E+01     0.8808E-01     0.5437E+02     0.3938E+00     0.1088E+01     0.1324E+03
    67     3     8  1982      54      54  cha54                0.2177E-01     0.0000E+00     0.2016E-01     0.2177E-01     0.3347E+01     0.3347E+01     0.0000E+00     0.0000E+00     0.0000E+00     0.0000E+00     0.0000E+00     0.0000E+00     0.3084E+02     0.1079E+01     0.3102E-01     0.0000E+00     0.0000E+00     0.0000E+00     0.3361E+01     0.0000E+00     0.3111E+01     0.1769E-01     0.5582E+02     0.4061E+00     0.9500E+00     0.1042E+03
    67     3     8  1982      55      55  cha55                0.1585E-01     0.0000E+00     0.1465E-01     0.1585E-01     0.3459E+01     0.3459E+01     0.0000E+00     0.0000E+00     0.0000E+00     0.0000E+00     0.0000E+00     0.0000E+00     0.2434E+02     0.9213E+00     0.4909E-01     0.0000E+00     0.0000E+00     0.0000E+00     0.3629E+01     0.0000E+00     0.3356E+01     0.2030E-01     0.4061E+02     0.4305E+00     0.8113E+00     0.7938E+02
    67     3     8  1982      56      56  cha56                0.2552E-02     0.0000E+00     0.2491E-02     0.2552E-02     0.1260E-05     0.1260E-05     0.0000E+00     0.0000E+00     0.0000E+00     0.0000E+00     0.0000E+00     0.0000E+00     0.7778E+01     0.4307E+00     0.2136E-01     0.0000E+00     0.0000E+00     0.0000E+00     0.3913E+01     0.0000E+00     0.3819E+01     0.3970E-08     0.2035E+02     0.1805E-02     0.3792E+00     0.4668E+01
    67     3     8  1982      57      57  cha57                0.8181E-02     0.0000E+00     0.7452E-02     0.8181E-02     0.2130E+01     0.2130E+01     0.0000E+00     0.0000E+00     0.0000E+00     0.0000E+00     0.0000E+00     0.0000E+00     0.1116E+02     0.5480E+00     0.5565E-01     0.0000E+00     0.0000E+00     0.0000E+00     0.6868E+01     0.0000E+00     0.6257E+01     0.1656E-01     0.3258E+02     0.2005E+00     0.4825E+00     0.1621E+02
    67     3     8  1982      58      58  cha58                0.6014E-02     0.0000E+00     0.5082E-02     0.6014E-02     0.1473E-05     0.1473E-05     0.0000E+00     0.0000E+00     0.0000E+00     0.0000E+00     0.0000E+00     0.0000E+00     0.1337E+02     0.6179E+00     0.7559E-01     0.0000E+00     0.0000E+00     0.0000E+00     0.3739E+01     0.0000E+00     0.3159E+01     0.2982E-07     0.1997E+02     0.3321E-02     0.5441E+00     0.2768E+02
    67     3     8  1982      59      59  cha59                0.7803E-02     0.0000E+00     0.6736E-02     0.7803E-02     0.9849E-06     0.9849E-06     0.0000E+00     0.0000E+00     0.0000E+00     0.0000E+00     0.0000E+00     0.0000E+00     0.1467E+02     0.6573E+00     0.9052E-01     0.0000E+00     0.0000E+00     0.0000E+00     0.4156E+01     0.0000E+00     0.3588E+01     0.1554E-07     0.2080E+02     0.3212E-02     0.5788E+00     0.3686E+02
    67     3     8  1982      60      60  cha60                0.2799E-02     0.0000E+00     0.2406E-02     0.2799E-02     0.2280E-05     0.2280E-05     0.0000E+00     0.0000E+00     0.0000E+00     0.0000E+00     0.0000E+00     0.0000E+00     0.9547E+01     0.4937E+00     0.1390E-01     0.0000E+00     0.0000E+00     0.0000E+00     0.3049E+01     0.0000E+00     0.2621E+01     0.3049E-07     0.1344E+02     0.2524E-02     0.4348E+00     0.5815E+01
    67     3     8  1982      61      61  cha61                0.9723E-02     0.0000E+00     0.8158E-02     0.9723E-02     0.3607E+01     0.3607E+01     0.0000E+00     0.0000E+00     0.0000E+00     0.0000E+00     0.0000E+00     0.0000E+00     0.1636E+02     0.7070E+00     0.7646E-01     0.0000E+00     0.0000E+00     0.0000E+00     0.4316E+01     0.0000E+00     0.3621E+01     0.4865E-01     0.2699E+02     0.4031E+00     0.6226E+00     0.4271E+02
    67     3     8  1982      62      62  cha62                0.2702E-01     0.0000E+00     0.2540E-01     0.2702E-01     0.4114E+01     0.4114E+01     0.0000E+00     0.0000E+00     0.0000E+00     0.0000E+00     0.0000E+00     0.0000E+00     0.2141E+02     0.8458E+00     0.5309E-01     0.0000E+00     0.0000E+00     0.0000E+00     0.7664E+01     0.0000E+00     0.7205E+01     0.2165E-01     0.2054E+03     0.4633E+00     0.7448E+00     0.6291E+02
    67     3     8  1982      63      63  cha63                0.1484E-01     0.0000E+00     0.1409E-01     0.1484E-01     0.4800E-05     0.4800E-05     0.0000E+00     0.0000E+00     0.0000E+00     0.0000E+00     0.0000E+00     0.0000E+00     0.1072E+02     0.5335E+00     0.7284E-01     0.0000E+00     0.0000E+00     0.0000E+00     0.1332E+02     0.0000E+00     0.1265E+02     0.3300E-07     0.1639E+03     0.3447E-02     0.4698E+00     0.1703E+02
    67     3     8  1982      64      64  cha64                0.9881E-02     0.0000E+00     0.8904E-02     0.9881E-02     0.2401E+01     0.2401E+01     0.0000E+00     0.0000E+00     0.0000E+00     0.0000E+00     0.0000E+00     0.0000E+00     0.1480E+02     0.6613E+00     0.1026E+00     0.0000E+00     0.0000E+00     0.0000E+00     0.5185E+01     0.0000E+00     0.4672E+01     0.1910E-01     0.6444E+02     0.2957E+00     0.5823E+00     0.4000E+02
    67     3     8  1982      65      65  cha65                0.4968E-02     0.0000E+00     0.4824E-02     0.4968E-02     0.3522E-05     0.3522E-05     0.0000E+00     0.0000E+00     0.0000E+00     0.0000E+00     0.0000E+00     0.0000E+00     0.8326E+01     0.4506E+00     0.7444E-01     0.0000E+00     0.0000E+00     0.0000E+00     0.6800E+01     0.0000E+00     0.6603E+01     0.1436E-07     0.3610E+02     0.2437E-02     0.3968E+00     0.1007E+02
