 SWATPLUS_CUENCAPIURA     
  SWAT+ Jul 2 2024        MODULAR Rev 2024.61.0.1                               
  
                                                                            --YIELD (kg/ha)--
  jday   mon   day    yr    unit PLANTNM                         MASS          C           N           P
    67     3     8  1982       1    past                        0.000       0.000       0.000       0.000
    67     3     8  1982       2    past                        0.000       0.000       0.000       0.000
    67     3     8  1982       3    past                        0.000       0.000       0.000       0.000
    67     3     8  1982       4    past                        0.000       0.000       0.000       0.000
    67     3     8  1982       5    past                        0.000       0.000       0.000       0.000
    67     3     8  1982       6    past                        0.000       0.000       0.000       0.000
    67     3     8  1982       7    past                        0.000       0.000       0.000       0.000
    67     3     8  1982       8    frst                        0.000       0.000       0.000       0.000
    67     3     8  1982       9    frst                        0.000       0.000       0.000       0.000
    67     3     8  1982      10    frst                        0.000       0.000       0.000       0.000
    67     3     8  1982      11    frst                        0.000       0.000       0.000       0.000
    67     3     8  1982      12    frse                        0.000       0.000       0.000       0.000
    67     3     8  1982      13    frse                        0.000       0.000       0.000       0.000
    67     3     8  1982      14    past                        0.000       0.000       0.000       0.000
    67     3     8  1982      15    past                        0.000       0.000       0.000       0.000
    67     3     8  1982      16    past                        0.000       0.000       0.000       0.000
    67     3     8  1982      17    frst                        0.000       0.000       0.000       0.000
    67     3     8  1982      18    frst                        0.000       0.000       0.000       0.000
    67     3     8  1982      19    frst                        0.000       0.000       0.000       0.000
    67     3     8  1982      20    past                        0.000       0.000       0.000       0.000
    67     3     8  1982      21    past                        0.000       0.000       0.000       0.000
    67     3     8  1982      22    past                        0.000       0.000       0.000       0.000
    67     3     8  1982      23    past                        0.000       0.000       0.000       0.000
    67     3     8  1982      24    frst                        0.000       0.000       0.000       0.000
    67     3     8  1982      25    frst                        0.000       0.000       0.000       0.000
    67     3     8  1982      26    frst                        0.000       0.000       0.000       0.000
    67     3     8  1982      27    frst                        0.000       0.000       0.000       0.000
    67     3     8  1982      28    shrb                        0.000       0.000       0.000       0.000
    67     3     8  1982      29    shrb                        0.000       0.000       0.000       0.000
    67     3     8  1982      30    shrb                        0.000       0.000       0.000       0.000
    67     3     8  1982      31    shrb                        0.000       0.000       0.000       0.000
    67     3     8  1982      32    past                        0.000       0.000       0.000       0.000
    67     3     8  1982      33    past                        0.000       0.000       0.000       0.000
    67     3     8  1982      34    past                        0.000       0.000       0.000       0.000
    67     3     8  1982      35    past                        0.000       0.000       0.000       0.000
    67     3     8  1982      36    rngb                        0.000       0.000       0.000       0.000
    67     3     8  1982      37    rngb                        0.000       0.000       0.000       0.000
    67     3     8  1982      38    rngb                        0.000       0.000       0.000       0.000
    67     3     8  1982      39    rngb                        0.000       0.000       0.000       0.000
    67     3     8  1982      40    rngb                        0.000       0.000       0.000       0.000
    67     3     8  1982      41    rngb                        0.000       0.000       0.000       0.000
    67     3     8  1982      42    frst                        0.000       0.000       0.000       0.000
    67     3     8  1982      43    frst                        0.000       0.000       0.000       0.000
    67     3     8  1982      44    frst                        0.000       0.000       0.000       0.000
    67     3     8  1982      45    frst                        0.000       0.000       0.000       0.000
    67     3     8  1982      46    frse                        0.000       0.000       0.000       0.000
    67     3     8  1982      47    frse                        0.000       0.000       0.000       0.000
    67     3     8  1982      48    frse                        0.000       0.000       0.000       0.000
    67     3     8  1982      49    frse                        0.000       0.000       0.000       0.000
    67     3     8  1982      50    frse                        0.000       0.000       0.000       0.000
    67     3     8  1982      51    past                        0.000       0.000       0.000       0.000
    67     3     8  1982      52    past                        0.000       0.000       0.000       0.000
    67     3     8  1982      53    frst                        0.000       0.000       0.000       0.000
    67     3     8  1982      54    frst                        0.000       0.000       0.000       0.000
    67     3     8  1982      55    frse                        0.000       0.000       0.000       0.000
    67     3     8  1982      56    frse                        0.000       0.000       0.000       0.000
    67     3     8  1982      57    rngb                        0.000       0.000       0.000       0.000
    67     3     8  1982      58    rngb                        0.000       0.000       0.000       0.000
    67     3     8  1982      59    past                        0.000       0.000       0.000       0.000
    67     3     8  1982      60    past                        0.000       0.000       0.000       0.000
    67     3     8  1982      61    past                        0.000       0.000       0.000       0.000
    67     3     8  1982      62    past                        0.000       0.000       0.000       0.000
    67     3     8  1982      63    frst                        0.000       0.000       0.000       0.000
    67     3     8  1982      64    frst                        0.000       0.000       0.000       0.000
    67     3     8  1982      65    frse                        0.000       0.000       0.000       0.000
    67     3     8  1982      66    frse                        0.000       0.000       0.000       0.000
    67     3     8  1982      67    frst                        0.000       0.000       0.000       0.000
    67     3     8  1982      68    frst                        0.000       0.000       0.000       0.000
    67     3     8  1982      69    frst                        0.000       0.000       0.000       0.000
    67     3     8  1982      70    frst                        0.000       0.000       0.000       0.000
    67     3     8  1982      71    frst                        0.000       0.000       0.000       0.000
    67     3     8  1982      72    frst                        0.000       0.000       0.000       0.000
    67     3     8  1982      73    past                        0.000       0.000       0.000       0.000
    67     3     8  1982      74    past                        0.000       0.000       0.000       0.000
    67     3     8  1982      75    past                        0.000       0.000       0.000       0.000
    67     3     8  1982      76    past                        0.000       0.000       0.000       0.000
    67     3     8  1982      77    past                        0.000       0.000       0.000       0.000
    67     3     8  1982      78    past                        0.000       0.000       0.000       0.000
    67     3     8  1982      79    past                        0.000       0.000       0.000       0.000
    67     3     8  1982      80    past                        0.000       0.000       0.000       0.000
    67     3     8  1982      81    frst                        0.000       0.000       0.000       0.000
    67     3     8  1982      82    frst                        0.000       0.000       0.000       0.000
    67     3     8  1982      83    frst                        0.000       0.000       0.000       0.000
    67     3     8  1982      84    frst                        0.000       0.000       0.000       0.000
    67     3     8  1982      85    past                        0.000       0.000       0.000       0.000
    67     3     8  1982      86    past                        0.000       0.000       0.000       0.000
    67     3     8  1982      87    past                        0.000       0.000       0.000       0.000
    67     3     8  1982      88    past                        0.000       0.000       0.000       0.000
    67     3     8  1982      89    past                        0.000       0.000       0.000       0.000
    67     3     8  1982      90    rngb                        0.000       0.000       0.000       0.000
    67     3     8  1982      91    rngb                        0.000       0.000       0.000       0.000
    67     3     8  1982      92    rngb                        0.000       0.000       0.000       0.000
    67     3     8  1982      93    rngb                        0.000       0.000       0.000       0.000
    67     3     8  1982      94    rngb                        0.000       0.000       0.000       0.000
    67     3     8  1982      95    frse                        0.000       0.000       0.000       0.000
    67     3     8  1982      96    frse                        0.000       0.000       0.000       0.000
    67     3     8  1982      97    frse                        0.000       0.000       0.000       0.000
    67     3     8  1982      98    frse                        0.000       0.000       0.000       0.000
    67     3     8  1982      99    past                        0.000       0.000       0.000       0.000
    67     3     8  1982     100    past                        0.000       0.000       0.000       0.000
    67     3     8  1982     101    past                        0.000       0.000       0.000       0.000
    67     3     8  1982     102    past                        0.000       0.000       0.000       0.000
    67     3     8  1982     103    past                        0.000       0.000       0.000       0.000
    67     3     8  1982     104    past                        0.000       0.000       0.000       0.000
    67     3     8  1982     105    past                        0.000       0.000       0.000       0.000
    67     3     8  1982     106    past                        0.000       0.000       0.000       0.000
    67     3     8  1982     107    past                        0.000       0.000       0.000       0.000
    67     3     8  1982     108    past                        0.000       0.000       0.000       0.000
    67     3     8  1982     109    past                        0.000       0.000       0.000       0.000
    67     3     8  1982     110    past                        0.000       0.000       0.000       0.000
    67     3     8  1982     111    frst                        0.000       0.000       0.000       0.000
    67     3     8  1982     112    frst                        0.000       0.000       0.000       0.000
    67     3     8  1982     113    frst                        0.000       0.000       0.000       0.000
    67     3     8  1982     114    frst                        0.000       0.000       0.000       0.000
    67     3     8  1982     115    frst                        0.000       0.000       0.000       0.000
    67     3     8  1982     116    frst                        0.000       0.000       0.000       0.000
    67     3     8  1982     117    frst                        0.000       0.000       0.000       0.000
    67     3     8  1982     118    frst                        0.000       0.000       0.000       0.000
    67     3     8  1982     119    frst                        0.000       0.000       0.000       0.000
    67     3     8  1982     120    frst                        0.000       0.000       0.000       0.000
    67     3     8  1982     121    past                        0.000       0.000       0.000       0.000
    67     3     8  1982     122    past                        0.000       0.000       0.000       0.000
    67     3     8  1982     123    past                        0.000       0.000       0.000       0.000
    67     3     8  1982     124    past                        0.000       0.000       0.000       0.000
    67     3     8  1982     125    past                        0.000       0.000       0.000       0.000
    67     3     8  1982     126    past                        0.000       0.000       0.000       0.000
    67     3     8  1982     127    past                        0.000       0.000       0.000       0.000
    67     3     8  1982     128    shrb                        0.000       0.000       0.000       0.000
    67     3     8  1982     129    shrb                        0.000       0.000       0.000       0.000
    67     3     8  1982     130    shrb                        0.000       0.000       0.000       0.000
    67     3     8  1982     131    shrb                        0.000       0.000       0.000       0.000
    67     3     8  1982     132    shrb                        0.000       0.000       0.000       0.000
    67     3     8  1982     133    shrb                        0.000       0.000       0.000       0.000
    67     3     8  1982     134    shrb                        0.000       0.000       0.000       0.000
    67     3     8  1982     135    shrb                        0.000       0.000       0.000       0.000
    67     3     8  1982     136    frst                        0.000       0.000       0.000       0.000
    67     3     8  1982     137    frst                        0.000       0.000       0.000       0.000
    67     3     8  1982     138    frst                        0.000       0.000       0.000       0.000
    67     3     8  1982     139    frst                        0.000       0.000       0.000       0.000
    67     3     8  1982     140    frst                        0.000       0.000       0.000       0.000
    67     3     8  1982     141    frst                        0.000       0.000       0.000       0.000
    67     3     8  1982     142    past                        0.000       0.000       0.000       0.000
    67     3     8  1982     143    past                        0.000       0.000       0.000       0.000
    67     3     8  1982     144    past                        0.000       0.000       0.000       0.000
    67     3     8  1982     145    past                        0.000       0.000       0.000       0.000
    67     3     8  1982     146    past                        0.000       0.000       0.000       0.000
    67     3     8  1982     147    past                        0.000       0.000       0.000       0.000
    67     3     8  1982     148    past                        0.000       0.000       0.000       0.000
    67     3     8  1982     149    past                        0.000       0.000       0.000       0.000
    67     3     8  1982     150    past                        0.000       0.000       0.000       0.000
    67     3     8  1982     151    past                        0.000       0.000       0.000       0.000
    67     3     8  1982     152    past                        0.000       0.000       0.000       0.000
    67     3     8  1982     153    frse                        0.000       0.000       0.000       0.000
    67     3     8  1982     154    frse                        0.000       0.000       0.000       0.000
    67     3     8  1982     155    frse                        0.000       0.000       0.000       0.000
    67     3     8  1982     156    frse                        0.000       0.000       0.000       0.000
    67     3     8  1982     157    frse                        0.000       0.000       0.000       0.000
    67     3     8  1982     158    frse                        0.000       0.000       0.000       0.000
    67     3     8  1982     159    frse                        0.000       0.000       0.000       0.000
    67     3     8  1982     160    frse                        0.000       0.000       0.000       0.000
    67     3     8  1982     161    frse                        0.000       0.000       0.000       0.000
    67     3     8  1982     162    rngb                        0.000       0.000       0.000       0.000
    67     3     8  1982     163    rngb                        0.000       0.000       0.000       0.000
    67     3     8  1982     164    rngb                        0.000       0.000       0.000       0.000
    67     3     8  1982     165    rngb                        0.000       0.000       0.000       0.000
    67     3     8  1982     166    rngb                        0.000       0.000       0.000       0.000
    67     3     8  1982     167    rngb                        0.000       0.000       0.000       0.000
    67     3     8  1982     168    rngb                        0.000       0.000       0.000       0.000
    67     3     8  1982     169    past                        0.000       0.000       0.000       0.000
    67     3     8  1982     170    past                        0.000       0.000       0.000       0.000
    67     3     8  1982     171    past                        0.000       0.000       0.000       0.000
    67     3     8  1982     172    past                        0.000       0.000       0.000       0.000
    67     3     8  1982     173    past                        0.000       0.000       0.000       0.000
    67     3     8  1982     174    past                        0.000       0.000       0.000       0.000
    67     3     8  1982     175    frst                        0.000       0.000       0.000       0.000
    67     3     8  1982     176    frst                        0.000       0.000       0.000       0.000
    67     3     8  1982     177    frse                        0.000       0.000       0.000       0.000
    67     3     8  1982     178    frse                        0.000       0.000       0.000       0.000
    67     3     8  1982     179    frst                        0.000       0.000       0.000       0.000
    67     3     8  1982     180    frst                        0.000       0.000       0.000       0.000
    67     3     8  1982     181    frst                        0.000       0.000       0.000       0.000
    67     3     8  1982     182    frst                        0.000       0.000       0.000       0.000
    67     3     8  1982     183    frst                        0.000       0.000       0.000       0.000
    67     3     8  1982     184    frst                        0.000       0.000       0.000       0.000
    67     3     8  1982     185    frst                        0.000       0.000       0.000       0.000
    67     3     8  1982     186    frse                        0.000       0.000       0.000       0.000
    67     3     8  1982     187    frse                        0.000       0.000       0.000       0.000
    67     3     8  1982     188    frse                        0.000       0.000       0.000       0.000
    67     3     8  1982     189    frse                        0.000       0.000       0.000       0.000
    67     3     8  1982     190    frse                        0.000       0.000       0.000       0.000
    67     3     8  1982     191    rngb                        0.000       0.000       0.000       0.000
    67     3     8  1982     192    rngb                        0.000       0.000       0.000       0.000
    67     3     8  1982     193    rngb                        0.000       0.000       0.000       0.000
    67     3     8  1982     194    rngb                        0.000       0.000       0.000       0.000
    67     3     8  1982     195    rngb                        0.000       0.000       0.000       0.000
    67     3     8  1982     196    rngb                        0.000       0.000       0.000       0.000
    67     3     8  1982     197    rngb                        0.000       0.000       0.000       0.000
    67     3     8  1982     198    frst                        0.000       0.000       0.000       0.000
    67     3     8  1982     199    frst                        0.000       0.000       0.000       0.000
    67     3     8  1982     200    frst                        0.000       0.000       0.000       0.000
    67     3     8  1982     201    frst                        0.000       0.000       0.000       0.000
    67     3     8  1982     202    frst                        0.000       0.000       0.000       0.000
    67     3     8  1982     203    frst                        0.000       0.000       0.000       0.000
    67     3     8  1982     204    frse                        0.000       0.000       0.000       0.000
    67     3     8  1982     205    frse                        0.000       0.000       0.000       0.000
    67     3     8  1982     206    past                        0.000       0.000       0.000       0.000
    67     3     8  1982     207    past                        0.000       0.000       0.000       0.000
    67     3     8  1982     208    past                        0.000       0.000       0.000       0.000
    67     3     8  1982     209    past                        0.000       0.000       0.000       0.000
    67     3     8  1982     210    past                        0.000       0.000       0.000       0.000
    67     3     8  1982     211    past                        0.000       0.000       0.000       0.000
    67     3     8  1982     212    past                        0.000       0.000       0.000       0.000
    67     3     8  1982     213    past                        0.000       0.000       0.000       0.000
    67     3     8  1982     214    past                        0.000       0.000       0.000       0.000
    67     3     8  1982     215    frst                        0.000       0.000       0.000       0.000
    67     3     8  1982     216    frst                        0.000       0.000       0.000       0.000
    67     3     8  1982     217    shrb                        0.000       0.000       0.000       0.000
    67     3     8  1982     218    shrb                        0.000       0.000       0.000       0.000
    67     3     8  1982     219    shrb                        0.000       0.000       0.000       0.000
    67     3     8  1982     220    shrb                        0.000       0.000       0.000       0.000
    67     3     8  1982     221    shrb                        0.000       0.000       0.000       0.000
    67     3     8  1982     222    shrb                        0.000       0.000       0.000       0.000
    67     3     8  1982     223    shrb                        0.000       0.000       0.000       0.000
    67     3     8  1982     224    shrb                        0.000       0.000       0.000       0.000
    67     3     8  1982     225    past                        0.000       0.000       0.000       0.000
    67     3     8  1982     226    past                        0.000       0.000       0.000       0.000
    67     3     8  1982     227    past                        0.000       0.000       0.000       0.000
    67     3     8  1982     228    past                        0.000       0.000       0.000       0.000
    67     3     8  1982     229    past                        0.000       0.000       0.000       0.000
    67     3     8  1982     230    past                        0.000       0.000       0.000       0.000
    67     3     8  1982     231    past                        0.000       0.000       0.000       0.000
    67     3     8  1982     232    past                        0.000       0.000       0.000       0.000
    67     3     8  1982     233    frst                        0.000       0.000       0.000       0.000
    67     3     8  1982     234    frst                        0.000       0.000       0.000       0.000
    67     3     8  1982     235    frse                        0.000       0.000       0.000       0.000
    67     3     8  1982     236    frse                        0.000       0.000       0.000       0.000
    67     3     8  1982     237    past                        0.000       0.000       0.000       0.000
    67     3     8  1982     238    past                        0.000       0.000       0.000       0.000
    67     3     8  1982     239    past                        0.000       0.000       0.000       0.000
    67     3     8  1982     240    past                        0.000       0.000       0.000       0.000
    67     3     8  1982     241    past                        0.000       0.000       0.000       0.000
    67     3     8  1982     242    frst                        0.000       0.000       0.000       0.000
    67     3     8  1982     243    frst                        0.000       0.000       0.000       0.000
    67     3     8  1982     244    frst                        0.000       0.000       0.000       0.000
    67     3     8  1982     245    frst                        0.000       0.000       0.000       0.000
    67     3     8  1982     246    frst                        0.000       0.000       0.000       0.000
    67     3     8  1982     247    frst                        0.000       0.000       0.000       0.000
    67     3     8  1982     248    past                        0.000       0.000       0.000       0.000
    67     3     8  1982     249    past                        0.000       0.000       0.000       0.000
    67     3     8  1982     250    past                        0.000       0.000       0.000       0.000
    67     3     8  1982     251    past                        0.000       0.000       0.000       0.000
    67     3     8  1982     252    past                        0.000       0.000       0.000       0.000
    67     3     8  1982     253    past                        0.000       0.000       0.000       0.000
    67     3     8  1982     254    past                        0.000       0.000       0.000       0.000
    67     3     8  1982     255    shrb                        0.000       0.000       0.000       0.000
    67     3     8  1982     256    shrb                        0.000       0.000       0.000       0.000
    67     3     8  1982     257    shrb                        0.000       0.000       0.000       0.000
    67     3     8  1982     258    shrb                        0.000       0.000       0.000       0.000
    67     3     8  1982     259    shrb                        0.000       0.000       0.000       0.000
    67     3     8  1982     260    shrb                        0.000       0.000       0.000       0.000
    67     3     8  1982     261    frst                        0.000       0.000       0.000       0.000
    67     3     8  1982     262    frst                        0.000       0.000       0.000       0.000
    67     3     8  1982     263    frst                        0.000       0.000       0.000       0.000
    67     3     8  1982     264    frst                        0.000       0.000       0.000       0.000
    67     3     8  1982     265    frst                        0.000       0.000       0.000       0.000
    67     3     8  1982     266    frst                        0.000       0.000       0.000       0.000
    67     3     8  1982     267    past                        0.000       0.000       0.000       0.000
    67     3     8  1982     268    past                        0.000       0.000       0.000       0.000
    67     3     8  1982     269    past                        0.000       0.000       0.000       0.000
    67     3     8  1982     270    past                        0.000       0.000       0.000       0.000
    67     3     8  1982     271    past                        0.000       0.000       0.000       0.000
    67     3     8  1982     272    past                        0.000       0.000       0.000       0.000
    67     3     8  1982     273    past                        0.000       0.000       0.000       0.000
    67     3     8  1982     274    frst                        0.000       0.000       0.000       0.000
    67     3     8  1982     275    frst                        0.000       0.000       0.000       0.000
    67     3     8  1982     276    frst                        0.000       0.000       0.000       0.000
    67     3     8  1982     277    frst                        0.000       0.000       0.000       0.000
    67     3     8  1982     278    frst                        0.000       0.000       0.000       0.000
    67     3     8  1982     279    past                        0.000       0.000       0.000       0.000
    67     3     8  1982     280    past                        0.000       0.000       0.000       0.000
    67     3     8  1982     281    past                        0.000       0.000       0.000       0.000
    67     3     8  1982     282    past                        0.000       0.000       0.000       0.000
    67     3     8  1982     283    past                        0.000       0.000       0.000       0.000
    67     3     8  1982     284    past                        0.000       0.000       0.000       0.000
    67     3     8  1982     285    past                        0.000       0.000       0.000       0.000
    67     3     8  1982     286    past                        0.000       0.000       0.000       0.000
    67     3     8  1982     287    past                        0.000       0.000       0.000       0.000
    67     3     8  1982     288    past                        0.000       0.000       0.000       0.000
    67     3     8  1982     289    agrl                        0.000       0.000       0.000       0.000
    67     3     8  1982     290    agrl                        0.000       0.000       0.000       0.000
    67     3     8  1982     291    agrl                        0.000       0.000       0.000       0.000
    67     3     8  1982     292    past                        0.000       0.000       0.000       0.000
    67     3     8  1982     293    past                        0.000       0.000       0.000       0.000
    67     3     8  1982     294    past                        0.000       0.000       0.000       0.000
    67     3     8  1982     295    past                        0.000       0.000       0.000       0.000
    67     3     8  1982     296    past                        0.000       0.000       0.000       0.000
    67     3     8  1982     297    past                        0.000       0.000       0.000       0.000
    67     3     8  1982     298    past                        0.000       0.000       0.000       0.000
    67     3     8  1982     299    frst                        0.000       0.000       0.000       0.000
    67     3     8  1982     300    frst                        0.000       0.000       0.000       0.000
    67     3     8  1982     301    frst                        0.000       0.000       0.000       0.000
    67     3     8  1982     302    frse                        0.000       0.000       0.000       0.000
    67     3     8  1982     303    frse                        0.000       0.000       0.000       0.000
    67     3     8  1982     304    frse                        0.000       0.000       0.000       0.000
    67     3     8  1982     305    frse                        0.000       0.000       0.000       0.000
    67     3     8  1982     306    frst                        0.000       0.000       0.000       0.000
    67     3     8  1982     307    frst                        0.000       0.000       0.000       0.000
    67     3     8  1982     308    frst                        0.000       0.000       0.000       0.000
    67     3     8  1982     309    frst                        0.000       0.000       0.000       0.000
    67     3     8  1982     310    frst                        0.000       0.000       0.000       0.000
    67     3     8  1982     311    frst                        0.000       0.000       0.000       0.000
    67     3     8  1982     312    frst                        0.000       0.000       0.000       0.000
    67     3     8  1982     313    frst                        0.000       0.000       0.000       0.000
    67     3     8  1982     314    frst                        0.000       0.000       0.000       0.000
    67     3     8  1982     315    frst                        0.000       0.000       0.000       0.000
    67     3     8  1982     316    frst                        0.000       0.000       0.000       0.000
    67     3     8  1982     317    frst                        0.000       0.000       0.000       0.000
    67     3     8  1982     318    shrb                        0.000       0.000       0.000       0.000
    67     3     8  1982     319    shrb                        0.000       0.000       0.000       0.000
    67     3     8  1982     320    shrb                        0.000       0.000       0.000       0.000
    67     3     8  1982     321    shrb                        0.000       0.000       0.000       0.000
    67     3     8  1982     322    shrb                        0.000       0.000       0.000       0.000
    67     3     8  1982     323    shrb                        0.000       0.000       0.000       0.000
    67     3     8  1982     324    shrb                        0.000       0.000       0.000       0.000
    67     3     8  1982     325    past                        0.000       0.000       0.000       0.000
    67     3     8  1982     326    past                        0.000       0.000       0.000       0.000
    67     3     8  1982     327    past                        0.000       0.000       0.000       0.000
    67     3     8  1982     328    past                        0.000       0.000       0.000       0.000
    67     3     8  1982     329    frst                        0.000       0.000       0.000       0.000
    67     3     8  1982     330    frst                        0.000       0.000       0.000       0.000
    67     3     8  1982     331    frst                        0.000       0.000       0.000       0.000
    67     3     8  1982     332    frst                        0.000       0.000       0.000       0.000
    67     3     8  1982     333    frst                        0.000       0.000       0.000       0.000
    67     3     8  1982     334    frst                        0.000       0.000       0.000       0.000
    67     3     8  1982     335    shrb                        0.000       0.000       0.000       0.000
    67     3     8  1982     336    shrb                        0.000       0.000       0.000       0.000
    67     3     8  1982     337    shrb                        0.000       0.000       0.000       0.000
    67     3     8  1982     338    shrb                        0.000       0.000       0.000       0.000
    67     3     8  1982     339    shrb                        0.000       0.000       0.000       0.000
    67     3     8  1982     340    shrb                        0.000       0.000       0.000       0.000
    67     3     8  1982     341    shrb                        0.000       0.000       0.000       0.000
    67     3     8  1982     342    shrb                        0.000       0.000       0.000       0.000
    67     3     8  1982     343    past                        0.000       0.000       0.000       0.000
    67     3     8  1982     344    past                        0.000       0.000       0.000       0.000
    67     3     8  1982     345    past                        0.000       0.000       0.000       0.000
    67     3     8  1982     346    past                        0.000       0.000       0.000       0.000
    67     3     8  1982     347    past                        0.000       0.000       0.000       0.000
    67     3     8  1982     348    past                        0.000       0.000       0.000       0.000
    67     3     8  1982     349    past                        0.000       0.000       0.000       0.000
    67     3     8  1982     350    past                        0.000       0.000       0.000       0.000
    67     3     8  1982     351    past                        0.000       0.000       0.000       0.000
    67     3     8  1982     352    frst                        0.000       0.000       0.000       0.000
    67     3     8  1982     353    frst                        0.000       0.000       0.000       0.000
    67     3     8  1982     354    past                        0.000       0.000       0.000       0.000
    67     3     8  1982     355    frst                        0.000       0.000       0.000       0.000
    67     3     8  1982     356    frst                        0.000       0.000       0.000       0.000
    67     3     8  1982     357    frst                        0.000       0.000       0.000       0.000
    67     3     8  1982     358    frst                        0.000       0.000       0.000       0.000
    67     3     8  1982     359    frst                        0.000       0.000       0.000       0.000
    67     3     8  1982     360    frst                        0.000       0.000       0.000       0.000
    67     3     8  1982     361    past                        0.000       0.000       0.000       0.000
    67     3     8  1982     362    past                        0.000       0.000       0.000       0.000
    67     3     8  1982     363    past                        0.000       0.000       0.000       0.000
    67     3     8  1982     364    past                        0.000       0.000       0.000       0.000
    67     3     8  1982     365    past                        0.000       0.000       0.000       0.000
    67     3     8  1982     366    past                        0.000       0.000       0.000       0.000
    67     3     8  1982     367    past                        0.000       0.000       0.000       0.000
    67     3     8  1982     368    shrb                        0.000       0.000       0.000       0.000
    67     3     8  1982     369    shrb                        0.000       0.000       0.000       0.000
    67     3     8  1982     370    shrb                        0.000       0.000       0.000       0.000
    67     3     8  1982     371    shrb                        0.000       0.000       0.000       0.000
    67     3     8  1982     372    shrb                        0.000       0.000       0.000       0.000
    67     3     8  1982     373    shrb                        0.000       0.000       0.000       0.000
    67     3     8  1982     374    shrb                        0.000       0.000       0.000       0.000
    67     3     8  1982     375    shrb                        0.000       0.000       0.000       0.000
    67     3     8  1982     376    shrb                        0.000       0.000       0.000       0.000
    67     3     8  1982     377    shrb                        0.000       0.000       0.000       0.000
    67     3     8  1982     378    frst                        0.000       0.000       0.000       0.000
    67     3     8  1982     379    frst                        0.000       0.000       0.000       0.000
    67     3     8  1982     380    frst                        0.000       0.000       0.000       0.000
    67     3     8  1982     381    frst                        0.000       0.000       0.000       0.000
    67     3     8  1982     382    frst                        0.000       0.000       0.000       0.000
    67     3     8  1982     383    frst                        0.000       0.000       0.000       0.000
    67     3     8  1982     384    frst                        0.000       0.000       0.000       0.000
    67     3     8  1982     385    frst                        0.000       0.000       0.000       0.000
    67     3     8  1982     386    frst                        0.000       0.000       0.000       0.000
    67     3     8  1982     387    frst                        0.000       0.000       0.000       0.000
    67     3     8  1982     388    frst                        0.000       0.000       0.000       0.000
    67     3     8  1982     389    shrb                        0.000       0.000       0.000       0.000
    67     3     8  1982     390    shrb                        0.000       0.000       0.000       0.000
    67     3     8  1982     391    shrb                        0.000       0.000       0.000       0.000
    67     3     8  1982     392    shrb                        0.000       0.000       0.000       0.000
    67     3     8  1982     393    shrb                        0.000       0.000       0.000       0.000
    67     3     8  1982     394    shrb                        0.000       0.000       0.000       0.000
    67     3     8  1982     395    shrb                        0.000       0.000       0.000       0.000
    67     3     8  1982     396    past                        0.000       0.000       0.000       0.000
    67     3     8  1982     397    past                        0.000       0.000       0.000       0.000
    67     3     8  1982     398    past                        0.000       0.000       0.000       0.000
    67     3     8  1982     399    past                        0.000       0.000       0.000       0.000
    67     3     8  1982     400    frst                        0.000       0.000       0.000       0.000
    67     3     8  1982     401    frst                        0.000       0.000       0.000       0.000
    67     3     8  1982     402    frse                        0.000       0.000       0.000       0.000
    67     3     8  1982     403    frse                        0.000       0.000       0.000       0.000
    67     3     8  1982     404    past                        0.000       0.000       0.000       0.000
    67     3     8  1982     405    past                        0.000       0.000       0.000       0.000
    67     3     8  1982     406    past                        0.000       0.000       0.000       0.000
    67     3     8  1982     407    past                        0.000       0.000       0.000       0.000
    67     3     8  1982     408    past                        0.000       0.000       0.000       0.000
    67     3     8  1982     409    past                        0.000       0.000       0.000       0.000
    67     3     8  1982     410    past                        0.000       0.000       0.000       0.000
    67     3     8  1982     411    frst                        0.000       0.000       0.000       0.000
    67     3     8  1982     412    frst                        0.000       0.000       0.000       0.000
    67     3     8  1982     413    frst                        0.000       0.000       0.000       0.000
    67     3     8  1982     414    frst                        0.000       0.000       0.000       0.000
    67     3     8  1982     415    frst                        0.000       0.000       0.000       0.000
    67     3     8  1982     416    frst                        0.000       0.000       0.000       0.000
    67     3     8  1982     417    frst                        0.000       0.000       0.000       0.000
    67     3     8  1982     418    frst                        0.000       0.000       0.000       0.000
    67     3     8  1982     419    frst                        0.000       0.000       0.000       0.000
    67     3     8  1982     420    frst                        0.000       0.000       0.000       0.000
    67     3     8  1982     421    frst                        0.000       0.000       0.000       0.000
    67     3     8  1982     422    frst                        0.000       0.000       0.000       0.000
    67     3     8  1982     423    frst                        0.000       0.000       0.000       0.000
    67     3     8  1982     424    frst                        0.000       0.000       0.000       0.000
    67     3     8  1982     425    frst                        0.000       0.000       0.000       0.000
    67     3     8  1982     426    frst                        0.000       0.000       0.000       0.000
    67     3     8  1982     427    frst                        0.000       0.000       0.000       0.000
    67     3     8  1982     428    frse                        0.000       0.000       0.000       0.000
    67     3     8  1982     429    frse                        0.000       0.000       0.000       0.000
    67     3     8  1982     430    frse                        0.000       0.000       0.000       0.000
    67     3     8  1982     431    frse                        0.000       0.000       0.000       0.000
    67     3     8  1982     432    frse                        0.000       0.000       0.000       0.000
    67     3     8  1982     433    frse                        0.000       0.000       0.000       0.000
    67     3     8  1982     434    frse                        0.000       0.000       0.000       0.000
    67     3     8  1982     435    frse                        0.000       0.000       0.000       0.000
    67     3     8  1982     436    past                        0.000       0.000       0.000       0.000
    67     3     8  1982     437    past                        0.000       0.000       0.000       0.000
    67     3     8  1982     438    past                        0.000       0.000       0.000       0.000
    67     3     8  1982     439    past                        0.000       0.000       0.000       0.000
    67     3     8  1982     440    past                        0.000       0.000       0.000       0.000
    67     3     8  1982     441    past                        0.000       0.000       0.000       0.000
    67     3     8  1982     442    past                        0.000       0.000       0.000       0.000
    67     3     8  1982     443    past                        0.000       0.000       0.000       0.000
    67     3     8  1982     444    past                        0.000       0.000       0.000       0.000
    67     3     8  1982     445    frst                        0.000       0.000       0.000       0.000
    67     3     8  1982     446    frst                        0.000       0.000       0.000       0.000
    67     3     8  1982     447    past                        0.000       0.000       0.000       0.000
    67     3     8  1982     448    past                        0.000       0.000       0.000       0.000
    67     3     8  1982     449    frst                        0.000       0.000       0.000       0.000
    67     3     8  1982     450    frst                        0.000       0.000       0.000       0.000
    67     3     8  1982     451    frse                        0.000       0.000       0.000       0.000
    67     3     8  1982     452    frse                        0.000       0.000       0.000       0.000
    67     3     8  1982     453    frse                        0.000       0.000       0.000       0.000
    67     3     8  1982     454    frst                        0.000       0.000       0.000       0.000
    67     3     8  1982     455    frst                        0.000       0.000       0.000       0.000
    67     3     8  1982     456    frst                        0.000       0.000       0.000       0.000
    67     3     8  1982     457    frst                        0.000       0.000       0.000       0.000
    67     3     8  1982     458    frst                        0.000       0.000       0.000       0.000
    67     3     8  1982     459    past                        0.000       0.000       0.000       0.000
    67     3     8  1982     460    past                        0.000       0.000       0.000       0.000
    67     3     8  1982     461    past                        0.000       0.000       0.000       0.000
    67     3     8  1982     462    past                        0.000       0.000       0.000       0.000
    67     3     8  1982     463    past                        0.000       0.000       0.000       0.000
    67     3     8  1982     464    past                        0.000       0.000       0.000       0.000
    67     3     8  1982     465    past                        0.000       0.000       0.000       0.000
    67     3     8  1982     466    past                        0.000       0.000       0.000       0.000
    67     3     8  1982     467    past                        0.000       0.000       0.000       0.000
    67     3     8  1982     468    past                        0.000       0.000       0.000       0.000
    67     3     8  1982     469    past                        0.000       0.000       0.000       0.000
    67     3     8  1982     470    past                        0.000       0.000       0.000       0.000
    67     3     8  1982     471    past                        0.000       0.000       0.000       0.000
    67     3     8  1982     472    past                        0.000       0.000       0.000       0.000
    67     3     8  1982     473    past                        0.000       0.000       0.000       0.000
    67     3     8  1982     474    past                        0.000       0.000       0.000       0.000
    67     3     8  1982     475    past                        0.000       0.000       0.000       0.000
    67     3     8  1982     476    frst                        0.000       0.000       0.000       0.000
    67     3     8  1982     477    frst                        0.000       0.000       0.000       0.000
    67     3     8  1982     478    frse                        0.000       0.000       0.000       0.000
    67     3     8  1982     479    frse                        0.000       0.000       0.000       0.000
    67     3     8  1982     480    frse                        0.000       0.000       0.000       0.000
    67     3     8  1982     481    frst                        0.000       0.000       0.000       0.000
    67     3     8  1982     482    frst                        0.000       0.000       0.000       0.000
    67     3     8  1982     483    frst                        0.000       0.000       0.000       0.000
    67     3     8  1982     484    frse                        0.000       0.000       0.000       0.000
    67     3     8  1982     485    frse                        0.000       0.000       0.000       0.000
    67     3     8  1982     486    frse                        0.000       0.000       0.000       0.000
    67     3     8  1982     487    frst                        0.000       0.000       0.000       0.000
    67     3     8  1982     488    frst                        0.000       0.000       0.000       0.000
    67     3     8  1982     489    frst                        0.000       0.000       0.000       0.000
    67     3     8  1982     490    frst                        0.000       0.000       0.000       0.000
    67     3     8  1982     491    past                        0.000       0.000       0.000       0.000
    67     3     8  1982     492    past                        0.000       0.000       0.000       0.000
    67     3     8  1982     493    past                        0.000       0.000       0.000       0.000
    67     3     8  1982     494    past                        0.000       0.000       0.000       0.000
    67     3     8  1982     495    past                        0.000       0.000       0.000       0.000
    67     3     8  1982     496    past                        0.000       0.000       0.000       0.000
    67     3     8  1982     497    past                        0.000       0.000       0.000       0.000
    67     3     8  1982     498    shrb                        0.000       0.000       0.000       0.000
    67     3     8  1982     499    shrb                        0.000       0.000       0.000       0.000
    67     3     8  1982     500    shrb                        0.000       0.000       0.000       0.000
    67     3     8  1982     501    shrb                        0.000       0.000       0.000       0.000
    67     3     8  1982     502    shrb                        0.000       0.000       0.000       0.000
    67     3     8  1982     503    shrb                        0.000       0.000       0.000       0.000
    67     3     8  1982     504    shrb                        0.000       0.000       0.000       0.000
    67     3     8  1982     505    past                        0.000       0.000       0.000       0.000
    67     3     8  1982     506    past                        0.000       0.000       0.000       0.000
    67     3     8  1982     507    past                        0.000       0.000       0.000       0.000
    67     3     8  1982     508    past                        0.000       0.000       0.000       0.000
    67     3     8  1982     509    past                        0.000       0.000       0.000       0.000
    67     3     8  1982     510    frst                        0.000       0.000       0.000       0.000
    67     3     8  1982     511    frst                        0.000       0.000       0.000       0.000
    67     3     8  1982     512    agrl                        0.000       0.000       0.000       0.000
    67     3     8  1982     513    agrl                        0.000       0.000       0.000       0.000
    67     3     8  1982     514    agrl                        0.000       0.000       0.000       0.000
    67     3     8  1982     515    agrl                        0.000       0.000       0.000       0.000
    67     3     8  1982     516    agrl                        0.000       0.000       0.000       0.000
    67     3     8  1982     517    agrl                        0.000       0.000       0.000       0.000
    67     3     8  1982     518    frst                        0.000       0.000       0.000       0.000
    67     3     8  1982     519    frst                        0.000       0.000       0.000       0.000
    67     3     8  1982     520    frst                        0.000       0.000       0.000       0.000
    67     3     8  1982     521    frst                        0.000       0.000       0.000       0.000
    67     3     8  1982     522    frst                        0.000       0.000       0.000       0.000
    67     3     8  1982     523    frst                        0.000       0.000       0.000       0.000
    67     3     8  1982     524    frst                        0.000       0.000       0.000       0.000
    67     3     8  1982     525    past                        0.000       0.000       0.000       0.000
    67     3     8  1982     526    past                        0.000       0.000       0.000       0.000
    67     3     8  1982     527    past                        0.000       0.000       0.000       0.000
    67     3     8  1982     528    past                        0.000       0.000       0.000       0.000
    67     3     8  1982     529    shrb                        0.000       0.000       0.000       0.000
    67     3     8  1982     530    shrb                        0.000       0.000       0.000       0.000
    67     3     8  1982     531    shrb                        0.000       0.000       0.000       0.000
    67     3     8  1982     532    shrb                        0.000       0.000       0.000       0.000
    67     3     8  1982     533    shrb                        0.000       0.000       0.000       0.000
    67     3     8  1982     534    shrb                        0.000       0.000       0.000       0.000
    67     3     8  1982     535    shrb                        0.000       0.000       0.000       0.000
    67     3     8  1982     536    shrb                        0.000       0.000       0.000       0.000
    67     3     8  1982     537    frst                        0.000       0.000       0.000       0.000
    67     3     8  1982     538    frst                        0.000       0.000       0.000       0.000
    67     3     8  1982     539    frst                        0.000       0.000       0.000       0.000
    67     3     8  1982     540    frst                        0.000       0.000       0.000       0.000
    67     3     8  1982     541    past                        0.000       0.000       0.000       0.000
    67     3     8  1982     542    past                        0.000       0.000       0.000       0.000
    67     3     8  1982     543    past                        0.000       0.000       0.000       0.000
    67     3     8  1982     544    past                        0.000       0.000       0.000       0.000
    67     3     8  1982     545    past                        0.000       0.000       0.000       0.000
    67     3     8  1982     546    past                        0.000       0.000       0.000       0.000
    67     3     8  1982     547    past                        0.000       0.000       0.000       0.000
    67     3     8  1982     548    past                        0.000       0.000       0.000       0.000
    67     3     8  1982     549    past                        0.000       0.000       0.000       0.000
    67     3     8  1982     550    shrb                        0.000       0.000       0.000       0.000
    67     3     8  1982     551    shrb                        0.000       0.000       0.000       0.000
    67     3     8  1982     552    shrb                        0.000       0.000       0.000       0.000
    67     3     8  1982     553    shrb                        0.000       0.000       0.000       0.000
    67     3     8  1982     554    shrb                        0.000       0.000       0.000       0.000
    67     3     8  1982     555    shrb                        0.000       0.000       0.000       0.000
    67     3     8  1982     556    frst                        0.000       0.000       0.000       0.000
    67     3     8  1982     557    frst                        0.000       0.000       0.000       0.000
    67     3     8  1982     558    frst                        0.000       0.000       0.000       0.000
    67     3     8  1982     559    frst                        0.000       0.000       0.000       0.000
    67     3     8  1982     560    frst                        0.000       0.000       0.000       0.000
    67     3     8  1982     561    frst                        0.000       0.000       0.000       0.000
    67     3     8  1982     562    past                        0.000       0.000       0.000       0.000
    67     3     8  1982     563    past                        0.000       0.000       0.000       0.000
    67     3     8  1982     564    past                        0.000       0.000       0.000       0.000
    67     3     8  1982     565    past                        0.000       0.000       0.000       0.000
    67     3     8  1982     566    past                        0.000       0.000       0.000       0.000
    67     3     8  1982     567    past                        0.000       0.000       0.000       0.000
    67     3     8  1982     568    past                        0.000       0.000       0.000       0.000
    67     3     8  1982     569    past                        0.000       0.000       0.000       0.000
    67     3     8  1982     570    past                        0.000       0.000       0.000       0.000
    67     3     8  1982     571    past                        0.000       0.000       0.000       0.000
    67     3     8  1982     572    past                        0.000       0.000       0.000       0.000
    67     3     8  1982     573    past                        0.000       0.000       0.000       0.000
    67     3     8  1982     574    past                        0.000       0.000       0.000       0.000
    67     3     8  1982     575    past                        0.000       0.000       0.000       0.000
    67     3     8  1982     576    past                        0.000       0.000       0.000       0.000
    67     3     8  1982     577    past                        0.000       0.000       0.000       0.000
    67     3     8  1982     578    past                        0.000       0.000       0.000       0.000
    67     3     8  1982     579    frst                        0.000       0.000       0.000       0.000
    67     3     8  1982     580    frst                        0.000       0.000       0.000       0.000
    67     3     8  1982     581    frst                        0.000       0.000       0.000       0.000
    67     3     8  1982     582    frst                        0.000       0.000       0.000       0.000
    67     3     8  1982     583    shrb                        0.000       0.000       0.000       0.000
    67     3     8  1982     584    shrb                        0.000       0.000       0.000       0.000
    67     3     8  1982     585    shrb                        0.000       0.000       0.000       0.000
    67     3     8  1982     586    shrb                        0.000       0.000       0.000       0.000
    67     3     8  1982     587    shrb                        0.000       0.000       0.000       0.000
    67     3     8  1982     588    shrb                        0.000       0.000       0.000       0.000
    67     3     8  1982     589    shrb                        0.000       0.000       0.000       0.000
    67     3     8  1982     590    frst                        0.000       0.000       0.000       0.000
    67     3     8  1982     591    frst                        0.000       0.000       0.000       0.000
    67     3     8  1982     592    frst                        0.000       0.000       0.000       0.000
    67     3     8  1982     593    frst                        0.000       0.000       0.000       0.000
    67     3     8  1982     594    frst                        0.000       0.000       0.000       0.000
    67     3     8  1982     595    frst                        0.000       0.000       0.000       0.000
    67     3     8  1982     596    frst                        0.000       0.000       0.000       0.000
    67     3     8  1982     597    frst                        0.000       0.000       0.000       0.000
    67     3     8  1982     598    frst                        0.000       0.000       0.000       0.000
    67     3     8  1982     599    frst                        0.000       0.000       0.000       0.000
    67     3     8  1982     600    shrb                        0.000       0.000       0.000       0.000
    67     3     8  1982     601    shrb                        0.000       0.000       0.000       0.000
    67     3     8  1982     602    shrb                        0.000       0.000       0.000       0.000
    67     3     8  1982     603    shrb                        0.000       0.000       0.000       0.000
    67     3     8  1982     604    shrb                        0.000       0.000       0.000       0.000
    67     3     8  1982     605    shrb                        0.000       0.000       0.000       0.000
    67     3     8  1982     606    shrb                        0.000       0.000       0.000       0.000
    67     3     8  1982     607    shrb                        0.000       0.000       0.000       0.000
    67     3     8  1982     608    shrb                        0.000       0.000       0.000       0.000
    67     3     8  1982     609    frst                        0.000       0.000       0.000       0.000
    67     3     8  1982     610    frst                        0.000       0.000       0.000       0.000
    67     3     8  1982     611    frst                        0.000       0.000       0.000       0.000
    67     3     8  1982     612    frst                        0.000       0.000       0.000       0.000
    67     3     8  1982     613    frst                        0.000       0.000       0.000       0.000
    67     3     8  1982     614    frst                        0.000       0.000       0.000       0.000
    67     3     8  1982     615    frst                        0.000       0.000       0.000       0.000
    67     3     8  1982     616    frst                        0.000       0.000       0.000       0.000
    67     3     8  1982     617    shrb                        0.000       0.000       0.000       0.000
    67     3     8  1982     618    shrb                        0.000       0.000       0.000       0.000
    67     3     8  1982     619    shrb                        0.000       0.000       0.000       0.000
    67     3     8  1982     620    shrb                        0.000       0.000       0.000       0.000
    67     3     8  1982     621    shrb                        0.000       0.000       0.000       0.000
    67     3     8  1982     622    shrb                        0.000       0.000       0.000       0.000
    67     3     8  1982     623    shrb                        0.000       0.000       0.000       0.000
    67     3     8  1982     624    shrb                        0.000       0.000       0.000       0.000
    67     3     8  1982     625    shrb                        0.000       0.000       0.000       0.000
    67     3     8  1982     626    frst                        0.000       0.000       0.000       0.000
    67     3     8  1982     627    frst                        0.000       0.000       0.000       0.000
    67     3     8  1982     628    frst                        0.000       0.000       0.000       0.000
    67     3     8  1982     629    shrb                        0.000       0.000       0.000       0.000
    67     3     8  1982     630    shrb                        0.000       0.000       0.000       0.000
    67     3     8  1982     631    shrb                        0.000       0.000       0.000       0.000
    67     3     8  1982     632    shrb                        0.000       0.000       0.000       0.000
    67     3     8  1982     633    shrb                        0.000       0.000       0.000       0.000
    67     3     8  1982     634    shrb                        0.000       0.000       0.000       0.000
    67     3     8  1982     635    shrb                        0.000       0.000       0.000       0.000
    67     3     8  1982     636    shrb                        0.000       0.000       0.000       0.000
    67     3     8  1982     637    shrb                        0.000       0.000       0.000       0.000
    67     3     8  1982     638    frst                        0.000       0.000       0.000       0.000
    67     3     8  1982     639    frst                        0.000       0.000       0.000       0.000
    67     3     8  1982     640    frst                        0.000       0.000       0.000       0.000
    67     3     8  1982     641    frst                        0.000       0.000       0.000       0.000
    67     3     8  1982     642    frst                        0.000       0.000       0.000       0.000
    67     3     8  1982     643    frst                        0.000       0.000       0.000       0.000
    67     3     8  1982     644    frst                        0.000       0.000       0.000       0.000
    67     3     8  1982     645    frst                        0.000       0.000       0.000       0.000
    67     3     8  1982     646    frst                        0.000       0.000       0.000       0.000
    67     3     8  1982     647    frst                        0.000       0.000       0.000       0.000
    67     3     8  1982     648    frst                        0.000       0.000       0.000       0.000
    67     3     8  1982     649    frst                        0.000       0.000       0.000       0.000
    67     3     8  1982     650    frst                        0.000       0.000       0.000       0.000
    67     3     8  1982     651    frst                        0.000       0.000       0.000       0.000
    67     3     8  1982     652    frst                        0.000       0.000       0.000       0.000
    67     3     8  1982     653    frst                        0.000       0.000       0.000       0.000
    67     3     8  1982     654    frst                        0.000       0.000       0.000       0.000
    67     3     8  1982     655    frst                        0.000       0.000       0.000       0.000
    67     3     8  1982     656    shrb                        0.000       0.000       0.000       0.000
    67     3     8  1982     657    shrb                        0.000       0.000       0.000       0.000
    67     3     8  1982     658    shrb                        0.000       0.000       0.000       0.000
    67     3     8  1982     659    shrb                        0.000       0.000       0.000       0.000
    67     3     8  1982     660    shrb                        0.000       0.000       0.000       0.000
    67     3     8  1982     661    shrb                        0.000       0.000       0.000       0.000
    67     3     8  1982     662    shrb                        0.000       0.000       0.000       0.000
    67     3     8  1982     663    shrb                        0.000       0.000       0.000       0.000
    67     3     8  1982     664    shrb                        0.000       0.000       0.000       0.000
    67     3     8  1982     665    past                        0.000       0.000       0.000       0.000
    67     3     8  1982     666    past                        0.000       0.000       0.000       0.000
    67     3     8  1982     667    frst                        0.000       0.000       0.000       0.000
    67     3     8  1982     668    frst                        0.000       0.000       0.000       0.000
    67     3     8  1982     669    shrb                        0.000       0.000       0.000       0.000
    67     3     8  1982     670    shrb                        0.000       0.000       0.000       0.000
    67     3     8  1982     671    frse                        0.000       0.000       0.000       0.000
    67     3     8  1982     672    frse                        0.000       0.000       0.000       0.000
    67     3     8  1982     673    frse                        0.000       0.000       0.000       0.000
    67     3     8  1982     674    frse                        0.000       0.000       0.000       0.000
    67     3     8  1982     675    past                        0.000       0.000       0.000       0.000
    67     3     8  1982     676    past                        0.000       0.000       0.000       0.000
    67     3     8  1982     677    past                        0.000       0.000       0.000       0.000
    67     3     8  1982     678    past                        0.000       0.000       0.000       0.000
    67     3     8  1982     679    frst                        0.000       0.000       0.000       0.000
    67     3     8  1982     680    frst                        0.000       0.000       0.000       0.000
    67     3     8  1982     681    frst                        0.000       0.000       0.000       0.000
    67     3     8  1982     682    frst                        0.000       0.000       0.000       0.000
    67     3     8  1982     683    past                        0.000       0.000       0.000       0.000
    67     3     8  1982     684    past                        0.000       0.000       0.000       0.000
    67     3     8  1982     685    frst                        0.000       0.000       0.000       0.000
    67     3     8  1982     686    frst                        0.000       0.000       0.000       0.000
    67     3     8  1982     687    past                        0.000       0.000       0.000       0.000
    67     3     8  1982     688    past                        0.000       0.000       0.000       0.000
    67     3     8  1982     689    past                        0.000       0.000       0.000       0.000
    67     3     8  1982     690    past                        0.000       0.000       0.000       0.000
    67     3     8  1982     691    past                        0.000       0.000       0.000       0.000
    67     3     8  1982     692    past                        0.000       0.000       0.000       0.000
    67     3     8  1982     693    frst                        0.000       0.000       0.000       0.000
    67     3     8  1982     694    frst                        0.000       0.000       0.000       0.000
    67     3     8  1982     695    frst                        0.000       0.000       0.000       0.000
    67     3     8  1982     696    frst                        0.000       0.000       0.000       0.000
    67     3     8  1982     697    frst                        0.000       0.000       0.000       0.000
    67     3     8  1982     698    frst                        0.000       0.000       0.000       0.000
    67     3     8  1982     699    frst                        0.000       0.000       0.000       0.000
    67     3     8  1982     700    frst                        0.000       0.000       0.000       0.000
    67     3     8  1982     701    past                        0.000       0.000       0.000       0.000
    67     3     8  1982     702    past                        0.000       0.000       0.000       0.000
    67     3     8  1982     703    frse                        0.000       0.000       0.000       0.000
    67     3     8  1982     704    frse                        0.000       0.000       0.000       0.000
    67     3     8  1982     705    past                        0.000       0.000       0.000       0.000
    67     3     8  1982     706    past                        0.000       0.000       0.000       0.000
    67     3     8  1982     707    past                        0.000       0.000       0.000       0.000
    67     3     8  1982     708    past                        0.000       0.000       0.000       0.000
    67     3     8  1982     709    frst                        0.000       0.000       0.000       0.000
    67     3     8  1982     710    frst                        0.000       0.000       0.000       0.000
    67     3     8  1982     711    frst                        0.000       0.000       0.000       0.000
    67     3     8  1982     712    frst                        0.000       0.000       0.000       0.000
    67     3     8  1982     713    shrb                        0.000       0.000       0.000       0.000
    67     3     8  1982     714    shrb                        0.000       0.000       0.000       0.000
    67     3     8  1982     715    shrb                        0.000       0.000       0.000       0.000
    67     3     8  1982     716    shrb                        0.000       0.000       0.000       0.000
    67     3     8  1982     717    shrb                        0.000       0.000       0.000       0.000
    67     3     8  1982     718    shrb                        0.000       0.000       0.000       0.000
    67     3     8  1982     719    shrb                        0.000       0.000       0.000       0.000
    67     3     8  1982     720    shrb                        0.000       0.000       0.000       0.000
    67     3     8  1982     721    shrb                        0.000       0.000       0.000       0.000
    67     3     8  1982     722    shrb                        0.000       0.000       0.000       0.000
    67     3     8  1982     723    shrb                        0.000       0.000       0.000       0.000
    67     3     8  1982     724    shrb                        0.000       0.000       0.000       0.000
    67     3     8  1982     725    shrb                        0.000       0.000       0.000       0.000
    67     3     8  1982     726    shrb                        0.000       0.000       0.000       0.000
    67     3     8  1982     727    shrb                        0.000       0.000       0.000       0.000
    67     3     8  1982     728    past                        0.000       0.000       0.000       0.000
    67     3     8  1982     729    past                        0.000       0.000       0.000       0.000
    67     3     8  1982     730    past                        0.000       0.000       0.000       0.000
    67     3     8  1982     731    past                        0.000       0.000       0.000       0.000
    67     3     8  1982     732    past                        0.000       0.000       0.000       0.000
    67     3     8  1982     733    past                        0.000       0.000       0.000       0.000
    67     3     8  1982     734    past                        0.000       0.000       0.000       0.000
    67     3     8  1982     735    frst                        0.000       0.000       0.000       0.000
    67     3     8  1982     736    frst                        0.000       0.000       0.000       0.000
    67     3     8  1982     737    frst                        0.000       0.000       0.000       0.000
    67     3     8  1982     738    frst                        0.000       0.000       0.000       0.000
    67     3     8  1982     739    frst                        0.000       0.000       0.000       0.000
    67     3     8  1982     740    frst                        0.000       0.000       0.000       0.000
    67     3     8  1982     741    frst                        0.000       0.000       0.000       0.000
    67     3     8  1982     742    frst                        0.000       0.000       0.000       0.000
    67     3     8  1982     743    frst                        0.000       0.000       0.000       0.000
    67     3     8  1982     744    frst                        0.000       0.000       0.000       0.000
    67     3     8  1982     745    frst                        0.000       0.000       0.000       0.000
    67     3     8  1982     746    frst                        0.000       0.000       0.000       0.000
    67     3     8  1982     747    shrb                        0.000       0.000       0.000       0.000
    67     3     8  1982     748    shrb                        0.000       0.000       0.000       0.000
    67     3     8  1982     749    shrb                        0.000       0.000       0.000       0.000
    67     3     8  1982     750    shrb                        0.000       0.000       0.000       0.000
    67     3     8  1982     751    shrb                        0.000       0.000       0.000       0.000
    67     3     8  1982     752    shrb                        0.000       0.000       0.000       0.000
    67     3     8  1982     753    shrb                        0.000       0.000       0.000       0.000
    67     3     8  1982     754    shrb                        0.000       0.000       0.000       0.000
    67     3     8  1982     755    shrb                        0.000       0.000       0.000       0.000
    67     3     8  1982     756    past                        0.000       0.000       0.000       0.000
    67     3     8  1982     757    past                        0.000       0.000       0.000       0.000
    67     3     8  1982     758    past                        0.000       0.000       0.000       0.000
    67     3     8  1982     759    past                        0.000       0.000       0.000       0.000
    67     3     8  1982     760    past                        0.000       0.000       0.000       0.000
    67     3     8  1982     761    past                        0.000       0.000       0.000       0.000
    67     3     8  1982     762    frst                        0.000       0.000       0.000       0.000
    67     3     8  1982     763    frst                        0.000       0.000       0.000       0.000
    67     3     8  1982     764    past                        0.000       0.000       0.000       0.000
    67     3     8  1982     765    past                        0.000       0.000       0.000       0.000
    67     3     8  1982     766    past                        0.000       0.000       0.000       0.000
    67     3     8  1982     767    past                        0.000       0.000       0.000       0.000
    67     3     8  1982     768    past                        0.000       0.000       0.000       0.000
    67     3     8  1982     769    past                        0.000       0.000       0.000       0.000
    67     3     8  1982     770    shrb                        0.000       0.000       0.000       0.000
    67     3     8  1982     771    shrb                        0.000       0.000       0.000       0.000
    67     3     8  1982     772    shrb                        0.000       0.000       0.000       0.000
    67     3     8  1982     773    shrb                        0.000       0.000       0.000       0.000
    67     3     8  1982     774    shrb                        0.000       0.000       0.000       0.000
    67     3     8  1982     775    shrb                        0.000       0.000       0.000       0.000
    67     3     8  1982     776    shrb                        0.000       0.000       0.000       0.000
    67     3     8  1982     777    past                        0.000       0.000       0.000       0.000
    67     3     8  1982     778    past                        0.000       0.000       0.000       0.000
    67     3     8  1982     779    past                        0.000       0.000       0.000       0.000
    67     3     8  1982     780    past                        0.000       0.000       0.000       0.000
    67     3     8  1982     781    past                        0.000       0.000       0.000       0.000
    67     3     8  1982     782    past                        0.000       0.000       0.000       0.000
    67     3     8  1982     783    frst                        0.000       0.000       0.000       0.000
    67     3     8  1982     784    frst                        0.000       0.000       0.000       0.000
    67     3     8  1982     785    frst                        0.000       0.000       0.000       0.000
    67     3     8  1982     786    frst                        0.000       0.000       0.000       0.000
    67     3     8  1982     787    frst                        0.000       0.000       0.000       0.000
    67     3     8  1982     788    frst                        0.000       0.000       0.000       0.000
    67     3     8  1982     789    frse                        0.000       0.000       0.000       0.000
    67     3     8  1982     790    frse                        0.000       0.000       0.000       0.000
    67     3     8  1982     791    frst                        0.000       0.000       0.000       0.000
    67     3     8  1982     792    frst                        0.000       0.000       0.000       0.000
    67     3     8  1982     793    frst                        0.000       0.000       0.000       0.000
    67     3     8  1982     794    shrb                        0.000       0.000       0.000       0.000
    67     3     8  1982     795    shrb                        0.000       0.000       0.000       0.000
    67     3     8  1982     796    shrb                        0.000       0.000       0.000       0.000
    67     3     8  1982     797    shrb                        0.000       0.000       0.000       0.000
    67     3     8  1982     798    shrb                        0.000       0.000       0.000       0.000
    67     3     8  1982     799    shrb                        0.000       0.000       0.000       0.000
    67     3     8  1982     800    past                        0.000       0.000       0.000       0.000
    67     3     8  1982     801    past                        0.000       0.000       0.000       0.000
    67     3     8  1982     802    shrb                        0.000       0.000       0.000       0.000
    67     3     8  1982     803    shrb                        0.000       0.000       0.000       0.000
    67     3     8  1982     804    frst                        0.000       0.000       0.000       0.000
    67     3     8  1982     805    frst                        0.000       0.000       0.000       0.000
    67     3     8  1982     806    rngb                        0.000       0.000       0.000       0.000
    67     3     8  1982     807    rngb                        0.000       0.000       0.000       0.000
    67     3     8  1982     808    frst                        0.000       0.000       0.000       0.000
    67     3     8  1982     809    frst                        0.000       0.000       0.000       0.000
    67     3     8  1982     810    frst                        0.000       0.000       0.000       0.000
    67     3     8  1982     811    frst                        0.000       0.000       0.000       0.000
    67     3     8  1982     812    frst                        0.000       0.000       0.000       0.000
    67     3     8  1982     813    frst                        0.000       0.000       0.000       0.000
    67     3     8  1982     814    shrb                        0.000       0.000       0.000       0.000
    67     3     8  1982     815    shrb                        0.000       0.000       0.000       0.000
    67     3     8  1982     816    shrb                        0.000       0.000       0.000       0.000
    67     3     8  1982     817    shrb                        0.000       0.000       0.000       0.000
    67     3     8  1982     818    shrb                        0.000       0.000       0.000       0.000
    67     3     8  1982     819    shrb                        0.000       0.000       0.000       0.000
    67     3     8  1982     820    frst                        0.000       0.000       0.000       0.000
    67     3     8  1982     821    frst                        0.000       0.000       0.000       0.000
    67     3     8  1982     822    frst                        0.000       0.000       0.000       0.000
    67     3     8  1982     823    frst                        0.000       0.000       0.000       0.000
    67     3     8  1982     824    frst                        0.000       0.000       0.000       0.000
    67     3     8  1982     825    frst                        0.000       0.000       0.000       0.000
    67     3     8  1982     826    past                        0.000       0.000       0.000       0.000
    67     3     8  1982     827    past                        0.000       0.000       0.000       0.000
    67     3     8  1982     828    past                        0.000       0.000       0.000       0.000
    67     3     8  1982     829    past                        0.000       0.000       0.000       0.000
    67     3     8  1982     830    rngb                        0.000       0.000       0.000       0.000
    67     3     8  1982     831    rngb                        0.000       0.000       0.000       0.000
    67     3     8  1982     832    rngb                        0.000       0.000       0.000       0.000
    67     3     8  1982     833    rngb                        0.000       0.000       0.000       0.000
    67     3     8  1982     834    frse                        0.000       0.000       0.000       0.000
    67     3     8  1982     835    frse                        0.000       0.000       0.000       0.000
    67     3     8  1982     836    frse                        0.000       0.000       0.000       0.000
    67     3     8  1982     837    frse                        0.000       0.000       0.000       0.000
