           1 cha01             0.0000000E+00  0.0000000E+00  0.0000000E+00
           2 cha02             0.0000000E+00  0.0000000E+00  0.0000000E+00
           3 cha03             0.0000000E+00  0.0000000E+00  0.0000000E+00
           4 cha04             0.0000000E+00  0.0000000E+00  0.0000000E+00
           5 cha05             0.0000000E+00  0.0000000E+00  0.0000000E+00
           6 cha06             0.0000000E+00  0.0000000E+00  0.0000000E+00
           7 cha07             0.0000000E+00  0.0000000E+00  0.0000000E+00
           8 cha08             0.0000000E+00  0.0000000E+00  0.0000000E+00
           9 cha09             0.0000000E+00  0.0000000E+00  0.0000000E+00
          10 cha10             0.0000000E+00  0.0000000E+00  0.0000000E+00
          11 cha11             0.0000000E+00  0.0000000E+00  0.0000000E+00
          12 cha12             0.0000000E+00  0.0000000E+00  0.0000000E+00
          13 cha13             0.0000000E+00  0.0000000E+00  0.0000000E+00
          14 cha14             0.0000000E+00  0.0000000E+00  0.0000000E+00
          15 cha15             0.0000000E+00  0.0000000E+00  0.0000000E+00
          16 cha16             0.0000000E+00  0.0000000E+00  0.0000000E+00
          17 cha17             0.0000000E+00  0.0000000E+00  0.0000000E+00
          18 cha18             0.0000000E+00  0.0000000E+00  0.0000000E+00
          19 cha19             0.0000000E+00  0.0000000E+00  0.0000000E+00
          20 cha20             0.0000000E+00  0.0000000E+00  0.0000000E+00
          21 cha21             0.0000000E+00  0.0000000E+00  0.0000000E+00
          22 cha22             0.0000000E+00  0.0000000E+00  0.0000000E+00
          23 cha23             0.0000000E+00  0.0000000E+00  0.0000000E+00
          24 cha24             0.0000000E+00  0.0000000E+00  0.0000000E+00
          25 cha25             0.0000000E+00  0.0000000E+00  0.0000000E+00
          26 cha26             0.0000000E+00  0.0000000E+00  0.0000000E+00
          27 cha27             0.0000000E+00  0.0000000E+00  0.0000000E+00
          28 cha28             0.0000000E+00  0.0000000E+00  0.0000000E+00
          29 cha29             0.0000000E+00  0.0000000E+00  0.0000000E+00
          30 cha30             0.0000000E+00  0.0000000E+00  0.0000000E+00
          31 cha31             0.0000000E+00  0.0000000E+00  0.0000000E+00
          32 cha32             0.0000000E+00  0.0000000E+00  0.0000000E+00
          33 cha33             0.0000000E+00  0.0000000E+00  0.0000000E+00
          34 cha34             0.0000000E+00  0.0000000E+00  0.0000000E+00
          35 cha35             0.0000000E+00  0.0000000E+00  0.0000000E+00
          36 cha36             0.0000000E+00  0.0000000E+00  0.0000000E+00
          37 cha37             0.0000000E+00  0.0000000E+00  0.0000000E+00
          38 cha38             0.0000000E+00  0.0000000E+00  0.0000000E+00
          39 cha39             0.0000000E+00  0.0000000E+00  0.0000000E+00
          40 cha40             0.0000000E+00  0.0000000E+00  0.0000000E+00
          41 cha41             0.0000000E+00  0.0000000E+00  0.0000000E+00
          42 cha42             0.0000000E+00  0.0000000E+00  0.0000000E+00
          43 cha43             0.0000000E+00  0.0000000E+00  0.0000000E+00
          44 cha44             0.0000000E+00  0.0000000E+00  0.0000000E+00
          45 cha45             0.0000000E+00  0.0000000E+00  0.0000000E+00
          46 cha46             0.0000000E+00  0.0000000E+00  0.0000000E+00
          47 cha47             0.0000000E+00  0.0000000E+00  0.0000000E+00
          48 cha48             0.0000000E+00  0.0000000E+00  0.0000000E+00
          49 cha49             0.0000000E+00  0.0000000E+00  0.0000000E+00
          50 cha50             0.0000000E+00  0.0000000E+00  0.0000000E+00
          51 cha51             0.0000000E+00  0.0000000E+00  0.0000000E+00
          52 cha52             0.0000000E+00  0.0000000E+00  0.0000000E+00
          53 cha53             0.0000000E+00  0.0000000E+00  0.0000000E+00
          54 cha54             0.0000000E+00  0.0000000E+00  0.0000000E+00
          55 cha55             0.0000000E+00  0.0000000E+00  0.0000000E+00
          56 cha56             0.0000000E+00  0.0000000E+00  0.0000000E+00
          57 cha57             0.0000000E+00  0.0000000E+00  0.0000000E+00
          58 cha58             0.0000000E+00  0.0000000E+00  0.0000000E+00
          59 cha59             0.0000000E+00  0.0000000E+00  0.0000000E+00
          60 cha60             0.0000000E+00  0.0000000E+00  0.0000000E+00
          61 cha61             0.0000000E+00  0.0000000E+00  0.0000000E+00
          62 cha62             0.0000000E+00  0.0000000E+00  0.0000000E+00
          63 cha63             0.0000000E+00  0.0000000E+00  0.0000000E+00
          64 cha64             0.0000000E+00  0.0000000E+00  0.0000000E+00
          65 cha65             0.0000000E+00  0.0000000E+00  0.0000000E+00
