 SWATPLUS_CUENCAPIURA      SWAT+ Jul 2 2024        MODULAR Rev 2024.61.0.1                                
   jday   mon   day    yr   unit  gis_id  name                    in_sed         out_sed        fp_dep         ch_dep        bank_ero        bed_ero         in_no3        in_orgn        out_no3       out_orgn         fp_no3        bank_no3       bed_no3        fp_orgn        ch_orgn        bank_orgn      bed_orgn       in_solp        in_orgp        out_solp       out_orgp       fp_solp        bank_solp      bed_solp       fp_orgp        ch_orgp        bank_orgp      bed_orgp       no3_orgn       solp_orgp      
                                                                    tons            tons          tons           tons            tons           tons           tons           tons           tons          tons           tons           tons           tons           tons            tons           tons           tons           tons           tons           tons           tons           tons           tons           tons           tons           tons           tons           tons           tons           tons         
    67     3     8  1982       1       1  cha01                0.0000E+00     0.0000E+00     0.0000E+00     0.0000E+00     0.0000E+00     0.0000E+00     0.0000E+00     0.0000E+00     0.0000E+00     0.0000E+00     0.0000E+00     0.0000E+00     0.0000E+00     0.0000E+00     0.0000E+00     0.0000E+00     0.0000E+00     0.0000E+00     0.0000E+00     0.0000E+00     0.0000E+00     0.0000E+00     0.0000E+00     0.0000E+00     0.0000E+00     0.0000E+00     0.0000E+00     0.0000E+00     0.0000E+00     0.0000E+00
    67     3     8  1982       2       2  cha02                0.0000E+00     0.0000E+00     0.0000E+00     0.0000E+00     0.0000E+00     0.0000E+00     0.0000E+00     0.0000E+00     0.0000E+00     0.0000E+00     0.0000E+00     0.0000E+00     0.0000E+00     0.0000E+00     0.0000E+00     0.0000E+00     0.0000E+00     0.0000E+00     0.0000E+00     0.0000E+00     0.0000E+00     0.0000E+00     0.0000E+00     0.0000E+00     0.0000E+00     0.0000E+00     0.0000E+00     0.0000E+00     0.0000E+00     0.0000E+00
    67     3     8  1982       3       3  cha03                0.0000E+00     0.0000E+00     0.0000E+00     0.0000E+00     0.0000E+00     0.0000E+00     0.0000E+00     0.0000E+00     0.0000E+00     0.0000E+00     0.0000E+00     0.0000E+00     0.0000E+00     0.0000E+00     0.0000E+00     0.0000E+00     0.0000E+00     0.0000E+00     0.0000E+00     0.0000E+00     0.0000E+00     0.0000E+00     0.0000E+00     0.0000E+00     0.0000E+00     0.0000E+00     0.0000E+00     0.0000E+00     0.0000E+00     0.0000E+00
    67     3     8  1982       4       4  cha04                0.0000E+00     0.0000E+00     0.0000E+00     0.0000E+00     0.0000E+00     0.0000E+00     0.0000E+00     0.0000E+00     0.0000E+00     0.0000E+00     0.0000E+00     0.0000E+00     0.0000E+00     0.0000E+00     0.0000E+00     0.0000E+00     0.0000E+00     0.0000E+00     0.0000E+00     0.0000E+00     0.0000E+00     0.0000E+00     0.0000E+00     0.0000E+00     0.0000E+00     0.0000E+00     0.0000E+00     0.0000E+00     0.0000E+00     0.0000E+00
    67     3     8  1982       5       5  cha05                0.0000E+00     0.0000E+00     0.0000E+00     0.0000E+00     0.0000E+00     0.0000E+00     0.0000E+00     0.0000E+00     0.0000E+00     0.0000E+00     0.0000E+00     0.0000E+00     0.0000E+00     0.0000E+00     0.0000E+00     0.0000E+00     0.0000E+00     0.0000E+00     0.0000E+00     0.0000E+00     0.0000E+00     0.0000E+00     0.0000E+00     0.0000E+00     0.0000E+00     0.0000E+00     0.0000E+00     0.0000E+00     0.0000E+00     0.0000E+00
    67     3     8  1982       6       6  cha06                0.0000E+00     0.0000E+00     0.0000E+00     0.0000E+00     0.0000E+00     0.0000E+00     0.0000E+00     0.0000E+00     0.0000E+00     0.0000E+00     0.0000E+00     0.0000E+00     0.0000E+00     0.0000E+00     0.0000E+00     0.0000E+00     0.0000E+00     0.0000E+00     0.0000E+00     0.0000E+00     0.0000E+00     0.0000E+00     0.0000E+00     0.0000E+00     0.0000E+00     0.0000E+00     0.0000E+00     0.0000E+00     0.0000E+00     0.0000E+00
    67     3     8  1982       7       7  cha07                0.0000E+00     0.0000E+00     0.0000E+00     0.0000E+00     0.0000E+00     0.0000E+00     0.0000E+00     0.0000E+00     0.0000E+00     0.0000E+00     0.0000E+00     0.0000E+00     0.0000E+00     0.0000E+00     0.0000E+00     0.0000E+00     0.0000E+00     0.0000E+00     0.0000E+00     0.0000E+00     0.0000E+00     0.0000E+00     0.0000E+00     0.0000E+00     0.0000E+00     0.0000E+00     0.0000E+00     0.0000E+00     0.0000E+00     0.0000E+00
    67     3     8  1982       8       8  cha08                0.0000E+00     0.0000E+00     0.0000E+00     0.0000E+00     0.0000E+00     0.0000E+00     0.0000E+00     0.0000E+00     0.0000E+00     0.0000E+00     0.0000E+00     0.0000E+00     0.0000E+00     0.0000E+00     0.0000E+00     0.0000E+00     0.0000E+00     0.0000E+00     0.0000E+00     0.0000E+00     0.0000E+00     0.0000E+00     0.0000E+00     0.0000E+00     0.0000E+00     0.0000E+00     0.0000E+00     0.0000E+00     0.0000E+00     0.0000E+00
    67     3     8  1982       9       9  cha09                0.0000E+00     0.0000E+00     0.0000E+00     0.0000E+00     0.0000E+00     0.0000E+00     0.0000E+00     0.0000E+00     0.0000E+00     0.0000E+00     0.0000E+00     0.0000E+00     0.0000E+00     0.0000E+00     0.0000E+00     0.0000E+00     0.0000E+00     0.0000E+00     0.0000E+00     0.0000E+00     0.0000E+00     0.0000E+00     0.0000E+00     0.0000E+00     0.0000E+00     0.0000E+00     0.0000E+00     0.0000E+00     0.0000E+00     0.0000E+00
    67     3     8  1982      10      10  cha10                0.0000E+00     0.0000E+00     0.0000E+00     0.0000E+00     0.0000E+00     0.0000E+00     0.0000E+00     0.0000E+00     0.0000E+00     0.0000E+00     0.0000E+00     0.0000E+00     0.0000E+00     0.0000E+00     0.0000E+00     0.0000E+00     0.0000E+00     0.0000E+00     0.0000E+00     0.0000E+00     0.0000E+00     0.0000E+00     0.0000E+00     0.0000E+00     0.0000E+00     0.0000E+00     0.0000E+00     0.0000E+00     0.0000E+00     0.0000E+00
    67     3     8  1982      11      11  cha11                0.0000E+00     0.0000E+00     0.0000E+00     0.0000E+00     0.0000E+00     0.0000E+00     0.0000E+00     0.0000E+00     0.0000E+00     0.0000E+00     0.0000E+00     0.0000E+00     0.0000E+00     0.0000E+00     0.0000E+00     0.0000E+00     0.0000E+00     0.0000E+00     0.0000E+00     0.0000E+00     0.0000E+00     0.0000E+00     0.0000E+00     0.0000E+00     0.0000E+00     0.0000E+00     0.0000E+00     0.0000E+00     0.0000E+00     0.0000E+00
    67     3     8  1982      12      12  cha12                0.0000E+00     0.0000E+00     0.0000E+00     0.0000E+00     0.0000E+00     0.0000E+00     0.0000E+00     0.0000E+00     0.0000E+00     0.0000E+00     0.0000E+00     0.0000E+00     0.0000E+00     0.0000E+00     0.0000E+00     0.0000E+00     0.0000E+00     0.0000E+00     0.0000E+00     0.0000E+00     0.0000E+00     0.0000E+00     0.0000E+00     0.0000E+00     0.0000E+00     0.0000E+00     0.0000E+00     0.0000E+00     0.0000E+00     0.0000E+00
    67     3     8  1982      13      13  cha13                0.0000E+00     0.0000E+00     0.0000E+00     0.0000E+00     0.0000E+00     0.0000E+00     0.0000E+00     0.0000E+00     0.0000E+00     0.0000E+00     0.0000E+00     0.0000E+00     0.0000E+00     0.0000E+00     0.0000E+00     0.0000E+00     0.0000E+00     0.0000E+00     0.0000E+00     0.0000E+00     0.0000E+00     0.0000E+00     0.0000E+00     0.0000E+00     0.0000E+00     0.0000E+00     0.0000E+00     0.0000E+00     0.0000E+00     0.0000E+00
    67     3     8  1982      14      14  cha14                0.0000E+00     0.0000E+00     0.0000E+00     0.0000E+00     0.0000E+00     0.0000E+00     0.0000E+00     0.0000E+00     0.0000E+00     0.0000E+00     0.0000E+00     0.0000E+00     0.0000E+00     0.0000E+00     0.0000E+00     0.0000E+00     0.0000E+00     0.0000E+00     0.0000E+00     0.0000E+00     0.0000E+00     0.0000E+00     0.0000E+00     0.0000E+00     0.0000E+00     0.0000E+00     0.0000E+00     0.0000E+00     0.0000E+00     0.0000E+00
    67     3     8  1982      15      15  cha15                0.0000E+00     0.0000E+00     0.0000E+00     0.0000E+00     0.0000E+00     0.0000E+00     0.0000E+00     0.0000E+00     0.0000E+00     0.0000E+00     0.0000E+00     0.0000E+00     0.0000E+00     0.0000E+00     0.0000E+00     0.0000E+00     0.0000E+00     0.0000E+00     0.0000E+00     0.0000E+00     0.0000E+00     0.0000E+00     0.0000E+00     0.0000E+00     0.0000E+00     0.0000E+00     0.0000E+00     0.0000E+00     0.0000E+00     0.0000E+00
    67     3     8  1982      16      16  cha16                0.0000E+00     0.0000E+00     0.0000E+00     0.0000E+00     0.0000E+00     0.0000E+00     0.0000E+00     0.0000E+00     0.0000E+00     0.0000E+00     0.0000E+00     0.0000E+00     0.0000E+00     0.0000E+00     0.0000E+00     0.0000E+00     0.0000E+00     0.0000E+00     0.0000E+00     0.0000E+00     0.0000E+00     0.0000E+00     0.0000E+00     0.0000E+00     0.0000E+00     0.0000E+00     0.0000E+00     0.0000E+00     0.0000E+00     0.0000E+00
    67     3     8  1982      17      17  cha17                0.0000E+00     0.0000E+00     0.0000E+00     0.0000E+00     0.0000E+00     0.0000E+00     0.0000E+00     0.0000E+00     0.0000E+00     0.0000E+00     0.0000E+00     0.0000E+00     0.0000E+00     0.0000E+00     0.0000E+00     0.0000E+00     0.0000E+00     0.0000E+00     0.0000E+00     0.0000E+00     0.0000E+00     0.0000E+00     0.0000E+00     0.0000E+00     0.0000E+00     0.0000E+00     0.0000E+00     0.0000E+00     0.0000E+00     0.0000E+00
    67     3     8  1982      18      18  cha18                0.0000E+00     0.0000E+00     0.0000E+00     0.0000E+00     0.0000E+00     0.0000E+00     0.0000E+00     0.0000E+00     0.0000E+00     0.0000E+00     0.0000E+00     0.0000E+00     0.0000E+00     0.0000E+00     0.0000E+00     0.0000E+00     0.0000E+00     0.0000E+00     0.0000E+00     0.0000E+00     0.0000E+00     0.0000E+00     0.0000E+00     0.0000E+00     0.0000E+00     0.0000E+00     0.0000E+00     0.0000E+00     0.0000E+00     0.0000E+00
    67     3     8  1982      19      19  cha19                0.0000E+00     0.0000E+00     0.0000E+00     0.0000E+00     0.0000E+00     0.0000E+00     0.0000E+00     0.0000E+00     0.0000E+00     0.0000E+00     0.0000E+00     0.0000E+00     0.0000E+00     0.0000E+00     0.0000E+00     0.0000E+00     0.0000E+00     0.0000E+00     0.0000E+00     0.0000E+00     0.0000E+00     0.0000E+00     0.0000E+00     0.0000E+00     0.0000E+00     0.0000E+00     0.0000E+00     0.0000E+00     0.0000E+00     0.0000E+00
    67     3     8  1982      20      20  cha20                0.0000E+00     0.0000E+00     0.0000E+00     0.0000E+00     0.0000E+00     0.0000E+00     0.0000E+00     0.0000E+00     0.0000E+00     0.0000E+00     0.0000E+00     0.0000E+00     0.0000E+00     0.0000E+00     0.0000E+00     0.0000E+00     0.0000E+00     0.0000E+00     0.0000E+00     0.0000E+00     0.0000E+00     0.0000E+00     0.0000E+00     0.0000E+00     0.0000E+00     0.0000E+00     0.0000E+00     0.0000E+00     0.0000E+00     0.0000E+00
    67     3     8  1982      21      21  cha21                0.0000E+00     0.0000E+00     0.0000E+00     0.0000E+00     0.0000E+00     0.0000E+00     0.0000E+00     0.0000E+00     0.0000E+00     0.0000E+00     0.0000E+00     0.0000E+00     0.0000E+00     0.0000E+00     0.0000E+00     0.0000E+00     0.0000E+00     0.0000E+00     0.0000E+00     0.0000E+00     0.0000E+00     0.0000E+00     0.0000E+00     0.0000E+00     0.0000E+00     0.0000E+00     0.0000E+00     0.0000E+00     0.0000E+00     0.0000E+00
    67     3     8  1982      22      22  cha22                0.0000E+00     0.0000E+00     0.0000E+00     0.0000E+00     0.0000E+00     0.0000E+00     0.0000E+00     0.0000E+00     0.0000E+00     0.0000E+00     0.0000E+00     0.0000E+00     0.0000E+00     0.0000E+00     0.0000E+00     0.0000E+00     0.0000E+00     0.0000E+00     0.0000E+00     0.0000E+00     0.0000E+00     0.0000E+00     0.0000E+00     0.0000E+00     0.0000E+00     0.0000E+00     0.0000E+00     0.0000E+00     0.0000E+00     0.0000E+00
    67     3     8  1982      23      23  cha23                0.0000E+00     0.0000E+00     0.0000E+00     0.0000E+00     0.0000E+00     0.0000E+00     0.0000E+00     0.0000E+00     0.0000E+00     0.0000E+00     0.0000E+00     0.0000E+00     0.0000E+00     0.0000E+00     0.0000E+00     0.0000E+00     0.0000E+00     0.0000E+00     0.0000E+00     0.0000E+00     0.0000E+00     0.0000E+00     0.0000E+00     0.0000E+00     0.0000E+00     0.0000E+00     0.0000E+00     0.0000E+00     0.0000E+00     0.0000E+00
    67     3     8  1982      24      24  cha24                0.0000E+00     0.0000E+00     0.0000E+00     0.0000E+00     0.0000E+00     0.0000E+00     0.0000E+00     0.0000E+00     0.0000E+00     0.0000E+00     0.0000E+00     0.0000E+00     0.0000E+00     0.0000E+00     0.0000E+00     0.0000E+00     0.0000E+00     0.0000E+00     0.0000E+00     0.0000E+00     0.0000E+00     0.0000E+00     0.0000E+00     0.0000E+00     0.0000E+00     0.0000E+00     0.0000E+00     0.0000E+00     0.0000E+00     0.0000E+00
    67     3     8  1982      25      25  cha25                0.0000E+00     0.0000E+00     0.0000E+00     0.0000E+00     0.0000E+00     0.0000E+00     0.0000E+00     0.0000E+00     0.0000E+00     0.0000E+00     0.0000E+00     0.0000E+00     0.0000E+00     0.0000E+00     0.0000E+00     0.0000E+00     0.0000E+00     0.0000E+00     0.0000E+00     0.0000E+00     0.0000E+00     0.0000E+00     0.0000E+00     0.0000E+00     0.0000E+00     0.0000E+00     0.0000E+00     0.0000E+00     0.0000E+00     0.0000E+00
    67     3     8  1982      26      26  cha26                0.0000E+00     0.0000E+00     0.0000E+00     0.0000E+00     0.0000E+00     0.0000E+00     0.0000E+00     0.0000E+00     0.0000E+00     0.0000E+00     0.0000E+00     0.0000E+00     0.0000E+00     0.0000E+00     0.0000E+00     0.0000E+00     0.0000E+00     0.0000E+00     0.0000E+00     0.0000E+00     0.0000E+00     0.0000E+00     0.0000E+00     0.0000E+00     0.0000E+00     0.0000E+00     0.0000E+00     0.0000E+00     0.0000E+00     0.0000E+00
    67     3     8  1982      27      27  cha27                0.0000E+00     0.0000E+00     0.0000E+00     0.0000E+00     0.0000E+00     0.0000E+00     0.0000E+00     0.0000E+00     0.0000E+00     0.0000E+00     0.0000E+00     0.0000E+00     0.0000E+00     0.0000E+00     0.0000E+00     0.0000E+00     0.0000E+00     0.0000E+00     0.0000E+00     0.0000E+00     0.0000E+00     0.0000E+00     0.0000E+00     0.0000E+00     0.0000E+00     0.0000E+00     0.0000E+00     0.0000E+00     0.0000E+00     0.0000E+00
    67     3     8  1982      28      28  cha28                0.0000E+00     0.0000E+00     0.0000E+00     0.0000E+00     0.0000E+00     0.0000E+00     0.0000E+00     0.0000E+00     0.0000E+00     0.0000E+00     0.0000E+00     0.0000E+00     0.0000E+00     0.0000E+00     0.0000E+00     0.0000E+00     0.0000E+00     0.0000E+00     0.0000E+00     0.0000E+00     0.0000E+00     0.0000E+00     0.0000E+00     0.0000E+00     0.0000E+00     0.0000E+00     0.0000E+00     0.0000E+00     0.0000E+00     0.0000E+00
    67     3     8  1982      29      29  cha29                0.0000E+00     0.0000E+00     0.0000E+00     0.0000E+00     0.0000E+00     0.0000E+00     0.0000E+00     0.0000E+00     0.0000E+00     0.0000E+00     0.0000E+00     0.0000E+00     0.0000E+00     0.0000E+00     0.0000E+00     0.0000E+00     0.0000E+00     0.0000E+00     0.0000E+00     0.0000E+00     0.0000E+00     0.0000E+00     0.0000E+00     0.0000E+00     0.0000E+00     0.0000E+00     0.0000E+00     0.0000E+00     0.0000E+00     0.0000E+00
    67     3     8  1982      30      30  cha30                0.0000E+00     0.0000E+00     0.0000E+00     0.0000E+00     0.0000E+00     0.0000E+00     0.0000E+00     0.0000E+00     0.0000E+00     0.0000E+00     0.0000E+00     0.0000E+00     0.0000E+00     0.0000E+00     0.0000E+00     0.0000E+00     0.0000E+00     0.0000E+00     0.0000E+00     0.0000E+00     0.0000E+00     0.0000E+00     0.0000E+00     0.0000E+00     0.0000E+00     0.0000E+00     0.0000E+00     0.0000E+00     0.0000E+00     0.0000E+00
    67     3     8  1982      31      31  cha31                0.0000E+00     0.0000E+00     0.0000E+00     0.0000E+00     0.0000E+00     0.0000E+00     0.0000E+00     0.0000E+00     0.0000E+00     0.0000E+00     0.0000E+00     0.0000E+00     0.0000E+00     0.0000E+00     0.0000E+00     0.0000E+00     0.0000E+00     0.0000E+00     0.0000E+00     0.0000E+00     0.0000E+00     0.0000E+00     0.0000E+00     0.0000E+00     0.0000E+00     0.0000E+00     0.0000E+00     0.0000E+00     0.0000E+00     0.0000E+00
    67     3     8  1982      32      32  cha32                0.0000E+00     0.0000E+00     0.0000E+00     0.0000E+00     0.0000E+00     0.0000E+00     0.0000E+00     0.0000E+00     0.0000E+00     0.0000E+00     0.0000E+00     0.0000E+00     0.0000E+00     0.0000E+00     0.0000E+00     0.0000E+00     0.0000E+00     0.0000E+00     0.0000E+00     0.0000E+00     0.0000E+00     0.0000E+00     0.0000E+00     0.0000E+00     0.0000E+00     0.0000E+00     0.0000E+00     0.0000E+00     0.0000E+00     0.0000E+00
    67     3     8  1982      33      33  cha33                0.0000E+00     0.0000E+00     0.0000E+00     0.0000E+00     0.0000E+00     0.0000E+00     0.0000E+00     0.0000E+00     0.0000E+00     0.0000E+00     0.0000E+00     0.0000E+00     0.0000E+00     0.0000E+00     0.0000E+00     0.0000E+00     0.0000E+00     0.0000E+00     0.0000E+00     0.0000E+00     0.0000E+00     0.0000E+00     0.0000E+00     0.0000E+00     0.0000E+00     0.0000E+00     0.0000E+00     0.0000E+00     0.0000E+00     0.0000E+00
    67     3     8  1982      34      34  cha34                0.0000E+00     0.0000E+00     0.0000E+00     0.0000E+00     0.0000E+00     0.0000E+00     0.0000E+00     0.0000E+00     0.0000E+00     0.0000E+00     0.0000E+00     0.0000E+00     0.0000E+00     0.0000E+00     0.0000E+00     0.0000E+00     0.0000E+00     0.0000E+00     0.0000E+00     0.0000E+00     0.0000E+00     0.0000E+00     0.0000E+00     0.0000E+00     0.0000E+00     0.0000E+00     0.0000E+00     0.0000E+00     0.0000E+00     0.0000E+00
    67     3     8  1982      35      35  cha35                0.0000E+00     0.0000E+00     0.0000E+00     0.0000E+00     0.0000E+00     0.0000E+00     0.0000E+00     0.0000E+00     0.0000E+00     0.0000E+00     0.0000E+00     0.0000E+00     0.0000E+00     0.0000E+00     0.0000E+00     0.0000E+00     0.0000E+00     0.0000E+00     0.0000E+00     0.0000E+00     0.0000E+00     0.0000E+00     0.0000E+00     0.0000E+00     0.0000E+00     0.0000E+00     0.0000E+00     0.0000E+00     0.0000E+00     0.0000E+00
    67     3     8  1982      36      36  cha36                0.0000E+00     0.0000E+00     0.0000E+00     0.0000E+00     0.0000E+00     0.0000E+00     0.0000E+00     0.0000E+00     0.0000E+00     0.0000E+00     0.0000E+00     0.0000E+00     0.0000E+00     0.0000E+00     0.0000E+00     0.0000E+00     0.0000E+00     0.0000E+00     0.0000E+00     0.0000E+00     0.0000E+00     0.0000E+00     0.0000E+00     0.0000E+00     0.0000E+00     0.0000E+00     0.0000E+00     0.0000E+00     0.0000E+00     0.0000E+00
    67     3     8  1982      37      37  cha37                0.0000E+00     0.0000E+00     0.0000E+00     0.0000E+00     0.0000E+00     0.0000E+00     0.0000E+00     0.0000E+00     0.0000E+00     0.0000E+00     0.0000E+00     0.0000E+00     0.0000E+00     0.0000E+00     0.0000E+00     0.0000E+00     0.0000E+00     0.0000E+00     0.0000E+00     0.0000E+00     0.0000E+00     0.0000E+00     0.0000E+00     0.0000E+00     0.0000E+00     0.0000E+00     0.0000E+00     0.0000E+00     0.0000E+00     0.0000E+00
    67     3     8  1982      38      38  cha38                0.0000E+00     0.0000E+00     0.0000E+00     0.0000E+00     0.0000E+00     0.0000E+00     0.0000E+00     0.0000E+00     0.0000E+00     0.0000E+00     0.0000E+00     0.0000E+00     0.0000E+00     0.0000E+00     0.0000E+00     0.0000E+00     0.0000E+00     0.0000E+00     0.0000E+00     0.0000E+00     0.0000E+00     0.0000E+00     0.0000E+00     0.0000E+00     0.0000E+00     0.0000E+00     0.0000E+00     0.0000E+00     0.0000E+00     0.0000E+00
    67     3     8  1982      39      39  cha39                0.0000E+00     0.0000E+00     0.0000E+00     0.0000E+00     0.0000E+00     0.0000E+00     0.0000E+00     0.0000E+00     0.0000E+00     0.0000E+00     0.0000E+00     0.0000E+00     0.0000E+00     0.0000E+00     0.0000E+00     0.0000E+00     0.0000E+00     0.0000E+00     0.0000E+00     0.0000E+00     0.0000E+00     0.0000E+00     0.0000E+00     0.0000E+00     0.0000E+00     0.0000E+00     0.0000E+00     0.0000E+00     0.0000E+00     0.0000E+00
    67     3     8  1982      40      40  cha40                0.0000E+00     0.0000E+00     0.0000E+00     0.0000E+00     0.0000E+00     0.0000E+00     0.0000E+00     0.0000E+00     0.0000E+00     0.0000E+00     0.0000E+00     0.0000E+00     0.0000E+00     0.0000E+00     0.0000E+00     0.0000E+00     0.0000E+00     0.0000E+00     0.0000E+00     0.0000E+00     0.0000E+00     0.0000E+00     0.0000E+00     0.0000E+00     0.0000E+00     0.0000E+00     0.0000E+00     0.0000E+00     0.0000E+00     0.0000E+00
    67     3     8  1982      41      41  cha41                0.0000E+00     0.0000E+00     0.0000E+00     0.0000E+00     0.0000E+00     0.0000E+00     0.0000E+00     0.0000E+00     0.0000E+00     0.0000E+00     0.0000E+00     0.0000E+00     0.0000E+00     0.0000E+00     0.0000E+00     0.0000E+00     0.0000E+00     0.0000E+00     0.0000E+00     0.0000E+00     0.0000E+00     0.0000E+00     0.0000E+00     0.0000E+00     0.0000E+00     0.0000E+00     0.0000E+00     0.0000E+00     0.0000E+00     0.0000E+00
    67     3     8  1982      42      42  cha42                0.0000E+00     0.0000E+00     0.0000E+00     0.0000E+00     0.0000E+00     0.0000E+00     0.0000E+00     0.0000E+00     0.0000E+00     0.0000E+00     0.0000E+00     0.0000E+00     0.0000E+00     0.0000E+00     0.0000E+00     0.0000E+00     0.0000E+00     0.0000E+00     0.0000E+00     0.0000E+00     0.0000E+00     0.0000E+00     0.0000E+00     0.0000E+00     0.0000E+00     0.0000E+00     0.0000E+00     0.0000E+00     0.0000E+00     0.0000E+00
    67     3     8  1982      43      43  cha43                0.0000E+00     0.0000E+00     0.0000E+00     0.0000E+00     0.0000E+00     0.0000E+00     0.0000E+00     0.0000E+00     0.0000E+00     0.0000E+00     0.0000E+00     0.0000E+00     0.0000E+00     0.0000E+00     0.0000E+00     0.0000E+00     0.0000E+00     0.0000E+00     0.0000E+00     0.0000E+00     0.0000E+00     0.0000E+00     0.0000E+00     0.0000E+00     0.0000E+00     0.0000E+00     0.0000E+00     0.0000E+00     0.0000E+00     0.0000E+00
    67     3     8  1982      44      44  cha44                0.0000E+00     0.0000E+00     0.0000E+00     0.0000E+00     0.0000E+00     0.0000E+00     0.0000E+00     0.0000E+00     0.0000E+00     0.0000E+00     0.0000E+00     0.0000E+00     0.0000E+00     0.0000E+00     0.0000E+00     0.0000E+00     0.0000E+00     0.0000E+00     0.0000E+00     0.0000E+00     0.0000E+00     0.0000E+00     0.0000E+00     0.0000E+00     0.0000E+00     0.0000E+00     0.0000E+00     0.0000E+00     0.0000E+00     0.0000E+00
    67     3     8  1982      45      45  cha45                0.0000E+00     0.0000E+00     0.0000E+00     0.0000E+00     0.0000E+00     0.0000E+00     0.0000E+00     0.0000E+00     0.0000E+00     0.0000E+00     0.0000E+00     0.0000E+00     0.0000E+00     0.0000E+00     0.0000E+00     0.0000E+00     0.0000E+00     0.0000E+00     0.0000E+00     0.0000E+00     0.0000E+00     0.0000E+00     0.0000E+00     0.0000E+00     0.0000E+00     0.0000E+00     0.0000E+00     0.0000E+00     0.0000E+00     0.0000E+00
    67     3     8  1982      46      46  cha46                0.0000E+00     0.0000E+00     0.0000E+00     0.0000E+00     0.0000E+00     0.0000E+00     0.0000E+00     0.0000E+00     0.0000E+00     0.0000E+00     0.0000E+00     0.0000E+00     0.0000E+00     0.0000E+00     0.0000E+00     0.0000E+00     0.0000E+00     0.0000E+00     0.0000E+00     0.0000E+00     0.0000E+00     0.0000E+00     0.0000E+00     0.0000E+00     0.0000E+00     0.0000E+00     0.0000E+00     0.0000E+00     0.0000E+00     0.0000E+00
    67     3     8  1982      47      47  cha47                0.0000E+00     0.0000E+00     0.0000E+00     0.0000E+00     0.0000E+00     0.0000E+00     0.0000E+00     0.0000E+00     0.0000E+00     0.0000E+00     0.0000E+00     0.0000E+00     0.0000E+00     0.0000E+00     0.0000E+00     0.0000E+00     0.0000E+00     0.0000E+00     0.0000E+00     0.0000E+00     0.0000E+00     0.0000E+00     0.0000E+00     0.0000E+00     0.0000E+00     0.0000E+00     0.0000E+00     0.0000E+00     0.0000E+00     0.0000E+00
    67     3     8  1982      48      48  cha48                0.0000E+00     0.0000E+00     0.0000E+00     0.0000E+00     0.0000E+00     0.0000E+00     0.0000E+00     0.0000E+00     0.0000E+00     0.0000E+00     0.0000E+00     0.0000E+00     0.0000E+00     0.0000E+00     0.0000E+00     0.0000E+00     0.0000E+00     0.0000E+00     0.0000E+00     0.0000E+00     0.0000E+00     0.0000E+00     0.0000E+00     0.0000E+00     0.0000E+00     0.0000E+00     0.0000E+00     0.0000E+00     0.0000E+00     0.0000E+00
    67     3     8  1982      49      49  cha49                0.0000E+00     0.0000E+00     0.0000E+00     0.0000E+00     0.0000E+00     0.0000E+00     0.0000E+00     0.0000E+00     0.0000E+00     0.0000E+00     0.0000E+00     0.0000E+00     0.0000E+00     0.0000E+00     0.0000E+00     0.0000E+00     0.0000E+00     0.0000E+00     0.0000E+00     0.0000E+00     0.0000E+00     0.0000E+00     0.0000E+00     0.0000E+00     0.0000E+00     0.0000E+00     0.0000E+00     0.0000E+00     0.0000E+00     0.0000E+00
    67     3     8  1982      50      50  cha50                0.0000E+00     0.0000E+00     0.0000E+00     0.0000E+00     0.0000E+00     0.0000E+00     0.0000E+00     0.0000E+00     0.0000E+00     0.0000E+00     0.0000E+00     0.0000E+00     0.0000E+00     0.0000E+00     0.0000E+00     0.0000E+00     0.0000E+00     0.0000E+00     0.0000E+00     0.0000E+00     0.0000E+00     0.0000E+00     0.0000E+00     0.0000E+00     0.0000E+00     0.0000E+00     0.0000E+00     0.0000E+00     0.0000E+00     0.0000E+00
    67     3     8  1982      51      51  cha51                0.0000E+00     0.0000E+00     0.0000E+00     0.0000E+00     0.0000E+00     0.0000E+00     0.0000E+00     0.0000E+00     0.0000E+00     0.0000E+00     0.0000E+00     0.0000E+00     0.0000E+00     0.0000E+00     0.0000E+00     0.0000E+00     0.0000E+00     0.0000E+00     0.0000E+00     0.0000E+00     0.0000E+00     0.0000E+00     0.0000E+00     0.0000E+00     0.0000E+00     0.0000E+00     0.0000E+00     0.0000E+00     0.0000E+00     0.0000E+00
    67     3     8  1982      52      52  cha52                0.0000E+00     0.0000E+00     0.0000E+00     0.0000E+00     0.0000E+00     0.0000E+00     0.0000E+00     0.0000E+00     0.0000E+00     0.0000E+00     0.0000E+00     0.0000E+00     0.0000E+00     0.0000E+00     0.0000E+00     0.0000E+00     0.0000E+00     0.0000E+00     0.0000E+00     0.0000E+00     0.0000E+00     0.0000E+00     0.0000E+00     0.0000E+00     0.0000E+00     0.0000E+00     0.0000E+00     0.0000E+00     0.0000E+00     0.0000E+00
    67     3     8  1982      53      53  cha53                0.0000E+00     0.0000E+00     0.0000E+00     0.0000E+00     0.0000E+00     0.0000E+00     0.0000E+00     0.0000E+00     0.0000E+00     0.0000E+00     0.0000E+00     0.0000E+00     0.0000E+00     0.0000E+00     0.0000E+00     0.0000E+00     0.0000E+00     0.0000E+00     0.0000E+00     0.0000E+00     0.0000E+00     0.0000E+00     0.0000E+00     0.0000E+00     0.0000E+00     0.0000E+00     0.0000E+00     0.0000E+00     0.0000E+00     0.0000E+00
    67     3     8  1982      54      54  cha54                0.0000E+00     0.0000E+00     0.0000E+00     0.0000E+00     0.0000E+00     0.0000E+00     0.0000E+00     0.0000E+00     0.0000E+00     0.0000E+00     0.0000E+00     0.0000E+00     0.0000E+00     0.0000E+00     0.0000E+00     0.0000E+00     0.0000E+00     0.0000E+00     0.0000E+00     0.0000E+00     0.0000E+00     0.0000E+00     0.0000E+00     0.0000E+00     0.0000E+00     0.0000E+00     0.0000E+00     0.0000E+00     0.0000E+00     0.0000E+00
    67     3     8  1982      55      55  cha55                0.0000E+00     0.0000E+00     0.0000E+00     0.0000E+00     0.0000E+00     0.0000E+00     0.0000E+00     0.0000E+00     0.0000E+00     0.0000E+00     0.0000E+00     0.0000E+00     0.0000E+00     0.0000E+00     0.0000E+00     0.0000E+00     0.0000E+00     0.0000E+00     0.0000E+00     0.0000E+00     0.0000E+00     0.0000E+00     0.0000E+00     0.0000E+00     0.0000E+00     0.0000E+00     0.0000E+00     0.0000E+00     0.0000E+00     0.0000E+00
    67     3     8  1982      56      56  cha56                0.0000E+00     0.0000E+00     0.0000E+00     0.0000E+00     0.0000E+00     0.0000E+00     0.0000E+00     0.0000E+00     0.0000E+00     0.0000E+00     0.0000E+00     0.0000E+00     0.0000E+00     0.0000E+00     0.0000E+00     0.0000E+00     0.0000E+00     0.0000E+00     0.0000E+00     0.0000E+00     0.0000E+00     0.0000E+00     0.0000E+00     0.0000E+00     0.0000E+00     0.0000E+00     0.0000E+00     0.0000E+00     0.0000E+00     0.0000E+00
    67     3     8  1982      57      57  cha57                0.0000E+00     0.0000E+00     0.0000E+00     0.0000E+00     0.0000E+00     0.0000E+00     0.0000E+00     0.0000E+00     0.0000E+00     0.0000E+00     0.0000E+00     0.0000E+00     0.0000E+00     0.0000E+00     0.0000E+00     0.0000E+00     0.0000E+00     0.0000E+00     0.0000E+00     0.0000E+00     0.0000E+00     0.0000E+00     0.0000E+00     0.0000E+00     0.0000E+00     0.0000E+00     0.0000E+00     0.0000E+00     0.0000E+00     0.0000E+00
    67     3     8  1982      58      58  cha58                0.0000E+00     0.0000E+00     0.0000E+00     0.0000E+00     0.0000E+00     0.0000E+00     0.0000E+00     0.0000E+00     0.0000E+00     0.0000E+00     0.0000E+00     0.0000E+00     0.0000E+00     0.0000E+00     0.0000E+00     0.0000E+00     0.0000E+00     0.0000E+00     0.0000E+00     0.0000E+00     0.0000E+00     0.0000E+00     0.0000E+00     0.0000E+00     0.0000E+00     0.0000E+00     0.0000E+00     0.0000E+00     0.0000E+00     0.0000E+00
    67     3     8  1982      59      59  cha59                0.0000E+00     0.0000E+00     0.0000E+00     0.0000E+00     0.0000E+00     0.0000E+00     0.0000E+00     0.0000E+00     0.0000E+00     0.0000E+00     0.0000E+00     0.0000E+00     0.0000E+00     0.0000E+00     0.0000E+00     0.0000E+00     0.0000E+00     0.0000E+00     0.0000E+00     0.0000E+00     0.0000E+00     0.0000E+00     0.0000E+00     0.0000E+00     0.0000E+00     0.0000E+00     0.0000E+00     0.0000E+00     0.0000E+00     0.0000E+00
    67     3     8  1982      60      60  cha60                0.0000E+00     0.0000E+00     0.0000E+00     0.0000E+00     0.0000E+00     0.0000E+00     0.0000E+00     0.0000E+00     0.0000E+00     0.0000E+00     0.0000E+00     0.0000E+00     0.0000E+00     0.0000E+00     0.0000E+00     0.0000E+00     0.0000E+00     0.0000E+00     0.0000E+00     0.0000E+00     0.0000E+00     0.0000E+00     0.0000E+00     0.0000E+00     0.0000E+00     0.0000E+00     0.0000E+00     0.0000E+00     0.0000E+00     0.0000E+00
    67     3     8  1982      61      61  cha61                0.0000E+00     0.0000E+00     0.0000E+00     0.0000E+00     0.0000E+00     0.0000E+00     0.0000E+00     0.0000E+00     0.0000E+00     0.0000E+00     0.0000E+00     0.0000E+00     0.0000E+00     0.0000E+00     0.0000E+00     0.0000E+00     0.0000E+00     0.0000E+00     0.0000E+00     0.0000E+00     0.0000E+00     0.0000E+00     0.0000E+00     0.0000E+00     0.0000E+00     0.0000E+00     0.0000E+00     0.0000E+00     0.0000E+00     0.0000E+00
    67     3     8  1982      62      62  cha62                0.0000E+00     0.0000E+00     0.0000E+00     0.0000E+00     0.0000E+00     0.0000E+00     0.0000E+00     0.0000E+00     0.0000E+00     0.0000E+00     0.0000E+00     0.0000E+00     0.0000E+00     0.0000E+00     0.0000E+00     0.0000E+00     0.0000E+00     0.0000E+00     0.0000E+00     0.0000E+00     0.0000E+00     0.0000E+00     0.0000E+00     0.0000E+00     0.0000E+00     0.0000E+00     0.0000E+00     0.0000E+00     0.0000E+00     0.0000E+00
    67     3     8  1982      63      63  cha63                0.0000E+00     0.0000E+00     0.0000E+00     0.0000E+00     0.0000E+00     0.0000E+00     0.0000E+00     0.0000E+00     0.0000E+00     0.0000E+00     0.0000E+00     0.0000E+00     0.0000E+00     0.0000E+00     0.0000E+00     0.0000E+00     0.0000E+00     0.0000E+00     0.0000E+00     0.0000E+00     0.0000E+00     0.0000E+00     0.0000E+00     0.0000E+00     0.0000E+00     0.0000E+00     0.0000E+00     0.0000E+00     0.0000E+00     0.0000E+00
    67     3     8  1982      64      64  cha64                0.0000E+00     0.0000E+00     0.0000E+00     0.0000E+00     0.0000E+00     0.0000E+00     0.0000E+00     0.0000E+00     0.0000E+00     0.0000E+00     0.0000E+00     0.0000E+00     0.0000E+00     0.0000E+00     0.0000E+00     0.0000E+00     0.0000E+00     0.0000E+00     0.0000E+00     0.0000E+00     0.0000E+00     0.0000E+00     0.0000E+00     0.0000E+00     0.0000E+00     0.0000E+00     0.0000E+00     0.0000E+00     0.0000E+00     0.0000E+00
    67     3     8  1982      65      65  cha65                0.0000E+00     0.0000E+00     0.0000E+00     0.0000E+00     0.0000E+00     0.0000E+00     0.0000E+00     0.0000E+00     0.0000E+00     0.0000E+00     0.0000E+00     0.0000E+00     0.0000E+00     0.0000E+00     0.0000E+00     0.0000E+00     0.0000E+00     0.0000E+00     0.0000E+00     0.0000E+00     0.0000E+00     0.0000E+00     0.0000E+00     0.0000E+00     0.0000E+00     0.0000E+00     0.0000E+00     0.0000E+00     0.0000E+00     0.0000E+00
