 lilj_1sub                 SWAT+ Nov 30 2021    MODULAR Rev 2020.60.5.4                                   
       year     plant_no   plant_name       harv_area(ha)    yld(t)         yld(t/ha)      
        2003           1 pnut               167.2375       202.5341       1.211056    
        2003           2 corn               215.9348       2191.230       10.14764    
        2003           3 cots               376.3626       1284.385       3.412626    
        2003           4 frse              0.0000000E+00  0.0000000E+00  0.0000000E+00
        2003           5 frst              0.0000000E+00  0.0000000E+00  0.0000000E+00
        2003           6 wetf              0.0000000E+00  0.0000000E+00  0.0000000E+00
        2003           7 rngb              0.0000000E+00  0.0000000E+00  0.0000000E+00
        2003           8 wetw              0.0000000E+00  0.0000000E+00  0.0000000E+00
        2003           9 shrb              0.0000000E+00  0.0000000E+00  0.0000000E+00
        2003          10 past               32.23285       422.5042       13.10788    
        2003          11 wehb              0.0000000E+00  0.0000000E+00  0.0000000E+00
        2003          12 frsd              0.0000000E+00  0.0000000E+00  0.0000000E+00
        2004           1 pnut               197.4426       102.9282      0.5213070    
        2004           2 corn               167.2375       887.2936       5.305589    
        2004           3 cots               394.8549       1246.981       3.158075    
        2004           4 frse              0.0000000E+00  0.0000000E+00  0.0000000E+00
        2004           5 frst              0.0000000E+00  0.0000000E+00  0.0000000E+00
        2004           6 wetf              0.0000000E+00  0.0000000E+00  0.0000000E+00
        2004           7 rngb              0.0000000E+00  0.0000000E+00  0.0000000E+00
        2004           8 wetw              0.0000000E+00  0.0000000E+00  0.0000000E+00
        2004           9 shrb              0.0000000E+00  0.0000000E+00  0.0000000E+00
        2004          10 past               32.23285       152.1301       4.719721    
        2004          11 wehb              0.0000000E+00  0.0000000E+00  0.0000000E+00
        2004          12 frsd              0.0000000E+00  0.0000000E+00  0.0000000E+00
        2005           1 pnut               178.9200       199.7139       1.116219    
        2005           2 corn               197.4426       1740.346       8.814441    
        2005           3 cots               383.1724       1457.563       3.803935    
        2005           4 frse              0.0000000E+00  0.0000000E+00  0.0000000E+00
        2005           5 frst              0.0000000E+00  0.0000000E+00  0.0000000E+00
        2005           6 wetf              0.0000000E+00  0.0000000E+00  0.0000000E+00
        2005           7 rngb              0.0000000E+00  0.0000000E+00  0.0000000E+00
        2005           8 wetw              0.0000000E+00  0.0000000E+00  0.0000000E+00
        2005           9 shrb              0.0000000E+00  0.0000000E+00  0.0000000E+00
        2005          10 past               32.23285       54.78138       1.699551    
        2005          11 wehb              0.0000000E+00  0.0000000E+00  0.0000000E+00
        2005          12 frsd              0.0000000E+00  0.0000000E+00  0.0000000E+00
        2006           1 pnut               215.9348       220.6843       1.021995    
        2006           2 corn               178.9200       1318.942       7.371682    
        2006           3 cots               364.6801       1453.232       3.984949    
        2006           4 frse              0.0000000E+00  0.0000000E+00  0.0000000E+00
        2006           5 frst              0.0000000E+00  0.0000000E+00  0.0000000E+00
        2006           6 wetf              0.0000000E+00  0.0000000E+00  0.0000000E+00
        2006           7 rngb              0.0000000E+00  0.0000000E+00  0.0000000E+00
        2006           8 wetw              0.0000000E+00  0.0000000E+00  0.0000000E+00
        2006           9 shrb              0.0000000E+00  0.0000000E+00  0.0000000E+00
        2006          10 past               32.23285       20.23191      0.6276799    
        2006          11 wehb              0.0000000E+00  0.0000000E+00  0.0000000E+00
        2006          12 frsd              0.0000000E+00  0.0000000E+00  0.0000000E+00
        2007           1 pnut               167.2375       215.9093       1.291034    
        2007           2 corn               215.9348       1973.452       9.139110    
        2007           3 cots               376.3626       1781.282       4.732888    
        2007           4 frse              0.0000000E+00  0.0000000E+00  0.0000000E+00
        2007           5 frst              0.0000000E+00  0.0000000E+00  0.0000000E+00
        2007           6 wetf              0.0000000E+00  0.0000000E+00  0.0000000E+00
        2007           7 rngb              0.0000000E+00  0.0000000E+00  0.0000000E+00
        2007           8 wetw              0.0000000E+00  0.0000000E+00  0.0000000E+00
        2007           9 shrb              0.0000000E+00  0.0000000E+00  0.0000000E+00
        2007          10 past               32.23285       10.00467      0.3103873    
        2007          11 wehb              0.0000000E+00  0.0000000E+00  0.0000000E+00
        2007          12 frsd              0.0000000E+00  0.0000000E+00  0.0000000E+00
        2008           1 pnut               197.4426       205.2276       1.039429    
        2008           2 corn               167.2375       1257.495       7.519217    
        2008           3 cots               394.8549       1807.859       4.578539    
        2008           4 frse              0.0000000E+00  0.0000000E+00  0.0000000E+00
        2008           5 frst              0.0000000E+00  0.0000000E+00  0.0000000E+00
        2008           6 wetf              0.0000000E+00  0.0000000E+00  0.0000000E+00
        2008           7 rngb              0.0000000E+00  0.0000000E+00  0.0000000E+00
        2008           8 wetw              0.0000000E+00  0.0000000E+00  0.0000000E+00
        2008           9 shrb              0.0000000E+00  0.0000000E+00  0.0000000E+00
        2008          10 past               32.23285       11.33789      0.3517495    
        2008          11 wehb              0.0000000E+00  0.0000000E+00  0.0000000E+00
        2008          12 frsd              0.0000000E+00  0.0000000E+00  0.0000000E+00
        2009           1 pnut               178.9200       213.8364       1.195150    
        2009           2 corn               197.4426       574.0005       2.907177    
        2009           3 cots               383.1724       1909.828       4.984254    
        2009           4 frse              0.0000000E+00  0.0000000E+00  0.0000000E+00
        2009           5 frst              0.0000000E+00  0.0000000E+00  0.0000000E+00
        2009           6 wetf              0.0000000E+00  0.0000000E+00  0.0000000E+00
        2009           7 rngb              0.0000000E+00  0.0000000E+00  0.0000000E+00
        2009           8 wetw              0.0000000E+00  0.0000000E+00  0.0000000E+00
        2009           9 shrb              0.0000000E+00  0.0000000E+00  0.0000000E+00
        2009          10 past               32.23285       13.46160      0.4176362    
        2009          11 wehb              0.0000000E+00  0.0000000E+00  0.0000000E+00
        2009          12 frsd              0.0000000E+00  0.0000000E+00  0.0000000E+00
        2010           1 pnut               215.9348       225.2535       1.043155    
        2010           2 corn               178.9200       1318.796       7.370866    
        2010           3 cots               364.6801       1360.073       3.729495    
        2010           4 frse              0.0000000E+00  0.0000000E+00  0.0000000E+00
        2010           5 frst              0.0000000E+00  0.0000000E+00  0.0000000E+00
        2010           6 wetf              0.0000000E+00  0.0000000E+00  0.0000000E+00
        2010           7 rngb              0.0000000E+00  0.0000000E+00  0.0000000E+00
        2010           8 wetw              0.0000000E+00  0.0000000E+00  0.0000000E+00
        2010           9 shrb              0.0000000E+00  0.0000000E+00  0.0000000E+00
        2010          10 past               32.23285       12.22086      0.3791429    
        2010          11 wehb              0.0000000E+00  0.0000000E+00  0.0000000E+00
        2010          12 frsd              0.0000000E+00  0.0000000E+00  0.0000000E+00
        2011           1 pnut               167.2375       113.7276      0.6800362    
        2011           2 corn               215.9348       910.0474       4.214454    
        2011           3 cots               376.3626       992.2585       2.636443    
        2011           4 frse              0.0000000E+00  0.0000000E+00  0.0000000E+00
        2011           5 frst              0.0000000E+00  0.0000000E+00  0.0000000E+00
        2011           6 wetf              0.0000000E+00  0.0000000E+00  0.0000000E+00
        2011           7 rngb              0.0000000E+00  0.0000000E+00  0.0000000E+00
        2011           8 wetw              0.0000000E+00  0.0000000E+00  0.0000000E+00
        2011           9 shrb              0.0000000E+00  0.0000000E+00  0.0000000E+00
        2011          10 past               32.23285       7.906136      0.2452819    
        2011          11 wehb              0.0000000E+00  0.0000000E+00  0.0000000E+00
        2011          12 frsd              0.0000000E+00  0.0000000E+00  0.0000000E+00
        2012           1 pnut               197.4426       216.4890       1.096466    
        2012           2 corn               167.2375       1437.277       8.594223    
        2012           3 cots               394.8549       1814.173       4.594530    
        2012           4 frse              0.0000000E+00  0.0000000E+00  0.0000000E+00
        2012           5 frst              0.0000000E+00  0.0000000E+00  0.0000000E+00
        2012           6 wetf              0.0000000E+00  0.0000000E+00  0.0000000E+00
        2012           7 rngb              0.0000000E+00  0.0000000E+00  0.0000000E+00
        2012           8 wetw              0.0000000E+00  0.0000000E+00  0.0000000E+00
        2012           9 shrb              0.0000000E+00  0.0000000E+00  0.0000000E+00
        2012          10 past               32.23285       9.778045      0.3033565    
        2012          11 wehb              0.0000000E+00  0.0000000E+00  0.0000000E+00
        2012          12 frsd              0.0000000E+00  0.0000000E+00  0.0000000E+00
