 lilj_1sub                 SWAT+ Nov 30 2021    MODULAR Rev 2020.60.5.4                                   
   jday   mon   day    yr   unit  gis_id  name                    flo_in          aqu_in         flo_out           peakr         sed_in        sed_out         washld          bedld            dep        deg_btm       deg_bank         hc_sed          width          depth          slope        deg_btm       deg_bank         hc_len      flo_in_mm       aqu_in_mm      flo_out_mm 
                                                                   m^3/s           m^3/s           m^3/s           m^3/s           tons           tons           tons           tons           tons           tons           tons           tons              m              m            m/m              m              m              m             mm              mm              mm 
   366    12    31  2004         1     1  lilj_1sub             0.6537E+01     0.0000E+00     0.6819E+01     0.2092E+03     0.7107E+01     0.9358E+03     0.3553E+01     0.0000E+00     0.1308E+01     0.3272E+03     0.6050E+03     0.0000E+00     0.3029E+04     0.1648E+03     0.5708E+00     0.5239E+00     0.8802E+00     0.0000E+00     0.2564E+02     0.0000E+00     0.2675E+02     0.8457E+00
   365    12    31  2005         1     1  lilj_1sub             0.2721E+02     0.0000E+00     0.2733E+02     0.8708E+03     0.9987E+01     0.2385E+04     0.4993E+01     0.0000E+00     0.6582E+00     0.6937E+03     0.1687E+04     0.0000E+00     0.3049E+04     0.1674E+03     0.5689E+00     0.1101E+01     0.3168E+01     0.0000E+00     0.1067E+03     0.0000E+00     0.1072E+03     0.1984E+01
   365    12    31  2006         1     1  lilj_1sub             0.2952E+02     0.0000E+00     0.2968E+02     0.9445E+03     0.1012E+02     0.2601E+04     0.5061E+01     0.0000E+00     0.7366E+00     0.7278E+03     0.1868E+04     0.0000E+00     0.3108E+04     0.1717E+03     0.5683E+00     0.1134E+01     0.5386E+01     0.0000E+00     0.1158E+03     0.0000E+00     0.1164E+03     0.2995E+01
   365    12    31  2007         1     1  lilj_1sub             0.2582E+02     0.0000E+00     0.2602E+02     0.8261E+03     0.8812E+01     0.2090E+04     0.4406E+01     0.0000E+00     0.7052E+00     0.5762E+03     0.1509E+04     0.0000E+00     0.3171E+04     0.1757E+03     0.5678E+00     0.8816E+00     0.4807E+01     0.0000E+00     0.1013E+03     0.0000E+00     0.1020E+03     0.2672E+01
   366    12    31  2008         1     1  lilj_1sub             0.3833E+02     0.0000E+00     0.3856E+02     0.1226E+04     0.1008E+02     0.3694E+04     0.5041E+01     0.0000E+00     0.9573E+00     0.1038E+04     0.2651E+04     0.0000E+00     0.3242E+04     0.1800E+03     0.5688E+00     0.1553E+01     0.6695E+01     0.0000E+00     0.1503E+03     0.0000E+00     0.1512E+03     0.4172E+01
   365    12    31  2009         1     1  lilj_1sub             0.6858E+02     0.0000E+00     0.6885E+02     0.2195E+04     0.1331E+02     0.9353E+04     0.6657E+01     0.0000E+00     0.3969E+00     0.2662E+04     0.6684E+04     0.0000E+00     0.3365E+04     0.1915E+03     0.5657E+00     0.3858E+01     0.1057E+02     0.0000E+00     0.2690E+03     0.0000E+00     0.2700E+03     0.1025E+02
   365    12    31  2010         1     1  lilj_1sub             0.7916E+02     0.0000E+00     0.7934E+02     0.2533E+04     0.1091E+02     0.1534E+05     0.5456E+01     0.0000E+00     0.7105E+00     0.4310E+04     0.1103E+05     0.0000E+00     0.3628E+04     0.2142E+03     0.5627E+00     0.5879E+01     0.1356E+02     0.0000E+00     0.3105E+03     0.0000E+00     0.3112E+03     0.1757E+02
   365    12    31  2011         1     1  lilj_1sub             0.1811E+02     0.0000E+00     0.1834E+02     0.5796E+03     0.7990E+01     0.7920E+03     0.3995E+01     0.0000E+00     0.1170E+01     0.1941E+03     0.5939E+03     0.0000E+00     0.3685E+04     0.2185E+03     0.5621E+00     0.2548E+00     0.2378E+01     0.0000E+00     0.7104E+02     0.0000E+00     0.7194E+02     0.9572E+00
   366    12    31  2012         1     1  lilj_1sub             0.1209E+02     0.0000E+00     0.1220E+02     0.3870E+03     0.8604E+01     0.7328E+03     0.4302E+01     0.0000E+00     0.1034E+01     0.1988E+03     0.5298E+03     0.0000E+00     0.3708E+04     0.2202E+03     0.5635E+00     0.2601E+00     0.8664E+00     0.0000E+00     0.4743E+02     0.0000E+00     0.4786E+02     0.8349E+00
