 lilj_1sub                 SWAT+ Nov 30 2021    MODULAR Rev 2020.60.5.4                                   
  jday   mon   day    yr    unit  gis_id  name                  precip     snofall      snomlt    surq_gen        latq    wateryld        perc          et     ecanopy      eplant       esoil   surq_cont          cn     sw_init    sw_final      sw_ave      sw_300    sno_init   sno_final     snopack         pet       qtile         irr  surq_runon  latq_runon    overbank    surq_cha    surq_res     surq_ls    latq_cha    latq_res     latq_ls     gwtranq       satex  satex_chan   sw_change     lagsurf     laglatq   lagsatex 
                                                                  mm            mm          mm          mm          mm          mm          mm          mm          mm          mm          mm          mm         ---          mm          mm          mm          mm          mm          mm          mm          mm          mm          mm          mm          mm          mm          mm          mm          mm          mm          mm          mm          mm          mm          mm          mm          mm          mm
   366    12    31  2012       1       1  hru01               1046.174       0.000       0.000      25.985       0.715      26.700      76.774     934.204       9.637     333.898     590.669      25.985      60.475      16.877      93.656      81.883       6.867       0.000       0.000       0.000    1300.635       0.000       0.000       0.000       0.000       0.000      25.985       0.000       0.000       0.715       0.000       0.000       0.000       0.000       0.000       8.497       0.059       1.709       0.000
   366    12    31  2012       2       2  hru02               1046.174       0.000       0.000      26.009       0.828      26.837      85.348     924.440       9.343     329.857     585.240      26.009      60.476      17.282     103.568      89.789       7.115       0.000       0.000       0.000    1300.645       0.000       0.000       0.000       0.000       0.000      26.009       0.000       0.000       0.828       0.000       0.000       0.000       0.000       0.000       9.550       0.057       1.979       0.000
   366    12    31  2012       3       3  hru03               1046.174       0.000       0.000     107.939       0.941     108.880      19.268     909.459      10.501     397.427     501.531     107.938      76.447      57.880     135.299     140.699      12.347       0.000       0.000       0.000    1300.518       0.000       0.000       0.000       0.000       0.000     107.938       0.000       0.000       0.941       0.000       0.000       0.000       0.000       0.000       8.568       1.282       2.249       0.000
   366    12    31  2012       4       4  hru04               1046.174       0.000       0.000      62.662       0.500      63.162      73.869     895.272      10.328     384.315     500.628      62.661      69.888      26.181     151.522     128.451      10.040       0.000       0.000       0.000    1300.502       0.000       0.000       0.000       0.000       0.000      62.661       0.000       0.000       0.500       0.000       0.000       0.000       0.000       0.000      13.872       1.133       1.195       0.000
   366    12    31  2012       5       5  hru05               1046.174       0.000       0.000       1.768       0.959       2.727      63.707     971.352      90.414     878.990       1.948       1.768      40.483      12.203      87.995      68.050       6.439       0.000       0.000       0.000    1300.609       0.000       0.000       0.000       0.000       0.000       1.768       0.000       0.000       0.959       0.000       0.000       0.000       0.000       0.000       8.388       0.434       2.292       0.000
   366    12    31  2012       6       6  hru06               1046.174       0.000       0.000       1.768       0.146       1.914      83.831     951.913      90.415     859.584       1.915       1.768      40.483      11.914      88.868      63.553       7.615       0.000       0.000       0.000    1300.594       0.000       0.000       0.000       0.000       0.000       1.768       0.000       0.000       0.146       0.000       0.000       0.000       0.000       0.000       8.517       0.547       0.350       0.000
   366    12    31  2012       7       7  hru07               1046.174       0.000       0.000      28.145       0.885      29.030       9.555     999.131      90.415     907.412       1.305      28.145      61.724      11.691      88.116      83.284       9.584       0.000       0.000       0.000    1300.593       0.000       0.000       0.000       0.000       0.000      28.145       0.000       0.000       0.885       0.000       0.000       0.000       0.000       0.000       8.458       9.616       2.116       0.000
   366    12    31  2012       8       8  hru08               1046.174       0.000       0.000       1.768       0.230       1.998      62.670     973.048      90.415     881.252       1.381       1.768      40.483      11.682      88.109      69.711       7.401       0.000       0.000       0.000    1300.556       0.000       0.000       0.000       0.000       0.000       1.768       0.000       0.000       0.230       0.000       0.000       0.000       0.000       0.000       8.458       0.493       0.550       0.000
   366    12    31  2012       9       9  hru09               1046.174       0.000       0.000      13.239       0.841      14.080      21.903    1002.301      90.415     910.171       1.716      13.239      54.774      16.289      88.019      85.109      15.012       0.000       0.000       0.000    1300.558       0.000       0.000       0.000       0.000       0.000      13.239       0.000       0.000       0.841       0.000       0.000       0.000       0.000       0.000       7.939       1.973       2.009       0.000
   366    12    31  2012      10      10  hru10               1046.174       0.000       0.000      25.992       0.145      26.137      93.630     918.442       8.611     317.676     592.155      25.991      60.475      23.242      95.218      73.149       8.429       0.000       0.000       0.000    1300.609       0.000       0.000       0.000       0.000       0.000      25.991       0.000       0.000       0.145       0.000       0.000       0.000       0.000       0.000       7.966       0.088       0.347       0.000
   366    12    31  2012      11      11  hru11               1046.174       0.000       0.000      25.987       0.800      26.786      72.763     938.740       9.128     352.527     577.085      25.986      60.475      23.919      95.163      84.014       7.036       0.000       0.000       0.000    1300.619       0.000       0.000       0.000       0.000       0.000      25.986       0.000       0.000       0.800       0.000       0.000       0.000       0.000       0.000       7.885       0.048       1.911       0.000
   366    12    31  2012      12      12  hru12               1046.174       0.000       0.000      66.102       1.011      67.112      29.603     943.312       9.558     377.785     555.969      66.101      70.142      27.417      95.307     113.402      15.635       0.000       0.000       0.000    1300.557       0.000       0.000       0.000       0.000       0.000      66.101       0.000       0.000       1.011       0.000       0.000       0.000       0.000       0.000       7.514       0.014       2.415       0.000
   366    12    31  2012      13      13  hru13               1046.174       0.000       0.000      25.979       0.375      26.354     126.998     880.926       9.838     399.379     471.709      25.979      60.475      27.179     134.669     121.255       8.724       0.000       0.000       0.000    1300.573       0.000       0.000       0.000       0.000       0.000      25.979       0.000       0.000       0.375       0.000       0.000       0.000       0.000       0.000      11.896       0.056       0.897       0.000
   366    12    31  2012      14      14  hru14               1046.174       0.000       0.000       1.768       0.851       2.620      63.736     971.426      90.414     878.458       2.554       1.768      40.483      12.169      88.001      68.013       6.438       0.000       0.000       0.000    1300.607       0.000       0.000       0.000       0.000       0.000       1.768       0.000       0.000       0.851       0.000       0.000       0.000       0.000       0.000       8.393       0.380       2.035       0.000
   366    12    31  2012      15      15  hru15               1046.174       0.000       0.000      28.145       0.854      28.999       9.553     999.161      90.414     907.039       1.708      28.145      61.724      11.663      88.116      83.242       9.581       0.000       0.000       0.000    1300.633       0.000       0.000       0.000       0.000       0.000      28.145       0.000       0.000       0.854       0.000       0.000       0.000       0.000       0.000       8.461       7.879       2.042       0.000
   366    12    31  2012      16      16  hru16               1046.174       0.000       0.000       1.768       0.606       2.374      62.412     972.930      90.415     880.664       1.851       1.768      40.483      11.650      88.072      69.606       7.395       0.000       0.000       0.000    1300.552       0.000       0.000       0.000       0.000       0.000       1.768       0.000       0.000       0.606       0.000       0.000       0.000       0.000       0.000       8.458       0.229       1.448       0.000
   366    12    31  2012      17      17  hru17               1046.174       0.000       0.000      13.238       0.902      14.140      21.881    1002.488      90.415     909.626       2.447      13.238      54.773      16.247      88.016      85.036      15.001       0.000       0.000       0.000    1300.566       0.000       0.000       0.000       0.000       0.000      13.238       0.000       0.000       0.902       0.000       0.000       0.000       0.000       0.000       7.943       1.648       2.155       0.000
   366    12    31  2012      18      18  hru18               1046.174       0.000       0.000       0.000       1.189       1.189     108.609     927.925      90.414     835.260       2.251       0.000      16.067      11.685      88.055      56.180       7.424       0.000       0.000       0.000    1300.656       0.000       0.000       0.000       0.000       0.000       0.000       0.000       0.000       1.189       0.000       0.000       0.000       0.000       0.000       8.452       0.000       2.841       0.000
   366    12    31  2012      19      19  hru19               1046.174       0.000       0.000      46.279       0.561      46.840       7.634     983.239      90.415     891.118       1.706      46.279      67.016      11.659      88.115      74.099       8.657       0.000       0.000       0.000    1300.566       0.000       0.000       0.000       0.000       0.000      46.279       0.000       0.000       0.561       0.000       0.000       0.000       0.000       0.000       8.462       9.894       1.341       0.000
   366    12    31  2012      20      20  hru20               1046.174       0.000       0.000       4.672       0.879       5.551      62.470     969.761      90.415     876.789       2.557       4.672      46.817      12.167      87.997      67.555       6.394       0.000       0.000       0.000    1300.583       0.000       0.000       0.000       0.000       0.000       4.672       0.000       0.000       0.879       0.000       0.000       0.000       0.000       0.000       8.392       0.864       2.100       0.000
   366    12    31  2012      21      21  hru21               1046.174       0.000       0.000      21.928       0.275      22.203      19.698     996.329      90.415     903.762       2.151      21.928      59.288      16.250      88.039      81.012      14.464       0.000       0.000       0.000    1300.513       0.000       0.000       0.000       0.000       0.000      21.928       0.000       0.000       0.275       0.000       0.000       0.000       0.000       0.000       7.945       4.483       0.656       0.000
   366    12    31  2012      22      22  hru22               1046.174       0.000       0.000       4.672       0.188       4.860      61.344     971.509      90.415     879.241       1.853       4.672      46.817      11.651      88.112      69.128       7.370       0.000       0.000       0.000    1300.568       0.000       0.000       0.000       0.000       0.000       4.672       0.000       0.000       0.188       0.000       0.000       0.000       0.000       0.000       8.462       1.034       0.449       0.000
   366    12    31  2012      23      23  hru23               1046.174       0.000       0.000       5.999       0.104       6.104      26.124    1004.969      90.415     911.934       2.620       5.999      46.961      14.651      93.535      84.945      15.874       0.000       0.000       0.000    1300.518       0.000       0.000       0.000       0.000       0.000       5.999       0.000       0.000       0.104       0.000       0.000       0.000       0.000       0.000       8.730       1.885       0.250       0.000
   366    12    31  2012      24      24  hru24               1046.174       0.000       0.000     747.001       0.000     747.002       0.000     298.121       0.000       0.000     298.121     747.001      98.833      66.439      75.938      68.175       1.697       0.000       0.000       0.000    1300.633       0.000       0.000       0.000       0.000       0.000     747.001       0.000       0.000       0.000       0.000       0.000       0.000       0.000       0.000       1.051       0.000       0.002       0.000
   366    12    31  2012      25      25  hru25               1046.174       0.000       0.000     747.001       0.000     747.001       0.000     298.124       0.000       0.000     298.124     747.001      98.833      89.644      99.122      91.381       0.832       0.000       0.000       0.000    1300.613       0.000       0.000       0.000       0.000       0.000     747.001       0.000       0.000       0.000       0.000       0.000       0.000       0.000       0.000       1.049       0.000       0.000       0.000
   366    12    31  2012      26      26  hru26               1046.174       0.000       0.000     747.001       0.001     747.002       0.000     298.130       0.000       0.000     298.130     747.001      98.833      84.085      93.507      85.767       1.616       0.000       0.000       0.000    1300.569       0.000       0.000       0.000       0.000       0.000     747.001       0.000       0.000       0.001       0.000       0.000       0.000       0.000       0.000       1.043       0.000       0.003       0.000
   366    12    31  2012      27      27  hru27               1046.174       0.000       0.000     747.001       0.000     747.001       0.000     298.124       0.000       0.000     298.124     747.001      98.833      36.639      46.123      38.378       1.478       0.000       0.000       0.000    1300.603       0.000       0.000       0.000       0.000       0.000     747.001       0.000       0.000       0.000       0.000       0.000       0.000       0.000       0.000       1.050       0.000       0.000       0.000
   366    12    31  2012      28      28  hru28               1046.174       0.000       0.000       9.944       3.855      13.798     420.508     605.717      34.709     332.086     238.922       9.943      36.581     170.634     264.350     191.434      16.348       0.000       0.000       0.000    1300.647       0.000       0.000       0.000       0.000       0.000       9.943       0.000       0.000       3.855       0.000       0.000       0.000       0.000       0.000      10.372       2.602       9.212       0.000
   366    12    31  2012      29      29  hru29               1046.174       0.000       0.000     155.305       7.334     162.639     211.065     640.064      34.709     338.036     267.318     155.305      59.383     215.790     419.793     328.482      48.608       0.000       0.000       0.000    1300.551       0.000       0.000       0.000       0.000       0.000     155.305       0.000       0.000       7.334       0.000       0.000       0.000       0.000       0.000      22.578      19.493      17.526       0.000
   366    12    31  2012      30      30  hru30               1046.174       0.000       0.000     220.364      61.447     281.811      99.608     660.430      34.709     338.029     287.692     220.369      69.010     202.861     511.835     409.977      69.547       0.000       0.000       0.000    1300.534       0.000       0.000       0.000       0.000       0.000     220.369       0.000       0.000      61.447       0.000       0.000       0.000       0.000       0.000      34.195      37.847     146.849       0.000
   366    12    31  2012      31      31  hru31               1046.174       0.000       0.000       8.058       1.919       9.977     152.649     887.405      61.298     798.258      27.850       8.057      46.873      39.534     116.318      98.008       9.050       0.000       0.000       0.000    1300.590       0.000       0.000       0.000       0.000       0.000       8.057       0.000       0.000       1.919       0.000       0.000       0.000       0.000       0.000       8.498       1.139       4.587       0.000
   366    12    31  2012      32      32  hru32               1046.174       0.000       0.000      66.033       1.310      67.344      21.055     952.156      61.298     877.974      12.885      66.033      67.879      39.633     116.824     137.311      15.299       0.000       0.000       0.000    1300.587       0.000       0.000       0.000       0.000       0.000      66.033       0.000       0.000       1.310       0.000       0.000       0.000       0.000       0.000       8.543      24.749       3.131       0.000
   366    12    31  2012      33      33  hru33               1046.174       0.000       0.000     188.291       0.380     188.671       2.610     427.753      36.530     336.886      54.336     188.291      70.022       6.460      11.338       4.194       4.194       0.000       0.000       0.000    1300.583       0.000       0.000       0.000       0.000       0.000     188.291       0.000       0.000       0.380       0.000       0.000       0.000       0.000       0.000       0.540      51.836       0.909       0.000
   366    12    31  2012      34      34  hru34               1046.174       0.000       0.000      33.522       5.871      39.393     522.876     470.747      39.134     375.034      56.578      33.522      60.694     163.607     274.215     212.671      18.994       0.000       0.000       0.000    1300.610       0.000       0.000       0.000       0.000       0.000      33.522       0.000       0.000       5.871       0.000       0.000       0.000       0.000       0.000      12.241       0.039      14.030       0.000
   366    12    31  2012      35      35  hru35               1046.174       0.000       0.000     388.296      25.476     413.772     110.794     480.155      39.134     375.023      65.997     388.296      85.815     186.487     513.979     439.607      81.399       0.000       0.000       0.000    1300.586       0.000       0.000       0.000       0.000       0.000     388.296       0.000       0.000      25.476       0.000       0.000       0.000       0.000       0.000      36.244       1.154      60.884       0.000
   366    12    31  2012      36      36  hru36               1046.174       0.000       0.000      27.296       2.476      29.772     543.929     458.256      39.134     375.022      44.100      27.296      60.734     167.904     295.379     251.350      20.590       0.000       0.000       0.000    1300.585       0.000       0.000       0.000       0.000       0.000      27.296       0.000       0.000       2.476       0.000       0.000       0.000       0.000       0.000      14.108       0.054       5.917       0.000
   366    12    31  2012      37      37  hru37               1046.174       0.000       0.000      25.648       0.801      26.450     512.452     494.390      39.134     370.400      84.855      25.648      60.507     137.433     253.829     188.818      17.065       0.000       0.000       0.000    1300.592       0.000       0.000       0.000       0.000       0.000      25.648       0.000       0.000       0.801       0.000       0.000       0.000       0.000       0.000      12.882       0.072       1.915       0.000
   366    12    31  2012      38      38  hru38               1046.174       0.000       0.000      25.957       0.703      26.660      73.240     937.666       9.809     364.043     563.813      25.956      60.475      16.877      94.663      80.666       6.961       0.000       0.000       0.000    1300.635       0.000       0.000       0.000       0.000       0.000      25.956       0.000       0.000       0.703       0.000       0.000       0.000       0.000       0.000       8.609       0.062       1.680       0.000
   366    12    31  2012      39      39  hru39               1046.174       0.000       0.000      25.949       0.138      26.087     130.726     876.805      10.363     408.667     457.774      25.948      60.475      17.728     131.190     124.002       8.460       0.000       0.000       0.000    1300.576       0.000       0.000       0.000       0.000       0.000      25.948       0.000       0.000       0.138       0.000       0.000       0.000       0.000       0.000      12.557       0.323       0.330       0.000
   366    12    31  2012      40      40  hru40               1046.174       0.000       0.000       7.485       0.634       8.119      57.065     972.661      77.065     805.577      90.019       7.485      50.071      10.552      85.817      65.337       6.272       0.000       0.000       0.000    1300.622       0.000       0.000       0.000       0.000       0.000       7.485       0.000       0.000       0.634       0.000       0.000       0.000       0.000       0.000       8.330       0.428       1.515       0.000
   366    12    31  2012      41      41  hru41               1046.174       0.000       0.000      53.084       0.564      53.647       6.845     977.284      77.047     819.445      80.793      53.083      68.429      10.239      86.122      70.275       8.212       0.000       0.000       0.000    1300.621       0.000       0.000       0.000       0.000       0.000      53.083       0.000       0.000       0.564       0.000       0.000       0.000       0.000       0.000       8.398       3.763       1.348       0.000
   366    12    31  2012      42      42  hru42               1046.174       0.000       0.000       7.484       0.131       7.615      22.681    1025.457      77.186     832.553     115.718       7.484      50.111      11.640      90.241      79.754      15.341       0.000       0.000       0.000    1300.510       0.000       0.000       0.000       0.000       0.000       7.484       0.000       0.000       0.131       0.000       0.000       0.000       0.000       0.000       8.699       1.047       0.313       0.000
   366    12    31  2012      43      43  hru43               1046.174       0.000       0.000     819.414       0.000     819.414       0.000     226.253       0.000       0.000     226.253     819.414      98.833      66.439      71.021      67.430       0.990       0.000       0.000       0.000    1300.603       0.000       0.000       0.000       0.000       0.000     819.414       0.000       0.000       0.000       0.000       0.000       0.000       0.000       0.000       0.507       0.000       0.001       0.000
   366    12    31  2012      44      44  hru44               1046.174       0.000       0.000     819.414       0.000     819.414       0.000     226.255       0.000       0.000     226.255     819.414      98.833      36.639      41.207      37.630       0.858       0.000       0.000       0.000    1300.574       0.000       0.000       0.000       0.000       0.000     819.414       0.000       0.000       0.000       0.000       0.000       0.000       0.000       0.000       0.505       0.000       0.000       0.000
   366    12    31  2012      45      45  hru45               1046.174       0.000       0.000     819.414       0.000     819.414       0.000     226.262       0.000       0.000     226.262     819.414      98.833      84.085      88.591      85.021       0.990       0.000       0.000       0.000    1300.531       0.000       0.000       0.000       0.000       0.000     819.414       0.000       0.000       0.000       0.000       0.000       0.000       0.000       0.000       0.499       0.000       0.001       0.000
   366    12    31  2012      46      46  hru46               1046.174       0.000       0.000      81.017       4.273      85.289      29.656     930.601      56.256     855.622      18.723      81.016      68.081      62.921     127.715     173.110      19.873       0.000       0.000       0.000    1300.607       0.000       0.000       0.000       0.000       0.000      81.016       0.000       0.000       4.273       0.000       0.000       0.000       0.000       0.000       7.171      22.744      10.211       0.000
   366    12    31  2012      47      47  hru47               1046.174       0.000       0.000      11.853       1.839      13.693     210.083     815.625      56.252     744.074      15.299      11.853      46.891      63.135     127.398     112.304      11.090       0.000       0.000       0.000    1300.606       0.000       0.000       0.000       0.000       0.000      11.853       0.000       0.000       1.839       0.000       0.000       0.000       0.000       0.000       7.112       4.650       4.396       0.000
   366    12    31  2012      48      48  hru48               1046.174       0.000       0.000      36.554       1.613      38.167     113.813     894.372      56.256     818.287      19.829      36.554      60.143      62.818     127.583     155.612      17.204       0.000       0.000       0.000    1300.601       0.000       0.000       0.000       0.000       0.000      36.554       0.000       0.000       1.613       0.000       0.000       0.000       0.000       0.000       7.168      18.316       3.854       0.000
   366    12    31  2012      49      49  hru49               1046.174       0.000       0.000       1.768       1.014       2.782      63.645     971.356      90.415     878.388       2.553       1.768      40.483      12.163      87.989      67.996       6.436       0.000       0.000       0.000    1300.544       0.000       0.000       0.000       0.000       0.000       1.768       0.000       0.000       1.014       0.000       0.000       0.000       0.000       0.000       8.392       0.540       2.423       0.000
