 lilj_1sub                 SWAT+ Nov 30 2021    MODULAR Rev 2020.60.5.4                                   
   jday   mon   day    yr   unit  gis_id  name                 sedyld     sedorgn     sedorgp     surqno3     lat3no3    surqsolp        usle      sedmin     tileno3     lchlabp    tilelabp      satexn
                                                                  tha        kgha        kgha        kgha        kgha        kgha        tons        kgha        kgha        kgha        kgha        kgha
   366    12    31  2012       1       1  hru01                  0.003       0.000       0.000       0.048       0.000       0.245       0.000       0.000       0.000       0.621       0.000       0.000
   366    12    31  2012       2       2  hru02                  0.002       0.000       0.000       0.050       0.000       0.308       0.000       0.000       0.000       0.671       0.000       0.000
   366    12    31  2012       3       3  hru03                  0.006       0.001       0.000       0.670       0.000       1.133       0.000       0.000       0.000       0.176       0.000       0.000
   366    12    31  2012       4       4  hru04                  0.002       0.000       0.000       0.270       0.000       0.653       0.000       0.000       0.000       0.605       0.000       0.000
   366    12    31  2012       5       5  hru05                  0.000       0.000       0.000       0.000       0.000       0.030       0.000       0.000       0.000       0.521       0.000       0.000
   366    12    31  2012       6       6  hru06                  0.000       0.000       0.000       0.000       0.000       0.030       0.000       0.000       0.000       0.452       0.000       0.000
   366    12    31  2012       7       7  hru07                  0.000       0.000       0.000       0.071       0.000       0.530       0.000       0.000       0.000       0.094       0.000       0.000
   366    12    31  2012       8       8  hru08                  0.000       0.000       0.000       0.001       0.000       0.028       0.000       0.000       0.000       0.502       0.000       0.000
   366    12    31  2012       9       9  hru09                  0.000       0.000       0.000       0.025       0.000       0.254       0.000       0.000       0.000       0.227       0.000       0.000
   366    12    31  2012      10      10  hru10                  0.003       0.000       0.000       0.069       0.000       0.290       0.000       0.000       0.000       0.495       0.000       0.000
   366    12    31  2012      11      11  hru11                  0.003       0.000       0.000       0.060       0.000       0.300       0.000       0.000       0.000       0.570       0.000       0.000
   366    12    31  2012      12      12  hru12                  0.021       0.003       0.000       0.279       0.000       0.709       0.000       0.000       0.000       0.313       0.000       0.000
   366    12    31  2012      13      13  hru13                  0.004       0.000       0.000       0.069       0.000       0.252       0.000       0.000       0.000       0.968       0.000       0.000
   366    12    31  2012      14      14  hru14                  0.000       0.000       0.000       0.000       0.000       0.027       0.000       0.000       0.000       0.522       0.000       0.000
   366    12    31  2012      15      15  hru15                  0.000       0.000       0.000       0.074       0.000       0.495       0.000       0.000       0.000       0.094       0.000       0.000
   366    12    31  2012      16      16  hru16                  0.000       0.000       0.000       0.001       0.000       0.026       0.000       0.000       0.000       0.501       0.000       0.000
   366    12    31  2012      17      17  hru17                  0.000       0.000       0.000       0.026       0.000       0.235       0.000       0.000       0.000       0.229       0.000       0.000
   366    12    31  2012      18      18  hru18                  0.000       0.000       0.000       0.000       0.000       0.000       0.000       0.000       0.000       0.577       0.000       0.000
   366    12    31  2012      19      19  hru19                  0.000       0.000       0.000       0.153       0.000       0.814       0.000       0.000       0.000       0.073       0.000       0.000
   366    12    31  2012      20      20  hru20                  0.000       0.000       0.000       0.002       0.000       0.074       0.000       0.000       0.000       0.514       0.000       0.000
   366    12    31  2012      21      21  hru21                  0.000       0.000       0.000       0.049       0.000       0.392       0.000       0.000       0.000       0.207       0.000       0.000
   366    12    31  2012      22      22  hru22                  0.000       0.000       0.000       0.003       0.000       0.070       0.000       0.000       0.000       0.493       0.000       0.000
   366    12    31  2012      23      23  hru23                  0.000       0.000       0.000       0.003       0.000       0.076       0.000       0.000       0.000       0.262       0.000       0.000
   366    12    31  2012      24      24  hru24                  0.735       0.343       0.114       0.048       0.000       0.040       0.000       0.004       0.000       0.000       0.000       0.000
   366    12    31  2012      25      25  hru25                  0.884       0.466       0.144       0.160       0.000       0.048       0.000       0.019       0.000       0.000       0.000       0.000
   366    12    31  2012      26      26  hru26                  1.020       0.684       0.174       0.017       0.000       0.049       0.000       0.080       0.000       0.000       0.000       0.000
   366    12    31  2012      27      27  hru27                  0.925       0.443       0.145       0.069       0.000       0.049       0.000       0.039       0.000       0.000       0.000       0.000
   366    12    31  2012      28      28  hru28                  0.000       0.000       0.000       0.001       0.000       0.052       0.000       0.000       0.000       3.300       0.000       0.000
   366    12    31  2012      29      29  hru29                  0.002       0.000       0.000       0.066       0.000       0.755       0.000       0.000       0.000       2.748       0.000       0.000
   366    12    31  2012      30      30  hru30                  0.001       0.000       0.000       0.050       0.000       0.813       0.000       0.000       0.000       1.725       0.000       0.000
   366    12    31  2012      31      31  hru31                  0.000       0.000       0.000       0.000       0.000       0.003       0.000       0.000       0.000       1.211       0.000       0.000
   366    12    31  2012      32      32  hru32                  0.000       0.000       0.000       0.005       0.000       0.025       0.000       0.000       0.000       0.214       0.000       0.000
   366    12    31  2012      33      33  hru33                  0.000       0.000       0.000       0.008       0.000       0.568       0.000       0.000       0.000       0.028       0.000       0.000
   366    12    31  2012      34      34  hru34                  0.001       0.000       0.000       0.001       0.000       0.045       0.000       0.000       0.000       4.023       0.000       0.000
   366    12    31  2012      35      35  hru35                  0.005       0.000       0.000       0.056       0.000       0.352       0.000       0.000       0.000       1.729       0.000       0.000
   366    12    31  2012      36      36  hru36                  0.000       0.000       0.000       0.001       0.000       0.036       0.000       0.000       0.000       3.097       0.000       0.000
   366    12    31  2012      37      37  hru37                  0.000       0.000       0.000       0.001       0.000       0.052       0.000       0.000       0.000       2.699       0.000       0.000
   366    12    31  2012      38      38  hru38                  0.002       0.000       0.000       0.115       0.000       0.289       0.000       0.000       0.000       0.610       0.000       0.000
   366    12    31  2012      39      39  hru39                  0.001       0.000       0.000       0.120       0.000       0.251       0.000       0.000       0.000       0.994       0.000       0.000
   366    12    31  2012      40      40  hru40                  0.003       0.000       0.000       0.000       0.000       0.000       0.000       0.000       0.000       0.425       0.000       0.000
   366    12    31  2012      41      41  hru41                  0.011       0.009       0.001       0.000       0.000       0.001       0.000       0.000       0.000       0.060       0.000       0.000
   366    12    31  2012      42      42  hru42                  0.004       0.003       0.000       0.000       0.000       0.000       0.000       0.000       0.000       0.223       0.000       0.000
   366    12    31  2012      43      43  hru43                  4.523       0.929       0.145       1.822       0.000       0.096       0.000       0.013       0.000       0.000       0.000       0.000
   366    12    31  2012      44      44  hru44                  6.971       1.447       0.213       2.112       0.000       0.068       0.000       0.080       0.000       0.000       0.000       0.000
   366    12    31  2012      45      45  hru45                 15.680      22.995       2.851       0.901       0.000       0.034       0.000       0.172       0.000       0.000       0.000       0.000
   366    12    31  2012      46      46  hru46                  0.000       0.000       0.000       0.038       0.000       0.254       0.000       0.000       0.000       0.307       0.000       0.000
   366    12    31  2012      47      47  hru47                  0.000       0.000       0.000       0.000       0.000       0.006       0.000       0.000       0.000       1.543       0.000       0.000
   366    12    31  2012      48      48  hru48                  0.000       0.000       0.000       0.008       0.000       0.097       0.000       0.000       0.000       0.911       0.000       0.000
   366    12    31  2012      49      49  hru49                  0.000       0.000       0.000       0.000       0.000       0.027       0.000       0.000       0.000       0.521       0.000       0.000
