 lilj_1sub                 SWAT+ Nov 30 2021    MODULAR Rev 2020.60.5.4                                   
   jda   mon   day    yr   unit   gis_id  name               sedyld             usle          sedorgc          sedorgn          sedorgp          surqno3          lat3no3         surqsolp           sedmin          tileno3          no3atmo          nh4atmo          manurec          manuren          manurep            fertc            fertn            fertp        grazc_eat        grazn_eat        gracp_eat        grazc_man        grazn_man        gracp_man             fixn            denit           yieldc           yieldn           yieldp
                                                               tons              tha             kgha             kgha             kgha             kgha             kgha             kgha             ----             kgha          no3atmo             kgha             kgha             kgha             kgha             kgha             kgha             kgha             kgha             kgha             kgha             kgha             kgha             kgha             kgha             kgha             kgha             kgha             kgha
   366    12    31  2012       1       1  hru01               0.000            0.000            0.000            0.000            0.000            0.000            0.000            0.000            0.000            0.000            0.000            0.000            0.000            0.000            0.000            0.000            0.000            0.000            0.000            0.000            0.000            0.000            0.000            0.000            0.000            0.000            0.000            0.000            0.000
   366    12    31  2012       2       2  hru02               0.000            0.000            0.000            0.000            0.000            0.000            0.000            0.000            0.000            0.000            0.000            0.000            0.000            0.000            0.000            0.000            0.000            0.000            0.000            0.000            0.000            0.000            0.000            0.000            0.000            0.000            0.000            0.000            0.000
   366    12    31  2012       3       3  hru03               0.000            0.000            0.000            0.000            0.000            0.000            0.000            0.000            0.000            0.000            0.000            0.000            0.000            0.000            0.000            0.000            0.000            0.000            0.000            0.000            0.000            0.000            0.000            0.000            0.000            0.000            0.000            0.000            0.000
   366    12    31  2012       4       4  hru04               0.000            0.000            0.000            0.000            0.000            0.000            0.000            0.000            0.000            0.000            0.000            0.000            0.000            0.000            0.000            0.000            0.000            0.000            0.000            0.000            0.000            0.000            0.000            0.000            0.000            0.000            0.000            0.000            0.000
   366    12    31  2012       5       5  hru05               0.000            0.000            0.000            0.000            0.000            0.000            0.000            0.000            0.000            0.000            0.000            0.000            0.000            0.000            0.000            0.000            0.000            0.000            0.000            0.000            0.000            0.000            0.000            0.000            0.000            0.000            0.000            0.000            0.000
   366    12    31  2012       6       6  hru06               0.000            0.000            0.000            0.000            0.000            0.000            0.000            0.000            0.000            0.000            0.000            0.000            0.000            0.000            0.000            0.000            0.000            0.000            0.000            0.000            0.000            0.000            0.000            0.000            0.000            0.000            0.000            0.000            0.000
   366    12    31  2012       7       7  hru07               0.000            0.000            0.000            0.000            0.000            0.000            0.000            0.000            0.000            0.000            0.000            0.000            0.000            0.000            0.000            0.000            0.000            0.000            0.000            0.000            0.000            0.000            0.000            0.000            0.000            0.000            0.000            0.000            0.000
   366    12    31  2012       8       8  hru08               0.000            0.000            0.000            0.000            0.000            0.000            0.000            0.000            0.000            0.000            0.000            0.000            0.000            0.000            0.000            0.000            0.000            0.000            0.000            0.000            0.000            0.000            0.000            0.000            0.000            0.000            0.000            0.000            0.000
   366    12    31  2012       9       9  hru09               0.000            0.000            0.000            0.000            0.000            0.000            0.000            0.000            0.000            0.000            0.000            0.000            0.000            0.000            0.000            0.000            0.000            0.000            0.000            0.000            0.000            0.000            0.000            0.000            0.000            0.000            0.000            0.000            0.000
   366    12    31  2012      10      10  hru10               0.000            0.000            0.000            0.000            0.000            0.000            0.000            0.000            0.000            0.000            0.000            0.000            0.000            0.000            0.000            0.000            0.000            0.000            0.000            0.000            0.000            0.000            0.000            0.000            0.000            0.000            0.000            0.000            0.000
   366    12    31  2012      11      11  hru11               0.000            0.000            0.000            0.000            0.000            0.000            0.000            0.000            0.000            0.000            0.000            0.000            0.000            0.000            0.000            0.000            0.000            0.000            0.000            0.000            0.000            0.000            0.000            0.000            0.000            0.000            0.000            0.000            0.000
   366    12    31  2012      12      12  hru12               0.000            0.000            0.000            0.000            0.000            0.000            0.000            0.000            0.000            0.000            0.000            0.000            0.000            0.000            0.000            0.000            0.000            0.000            0.000            0.000            0.000            0.000            0.000            0.000            0.000            0.000            0.000            0.000            0.000
   366    12    31  2012      13      13  hru13               0.000            0.000            0.000            0.000            0.000            0.000            0.000            0.000            0.000            0.000            0.000            0.000            0.000            0.000            0.000            0.000            0.000            0.000            0.000            0.000            0.000            0.000            0.000            0.000            0.000            0.000            0.000            0.000            0.000
   366    12    31  2012      14      14  hru14               0.000            0.000            0.000            0.000            0.000            0.000            0.000            0.000            0.000            0.000            0.000            0.000            0.000            0.000            0.000            0.000            0.000            0.000            0.000            0.000            0.000            0.000            0.000            0.000            0.000            0.000            0.000            0.000            0.000
   366    12    31  2012      15      15  hru15               0.000            0.000            0.000            0.000            0.000            0.000            0.000            0.000            0.000            0.000            0.000            0.000            0.000            0.000            0.000            0.000            0.000            0.000            0.000            0.000            0.000            0.000            0.000            0.000            0.000            0.000            0.000            0.000            0.000
   366    12    31  2012      16      16  hru16               0.000            0.000            0.000            0.000            0.000            0.000            0.000            0.000            0.000            0.000            0.000            0.000            0.000            0.000            0.000            0.000            0.000            0.000            0.000            0.000            0.000            0.000            0.000            0.000            0.000            0.000            0.000            0.000            0.000
   366    12    31  2012      17      17  hru17               0.000            0.000            0.000            0.000            0.000            0.000            0.000            0.000            0.000            0.000            0.000            0.000            0.000            0.000            0.000            0.000            0.000            0.000            0.000            0.000            0.000            0.000            0.000            0.000            0.000            0.000            0.000            0.000            0.000
   366    12    31  2012      18      18  hru18               0.000            0.000            0.000            0.000            0.000            0.000            0.000            0.000            0.000            0.000            0.000            0.000            0.000            0.000            0.000            0.000            0.000            0.000            0.000            0.000            0.000            0.000            0.000            0.000            0.000            0.000            0.000            0.000            0.000
   366    12    31  2012      19      19  hru19               0.000            0.000            0.000            0.000            0.000            0.000            0.000            0.000            0.000            0.000            0.000            0.000            0.000            0.000            0.000            0.000            0.000            0.000            0.000            0.000            0.000            0.000            0.000            0.000            0.000            0.000            0.000            0.000            0.000
   366    12    31  2012      20      20  hru20               0.000            0.000            0.000            0.000            0.000            0.000            0.000            0.000            0.000            0.000            0.000            0.000            0.000            0.000            0.000            0.000            0.000            0.000            0.000            0.000            0.000            0.000            0.000            0.000            0.000            0.000            0.000            0.000            0.000
   366    12    31  2012      21      21  hru21               0.000            0.000            0.000            0.000            0.000            0.000            0.000            0.000            0.000            0.000            0.000            0.000            0.000            0.000            0.000            0.000            0.000            0.000            0.000            0.000            0.000            0.000            0.000            0.000            0.000            0.000            0.000            0.000            0.000
   366    12    31  2012      22      22  hru22               0.000            0.000            0.000            0.000            0.000            0.000            0.000            0.000            0.000            0.000            0.000            0.000            0.000            0.000            0.000            0.000            0.000            0.000            0.000            0.000            0.000            0.000            0.000            0.000            0.000            0.000            0.000            0.000            0.000
   366    12    31  2012      23      23  hru23               0.000            0.000            0.000            0.000            0.000            0.000            0.000            0.000            0.000            0.000            0.000            0.000            0.000            0.000            0.000            0.000            0.000            0.000            0.000            0.000            0.000            0.000            0.000            0.000            0.000            0.000            0.000            0.000            0.000
   366    12    31  2012      24      24  hru24               0.000            0.000            0.000            0.000            0.000            0.000            0.000            0.000            0.000            0.000            0.000            0.000            0.000            0.000            0.000            0.000            0.000            0.000            0.000            0.000            0.000            0.000            0.000            0.000            0.000            0.000            0.000            0.000            0.000
   366    12    31  2012      25      25  hru25               0.000            0.000            0.000            0.000            0.000            0.000            0.000            0.000            0.000            0.000            0.000            0.000            0.000            0.000            0.000            0.000            0.000            0.000            0.000            0.000            0.000            0.000            0.000            0.000            0.000            0.000            0.000            0.000            0.000
   366    12    31  2012      26      26  hru26               0.000            0.000            0.000            0.000            0.000            0.000            0.000            0.000            0.000            0.000            0.000            0.000            0.000            0.000            0.000            0.000            0.000            0.000            0.000            0.000            0.000            0.000            0.000            0.000            0.000            0.000            0.000            0.000            0.000
   366    12    31  2012      27      27  hru27               0.000            0.000            0.000            0.000            0.000            0.000            0.000            0.000            0.000            0.000            0.000            0.000            0.000            0.000            0.000            0.000            0.000            0.000            0.000            0.000            0.000            0.000            0.000            0.000            0.000            0.000            0.000            0.000            0.000
   366    12    31  2012      28      28  hru28               0.000            0.000            0.000            0.000            0.000            0.000            0.000            0.000            0.000            0.000            0.000            0.000            0.000            0.000            0.000            0.000            0.000            0.000            0.000            0.000            0.000            0.000            0.000            0.000            0.000            0.000            0.000            0.000            0.000
   366    12    31  2012      29      29  hru29               0.000            0.000            0.000            0.000            0.000            0.000            0.000            0.000            0.000            0.000            0.000            0.000            0.000            0.000            0.000            0.000            0.000            0.000            0.000            0.000            0.000            0.000            0.000            0.000            0.000            0.000            0.000            0.000            0.000
   366    12    31  2012      30      30  hru30               0.000            0.000            0.000            0.000            0.000            0.000            0.000            0.000            0.000            0.000            0.000            0.000            0.000            0.000            0.000            0.000            0.000            0.000            0.000            0.000            0.000            0.000            0.000            0.000            0.000            0.000            0.000            0.000            0.000
   366    12    31  2012      31      31  hru31               0.000            0.000            0.000            0.000            0.000            0.000            0.000            0.000            0.000            0.000            0.000            0.000            0.000            0.000            0.000            0.000            0.000            0.000            0.000            0.000            0.000            0.000            0.000            0.000            0.000            0.000            0.000            0.000            0.000
   366    12    31  2012      32      32  hru32               0.000            0.000            0.000            0.000            0.000            0.000            0.000            0.000            0.000            0.000            0.000            0.000            0.000            0.000            0.000            0.000            0.000            0.000            0.000            0.000            0.000            0.000            0.000            0.000            0.000            0.000            0.000            0.000            0.000
   366    12    31  2012      33      33  hru33               0.000            0.000            0.000            0.000            0.000            0.000            0.000            0.000            0.000            0.000            0.000            0.000            0.000            0.000            0.000            0.000            0.000            0.000            0.000            0.000            0.000            0.000            0.000            0.000            0.000            0.000            0.000            0.000            0.000
   366    12    31  2012      34      34  hru34               0.000            0.000            0.000            0.000            0.000            0.000            0.000            0.000            0.000            0.000            0.000            0.000            0.000            0.000            0.000            0.000            0.000            0.000            0.000            0.000            0.000            0.000            0.000            0.000            0.000            0.000            0.000            0.000            0.000
   366    12    31  2012      35      35  hru35               0.000            0.000            0.000            0.000            0.000            0.000            0.000            0.000            0.000            0.000            0.000            0.000            0.000            0.000            0.000            0.000            0.000            0.000            0.000            0.000            0.000            0.000            0.000            0.000            0.000            0.000            0.000            0.000            0.000
   366    12    31  2012      36      36  hru36               0.000            0.000            0.000            0.000            0.000            0.000            0.000            0.000            0.000            0.000            0.000            0.000            0.000            0.000            0.000            0.000            0.000            0.000            0.000            0.000            0.000            0.000            0.000            0.000            0.000            0.000            0.000            0.000            0.000
   366    12    31  2012      37      37  hru37               0.000            0.000            0.000            0.000            0.000            0.000            0.000            0.000            0.000            0.000            0.000            0.000            0.000            0.000            0.000            0.000            0.000            0.000            0.000            0.000            0.000            0.000            0.000            0.000            0.000            0.000            0.000            0.000            0.000
   366    12    31  2012      38      38  hru38               0.000            0.000            0.000            0.000            0.000            0.000            0.000            0.000            0.000            0.000            0.000            0.000            0.000            0.000            0.000            0.000            0.000            0.000            0.000            0.000            0.000            0.000            0.000            0.000            0.000            0.000            0.000            0.000            0.000
   366    12    31  2012      39      39  hru39               0.000            0.000            0.000            0.000            0.000            0.000            0.000            0.000            0.000            0.000            0.000            0.000            0.000            0.000            0.000            0.000            0.000            0.000            0.000            0.000            0.000            0.000            0.000            0.000            0.000            0.000            0.000            0.000            0.000
   366    12    31  2012      40      40  hru40               0.000            0.000            0.000            0.000            0.000            0.000            0.000            0.000            0.000            0.000            0.000            0.000            0.000            0.000            0.000            0.000            0.000            0.000            0.000            0.000            0.000            0.000            0.000            0.000            0.000            0.000            0.000            0.000            0.000
   366    12    31  2012      41      41  hru41               0.000            0.000            0.000            0.000            0.000            0.000            0.000            0.000            0.000            0.000            0.000            0.000            0.000            0.000            0.000            0.000            0.000            0.000            0.000            0.000            0.000            0.000            0.000            0.000            0.000            0.000            0.000            0.000            0.000
   366    12    31  2012      42      42  hru42               0.000            0.000            0.000            0.000            0.000            0.000            0.000            0.000            0.000            0.000            0.000            0.000            0.000            0.000            0.000            0.000            0.000            0.000            0.000            0.000            0.000            0.000            0.000            0.000            0.000            0.000            0.000            0.000            0.000
   366    12    31  2012      43      43  hru43               0.000            0.000            0.000            0.000            0.000            0.000            0.000            0.000            0.000            0.000            0.000            0.000            0.000            0.000            0.000            0.000            0.000            0.000            0.000            0.000            0.000            0.000            0.000            0.000            0.000            0.000            0.000            0.000            0.000
   366    12    31  2012      44      44  hru44               0.000            0.000            0.000            0.000            0.000            0.000            0.000            0.000            0.000            0.000            0.000            0.000            0.000            0.000            0.000            0.000            0.000            0.000            0.000            0.000            0.000            0.000            0.000            0.000            0.000            0.000            0.000            0.000            0.000
   366    12    31  2012      45      45  hru45               0.000            0.000            0.000            0.000            0.000            0.000            0.000            0.000            0.000            0.000            0.000            0.000            0.000            0.000            0.000            0.000            0.000            0.000            0.000            0.000            0.000            0.000            0.000            0.000            0.000            0.000            0.000            0.000            0.000
   366    12    31  2012      46      46  hru46               0.000            0.000            0.000            0.000            0.000            0.000            0.000            0.000            0.000            0.000            0.000            0.000            0.000            0.000            0.000            0.000            0.000            0.000            0.000            0.000            0.000            0.000            0.000            0.000            0.000            0.000            0.000            0.000            0.000
   366    12    31  2012      47      47  hru47               0.000            0.000            0.000            0.000            0.000            0.000            0.000            0.000            0.000            0.000            0.000            0.000            0.000            0.000            0.000            0.000            0.000            0.000            0.000            0.000            0.000            0.000            0.000            0.000            0.000            0.000            0.000            0.000            0.000
   366    12    31  2012      48      48  hru48               0.000            0.000            0.000            0.000            0.000            0.000            0.000            0.000            0.000            0.000            0.000            0.000            0.000            0.000            0.000            0.000            0.000            0.000            0.000            0.000            0.000            0.000            0.000            0.000            0.000            0.000            0.000            0.000            0.000
   366    12    31  2012      49      49  hru49               0.000            0.000            0.000            0.000            0.000            0.000            0.000            0.000            0.000            0.000            0.000            0.000            0.000            0.000            0.000            0.000            0.000            0.000            0.000            0.000            0.000            0.000            0.000            0.000            0.000            0.000            0.000            0.000            0.000
