           1 cha0001           0.0000000E+00  0.0000000E+00  0.0000000E+00
           2 cha0002           0.0000000E+00  0.0000000E+00  0.0000000E+00
           3 cha0003           0.0000000E+00  0.0000000E+00  0.0000000E+00
           4 cha0004           0.0000000E+00  0.0000000E+00  0.0000000E+00
           5 cha0005           0.0000000E+00  0.0000000E+00  0.0000000E+00
           6 cha0006           0.0000000E+00  0.0000000E+00  0.0000000E+00
           7 cha0007           0.0000000E+00  0.0000000E+00  0.0000000E+00
           8 cha0008           0.0000000E+00  0.0000000E+00  0.0000000E+00
           9 cha0009           0.0000000E+00  0.0000000E+00  0.0000000E+00
          10 cha0010           0.0000000E+00  0.0000000E+00  0.0000000E+00
          11 cha0011           0.0000000E+00  0.0000000E+00  0.0000000E+00
          12 cha0012           0.0000000E+00  0.0000000E+00  0.0000000E+00
          13 cha0013           0.0000000E+00  0.0000000E+00  0.0000000E+00
          14 cha0014           0.0000000E+00  0.0000000E+00  0.0000000E+00
          15 cha0015           0.0000000E+00  0.0000000E+00  0.0000000E+00
          16 cha0016           0.0000000E+00  0.0000000E+00  0.0000000E+00
          17 cha0017           0.0000000E+00  0.0000000E+00  0.0000000E+00
          18 cha0018           0.0000000E+00  0.0000000E+00  0.0000000E+00
          19 cha0019           0.0000000E+00  0.0000000E+00  0.0000000E+00
          20 cha0020           0.0000000E+00  0.0000000E+00  0.0000000E+00
          21 cha0021           0.0000000E+00  0.0000000E+00  0.0000000E+00
          22 cha0022           0.0000000E+00  0.0000000E+00  0.0000000E+00
          23 cha0023           0.0000000E+00  0.0000000E+00  0.0000000E+00
          24 cha0024           0.0000000E+00  0.0000000E+00  0.0000000E+00
          25 cha0025           0.0000000E+00  0.0000000E+00  0.0000000E+00
          26 cha0026           0.0000000E+00  0.0000000E+00  0.0000000E+00
          27 cha0027           0.0000000E+00  0.0000000E+00  0.0000000E+00
          28 cha0028           0.0000000E+00  0.0000000E+00  0.0000000E+00
          29 cha0029           0.0000000E+00  0.0000000E+00  0.0000000E+00
          30 cha0030           0.0000000E+00  0.0000000E+00  0.0000000E+00
          31 cha0031           0.0000000E+00  0.0000000E+00  0.0000000E+00
          32 cha0032           0.0000000E+00  0.0000000E+00  0.0000000E+00
          33 cha0033           0.0000000E+00  0.0000000E+00  0.0000000E+00
          34 cha0034           0.0000000E+00  0.0000000E+00  0.0000000E+00
          35 cha0035           0.0000000E+00  0.0000000E+00  0.0000000E+00
          36 cha0036           0.0000000E+00  0.0000000E+00  0.0000000E+00
          37 cha0037           0.0000000E+00  0.0000000E+00  0.0000000E+00
          38 cha0038           0.0000000E+00  0.0000000E+00  0.0000000E+00
          39 cha0039           0.0000000E+00  0.0000000E+00  0.0000000E+00
          40 cha0040           0.0000000E+00  0.0000000E+00  0.0000000E+00
          41 cha0041           0.0000000E+00  0.0000000E+00  0.0000000E+00
          42 cha0042           0.0000000E+00  0.0000000E+00  0.0000000E+00
          43 cha0043           0.0000000E+00  0.0000000E+00  0.0000000E+00
          44 cha0044           0.0000000E+00  0.0000000E+00  0.0000000E+00
          45 cha0045           0.0000000E+00  0.0000000E+00  0.0000000E+00
          46 cha0046           0.0000000E+00  0.0000000E+00  0.0000000E+00
          47 cha0047           0.0000000E+00  0.0000000E+00  0.0000000E+00
          48 cha0048           0.0000000E+00  0.0000000E+00  0.0000000E+00
          49 cha0049           0.0000000E+00  0.0000000E+00  0.0000000E+00
          50 cha0050           0.0000000E+00  0.0000000E+00  0.0000000E+00
          51 cha0051           0.0000000E+00  0.0000000E+00  0.0000000E+00
          52 cha0052           0.0000000E+00  0.0000000E+00  0.0000000E+00
          53 cha0053           0.0000000E+00  0.0000000E+00  0.0000000E+00
          54 cha0054           0.0000000E+00  0.0000000E+00  0.0000000E+00
          55 cha0055           0.0000000E+00  0.0000000E+00  0.0000000E+00
          56 cha0056           0.0000000E+00  0.0000000E+00  0.0000000E+00
          57 cha0057           0.0000000E+00  0.0000000E+00  0.0000000E+00
          58 cha0058           0.0000000E+00  0.0000000E+00  0.0000000E+00
          59 cha0059           0.0000000E+00  0.0000000E+00  0.0000000E+00
          60 cha0060           0.0000000E+00  0.0000000E+00  0.0000000E+00
          61 cha0061           0.0000000E+00  0.0000000E+00  0.0000000E+00
          62 cha0062           0.0000000E+00  0.0000000E+00  0.0000000E+00
          63 cha0063           0.0000000E+00  0.0000000E+00  0.0000000E+00
          64 cha0064           0.0000000E+00  0.0000000E+00  0.0000000E+00
          65 cha0065           0.0000000E+00  0.0000000E+00  0.0000000E+00
          66 cha0066           0.0000000E+00  0.0000000E+00  0.0000000E+00
          67 cha0067           0.0000000E+00  0.0000000E+00  0.0000000E+00
          68 cha0068           0.0000000E+00  0.0000000E+00  0.0000000E+00
          69 cha0069           0.0000000E+00  0.0000000E+00  0.0000000E+00
          70 cha0070           0.0000000E+00  0.0000000E+00  0.0000000E+00
          71 cha0071           0.0000000E+00  0.0000000E+00  0.0000000E+00
          72 cha0072           0.0000000E+00  0.0000000E+00  0.0000000E+00
          73 cha0073           0.0000000E+00  0.0000000E+00  0.0000000E+00
          74 cha0074           0.0000000E+00  0.0000000E+00  0.0000000E+00
          75 cha0075           0.0000000E+00  0.0000000E+00  0.0000000E+00
          76 cha0076           0.0000000E+00  0.0000000E+00  0.0000000E+00
          77 cha0077           0.0000000E+00  0.0000000E+00  0.0000000E+00
          78 cha0078           0.0000000E+00  0.0000000E+00  0.0000000E+00
          79 cha0079           0.0000000E+00  0.0000000E+00  0.0000000E+00
          80 cha0080           0.0000000E+00  0.0000000E+00  0.0000000E+00
          81 cha0081           0.0000000E+00  0.0000000E+00  0.0000000E+00
          82 cha0082           0.0000000E+00  0.0000000E+00  0.0000000E+00
          83 cha0083           0.0000000E+00  0.0000000E+00  0.0000000E+00
          84 cha0084           0.0000000E+00  0.0000000E+00  0.0000000E+00
          85 cha0085           0.0000000E+00  0.0000000E+00  0.0000000E+00
          86 cha0086           0.0000000E+00  0.0000000E+00  0.0000000E+00
          87 cha0087           0.0000000E+00  0.0000000E+00  0.0000000E+00
          88 cha0088           0.0000000E+00  0.0000000E+00  0.0000000E+00
          89 cha0089           0.0000000E+00  0.0000000E+00  0.0000000E+00
          90 cha0090           0.0000000E+00  0.0000000E+00  0.0000000E+00
          91 cha0091           0.0000000E+00  0.0000000E+00  0.0000000E+00
          92 cha0092           0.0000000E+00  0.0000000E+00  0.0000000E+00
          93 cha0093           0.0000000E+00  0.0000000E+00  0.0000000E+00
          94 cha0094           0.0000000E+00  0.0000000E+00  0.0000000E+00
          95 cha0095           0.0000000E+00  0.0000000E+00  0.0000000E+00
          96 cha0096           0.0000000E+00  0.0000000E+00  0.0000000E+00
          97 cha0097           0.0000000E+00  0.0000000E+00  0.0000000E+00
          98 cha0098           0.0000000E+00  0.0000000E+00  0.0000000E+00
          99 cha0099           0.0000000E+00  0.0000000E+00  0.0000000E+00
         100 cha0100           0.0000000E+00  0.0000000E+00  0.0000000E+00
         101 cha0101           0.0000000E+00  0.0000000E+00  0.0000000E+00
         102 cha0102           0.0000000E+00  0.0000000E+00  0.0000000E+00
         103 cha0103           0.0000000E+00  0.0000000E+00  0.0000000E+00
         104 cha0104           0.0000000E+00  0.0000000E+00  0.0000000E+00
         105 cha0105           0.0000000E+00  0.0000000E+00  0.0000000E+00
         106 cha0106           0.0000000E+00  0.0000000E+00  0.0000000E+00
         107 cha0107           0.0000000E+00  0.0000000E+00  0.0000000E+00
         108 cha0108           0.0000000E+00  0.0000000E+00  0.0000000E+00
         109 cha0109           0.0000000E+00  0.0000000E+00  0.0000000E+00
         110 cha0110           0.0000000E+00  0.0000000E+00  0.0000000E+00
         111 cha0111           0.0000000E+00  0.0000000E+00  0.0000000E+00
         112 cha0112           0.0000000E+00  0.0000000E+00  0.0000000E+00
         113 cha0113           0.0000000E+00  0.0000000E+00  0.0000000E+00
         114 cha0114           0.0000000E+00  0.0000000E+00  0.0000000E+00
         115 cha0115           0.0000000E+00  0.0000000E+00  0.0000000E+00
         116 cha0116           0.0000000E+00  0.0000000E+00  0.0000000E+00
         117 cha0117           0.0000000E+00  0.0000000E+00  0.0000000E+00
         118 cha0118           0.0000000E+00  0.0000000E+00  0.0000000E+00
         119 cha0119           0.0000000E+00  0.0000000E+00  0.0000000E+00
         120 cha0120           0.0000000E+00  0.0000000E+00  0.0000000E+00
         121 cha0121           0.0000000E+00  0.0000000E+00  0.0000000E+00
         122 cha0122           0.0000000E+00  0.0000000E+00  0.0000000E+00
         123 cha0123           0.0000000E+00  0.0000000E+00  0.0000000E+00
         124 cha0124           0.0000000E+00  0.0000000E+00  0.0000000E+00
         125 cha0125           0.0000000E+00  0.0000000E+00  0.0000000E+00
         126 cha0126           0.0000000E+00  0.0000000E+00  0.0000000E+00
         127 cha0127           0.0000000E+00  0.0000000E+00  0.0000000E+00
         128 cha0128           0.0000000E+00  0.0000000E+00  0.0000000E+00
         129 cha0129           0.0000000E+00  0.0000000E+00  0.0000000E+00
         130 cha0130           0.0000000E+00  0.0000000E+00  0.0000000E+00
         131 cha0131           0.0000000E+00  0.0000000E+00  0.0000000E+00
         132 cha0132           0.0000000E+00  0.0000000E+00  0.0000000E+00
         133 cha0133           0.0000000E+00  0.0000000E+00  0.0000000E+00
         134 cha0134           0.0000000E+00  0.0000000E+00  0.0000000E+00
         135 cha0135           0.0000000E+00  0.0000000E+00  0.0000000E+00
         136 cha0136           0.0000000E+00  0.0000000E+00  0.0000000E+00
         137 cha0137           0.0000000E+00  0.0000000E+00  0.0000000E+00
         138 cha0138           0.0000000E+00  0.0000000E+00  0.0000000E+00
         139 cha0139           0.0000000E+00  0.0000000E+00  0.0000000E+00
         140 cha0140           0.0000000E+00  0.0000000E+00  0.0000000E+00
         141 cha0141           0.0000000E+00  0.0000000E+00  0.0000000E+00
         142 cha0142           0.0000000E+00  0.0000000E+00  0.0000000E+00
         143 cha0143           0.0000000E+00  0.0000000E+00  0.0000000E+00
         144 cha0144           0.0000000E+00  0.0000000E+00  0.0000000E+00
         145 cha0145           0.0000000E+00  0.0000000E+00  0.0000000E+00
         146 cha0146           0.0000000E+00  0.0000000E+00  0.0000000E+00
         147 cha0147           0.0000000E+00  0.0000000E+00  0.0000000E+00
         148 cha0148           0.0000000E+00  0.0000000E+00  0.0000000E+00
         149 cha0149           0.0000000E+00  0.0000000E+00  0.0000000E+00
         150 cha0150           0.0000000E+00  0.0000000E+00  0.0000000E+00
         151 cha0151           0.0000000E+00  0.0000000E+00  0.0000000E+00
         152 cha0152           0.0000000E+00  0.0000000E+00  0.0000000E+00
         153 cha0153           0.0000000E+00  0.0000000E+00  0.0000000E+00
         154 cha0154           0.0000000E+00  0.0000000E+00  0.0000000E+00
         155 cha0155           0.0000000E+00  0.0000000E+00  0.0000000E+00
         156 cha0156           0.0000000E+00  0.0000000E+00  0.0000000E+00
         157 cha0157           0.0000000E+00  0.0000000E+00  0.0000000E+00
         158 cha0158           0.0000000E+00  0.0000000E+00  0.0000000E+00
         159 cha0159           0.0000000E+00  0.0000000E+00  0.0000000E+00
         160 cha0160           0.0000000E+00  0.0000000E+00  0.0000000E+00
         161 cha0161           0.0000000E+00  0.0000000E+00  0.0000000E+00
         162 cha0162           0.0000000E+00  0.0000000E+00  0.0000000E+00
         163 cha0163           0.0000000E+00  0.0000000E+00  0.0000000E+00
         164 cha0164           0.0000000E+00  0.0000000E+00  0.0000000E+00
         165 cha0165           0.0000000E+00  0.0000000E+00  0.0000000E+00
         166 cha0166           0.0000000E+00  0.0000000E+00  0.0000000E+00
         167 cha0167           0.0000000E+00  0.0000000E+00  0.0000000E+00
         168 cha0168           0.0000000E+00  0.0000000E+00  0.0000000E+00
         169 cha0169           0.0000000E+00  0.0000000E+00  0.0000000E+00
         170 cha0170           0.0000000E+00  0.0000000E+00  0.0000000E+00
         171 cha0171           0.0000000E+00  0.0000000E+00  0.0000000E+00
         172 cha0172           0.0000000E+00  0.0000000E+00  0.0000000E+00
         173 cha0173           0.0000000E+00  0.0000000E+00  0.0000000E+00
         174 cha0174           0.0000000E+00  0.0000000E+00  0.0000000E+00
         175 cha0175           0.0000000E+00  0.0000000E+00  0.0000000E+00
         176 cha0176           0.0000000E+00  0.0000000E+00  0.0000000E+00
         177 cha0177           0.0000000E+00  0.0000000E+00  0.0000000E+00
         178 cha0178           0.0000000E+00  0.0000000E+00  0.0000000E+00
         179 cha0179           0.0000000E+00  0.0000000E+00  0.0000000E+00
         180 cha0180           0.0000000E+00  0.0000000E+00  0.0000000E+00
         181 cha0181           0.0000000E+00  0.0000000E+00  0.0000000E+00
         182 cha0182           0.0000000E+00  0.0000000E+00  0.0000000E+00
         183 cha0183           0.0000000E+00  0.0000000E+00  0.0000000E+00
         184 cha0184           0.0000000E+00  0.0000000E+00  0.0000000E+00
         185 cha0185           0.0000000E+00  0.0000000E+00  0.0000000E+00
         186 cha0186           0.0000000E+00  0.0000000E+00  0.0000000E+00
         187 cha0187           0.0000000E+00  0.0000000E+00  0.0000000E+00
         188 cha0188           0.0000000E+00  0.0000000E+00  0.0000000E+00
         189 cha0189           0.0000000E+00  0.0000000E+00  0.0000000E+00
         190 cha0190           0.0000000E+00  0.0000000E+00  0.0000000E+00
         191 cha0191           0.0000000E+00  0.0000000E+00  0.0000000E+00
         192 cha0192           0.0000000E+00  0.0000000E+00  0.0000000E+00
         193 cha0193           0.0000000E+00  0.0000000E+00  0.0000000E+00
         194 cha0194           0.0000000E+00  0.0000000E+00  0.0000000E+00
         195 cha0195           0.0000000E+00  0.0000000E+00  0.0000000E+00
         196 cha0196           0.0000000E+00  0.0000000E+00  0.0000000E+00
         197 cha0197           0.0000000E+00  0.0000000E+00  0.0000000E+00
         198 cha0198           0.0000000E+00  0.0000000E+00  0.0000000E+00
         199 cha0199           0.0000000E+00  0.0000000E+00  0.0000000E+00
         200 cha0200           0.0000000E+00  0.0000000E+00  0.0000000E+00
         201 cha0201           0.0000000E+00  0.0000000E+00  0.0000000E+00
         202 cha0202           0.0000000E+00  0.0000000E+00  0.0000000E+00
         203 cha0203           0.0000000E+00  0.0000000E+00  0.0000000E+00
         204 cha0204           0.0000000E+00  0.0000000E+00  0.0000000E+00
         205 cha0205           0.0000000E+00  0.0000000E+00  0.0000000E+00
         206 cha0206           0.0000000E+00  0.0000000E+00  0.0000000E+00
         207 cha0207           0.0000000E+00  0.0000000E+00  0.0000000E+00
         208 cha0208           0.0000000E+00  0.0000000E+00  0.0000000E+00
         209 cha0209           0.0000000E+00  0.0000000E+00  0.0000000E+00
         210 cha0210           0.0000000E+00  0.0000000E+00  0.0000000E+00
         211 cha0211           0.0000000E+00  0.0000000E+00  0.0000000E+00
         212 cha0212           0.0000000E+00  0.0000000E+00  0.0000000E+00
         213 cha0213           0.0000000E+00  0.0000000E+00  0.0000000E+00
         214 cha0214           0.0000000E+00  0.0000000E+00  0.0000000E+00
         215 cha0215           0.0000000E+00  0.0000000E+00  0.0000000E+00
         216 cha0216           0.0000000E+00  0.0000000E+00  0.0000000E+00
         217 cha0217           0.0000000E+00  0.0000000E+00  0.0000000E+00
         218 cha0218           0.0000000E+00  0.0000000E+00  0.0000000E+00
         219 cha0219           0.0000000E+00  0.0000000E+00  0.0000000E+00
         220 cha0220           0.0000000E+00  0.0000000E+00  0.0000000E+00
         221 cha0221           0.0000000E+00  0.0000000E+00  0.0000000E+00
         222 cha0222           0.0000000E+00  0.0000000E+00  0.0000000E+00
         223 cha0223           0.0000000E+00  0.0000000E+00  0.0000000E+00
         224 cha0224           0.0000000E+00  0.0000000E+00  0.0000000E+00
         225 cha0225           0.0000000E+00  0.0000000E+00  0.0000000E+00
         226 cha0226           0.0000000E+00  0.0000000E+00  0.0000000E+00
         227 cha0227           0.0000000E+00  0.0000000E+00  0.0000000E+00
         228 cha0228           0.0000000E+00  0.0000000E+00  0.0000000E+00
         229 cha0229           0.0000000E+00  0.0000000E+00  0.0000000E+00
         230 cha0230           0.0000000E+00  0.0000000E+00  0.0000000E+00
         231 cha0231           0.0000000E+00  0.0000000E+00  0.0000000E+00
         232 cha0232           0.0000000E+00  0.0000000E+00  0.0000000E+00
         233 cha0233           0.0000000E+00  0.0000000E+00  0.0000000E+00
         234 cha0234           0.0000000E+00  0.0000000E+00  0.0000000E+00
         235 cha0235           0.0000000E+00  0.0000000E+00  0.0000000E+00
         236 cha0236           0.0000000E+00  0.0000000E+00  0.0000000E+00
         237 cha0237           0.0000000E+00  0.0000000E+00  0.0000000E+00
         238 cha0238           0.0000000E+00  0.0000000E+00  0.0000000E+00
         239 cha0239           0.0000000E+00  0.0000000E+00  0.0000000E+00
         240 cha0240           0.0000000E+00  0.0000000E+00  0.0000000E+00
         241 cha0241           0.0000000E+00  0.0000000E+00  0.0000000E+00
         242 cha0242           0.0000000E+00  0.0000000E+00  0.0000000E+00
         243 cha0243           0.0000000E+00  0.0000000E+00  0.0000000E+00
         244 cha0244           0.0000000E+00  0.0000000E+00  0.0000000E+00
         245 cha0245           0.0000000E+00  0.0000000E+00  0.0000000E+00
         246 cha0246           0.0000000E+00  0.0000000E+00  0.0000000E+00
         247 cha0247           0.0000000E+00  0.0000000E+00  0.0000000E+00
         248 cha0248           0.0000000E+00  0.0000000E+00  0.0000000E+00
         249 cha0249           0.0000000E+00  0.0000000E+00  0.0000000E+00
         250 cha0250           0.0000000E+00  0.0000000E+00  0.0000000E+00
         251 cha0251           0.0000000E+00  0.0000000E+00  0.0000000E+00
         252 cha0252           0.0000000E+00  0.0000000E+00  0.0000000E+00
         253 cha0253           0.0000000E+00  0.0000000E+00  0.0000000E+00
         254 cha0254           0.0000000E+00  0.0000000E+00  0.0000000E+00
         255 cha0255           0.0000000E+00  0.0000000E+00  0.0000000E+00
         256 cha0256           0.0000000E+00  0.0000000E+00  0.0000000E+00
         257 cha0257           0.0000000E+00  0.0000000E+00  0.0000000E+00
         258 cha0258           0.0000000E+00  0.0000000E+00  0.0000000E+00
         259 cha0259           0.0000000E+00  0.0000000E+00  0.0000000E+00
         260 cha0260           0.0000000E+00  0.0000000E+00  0.0000000E+00
         261 cha0261           0.0000000E+00  0.0000000E+00  0.0000000E+00
         262 cha0262           0.0000000E+00  0.0000000E+00  0.0000000E+00
         263 cha0263           0.0000000E+00  0.0000000E+00  0.0000000E+00
         264 cha0264           0.0000000E+00  0.0000000E+00  0.0000000E+00
         265 cha0265           0.0000000E+00  0.0000000E+00  0.0000000E+00
         266 cha0266           0.0000000E+00  0.0000000E+00  0.0000000E+00
         267 cha0267           0.0000000E+00  0.0000000E+00  0.0000000E+00
         268 cha0268           0.0000000E+00  0.0000000E+00  0.0000000E+00
         269 cha0269           0.0000000E+00  0.0000000E+00  0.0000000E+00
         270 cha0270           0.0000000E+00  0.0000000E+00  0.0000000E+00
         271 cha0271           0.0000000E+00  0.0000000E+00  0.0000000E+00
         272 cha0272           0.0000000E+00  0.0000000E+00  0.0000000E+00
         273 cha0273           0.0000000E+00  0.0000000E+00  0.0000000E+00
         274 cha0274           0.0000000E+00  0.0000000E+00  0.0000000E+00
         275 cha0275           0.0000000E+00  0.0000000E+00  0.0000000E+00
         276 cha0276           0.0000000E+00  0.0000000E+00  0.0000000E+00
         277 cha0277           0.0000000E+00  0.0000000E+00  0.0000000E+00
         278 cha0278           0.0000000E+00  0.0000000E+00  0.0000000E+00
         279 cha0279           0.0000000E+00  0.0000000E+00  0.0000000E+00
         280 cha0280           0.0000000E+00  0.0000000E+00  0.0000000E+00
         281 cha0281           0.0000000E+00  0.0000000E+00  0.0000000E+00
         282 cha0282           0.0000000E+00  0.0000000E+00  0.0000000E+00
         283 cha0283           0.0000000E+00  0.0000000E+00  0.0000000E+00
         284 cha0284           0.0000000E+00  0.0000000E+00  0.0000000E+00
         285 cha0285           0.0000000E+00  0.0000000E+00  0.0000000E+00
         286 cha0286           0.0000000E+00  0.0000000E+00  0.0000000E+00
         287 cha0287           0.0000000E+00  0.0000000E+00  0.0000000E+00
         288 cha0288           0.0000000E+00  0.0000000E+00  0.0000000E+00
         289 cha0289           0.0000000E+00  0.0000000E+00  0.0000000E+00
         290 cha0290           0.0000000E+00  0.0000000E+00  0.0000000E+00
         291 cha0291           0.0000000E+00  0.0000000E+00  0.0000000E+00
         292 cha0292           0.0000000E+00  0.0000000E+00  0.0000000E+00
         293 cha0293           0.0000000E+00  0.0000000E+00  0.0000000E+00
         294 cha0294           0.0000000E+00  0.0000000E+00  0.0000000E+00
         295 cha0295           0.0000000E+00  0.0000000E+00  0.0000000E+00
         296 cha0296           0.0000000E+00  0.0000000E+00  0.0000000E+00
         297 cha0297           0.0000000E+00  0.0000000E+00  0.0000000E+00
         298 cha0298           0.0000000E+00  0.0000000E+00  0.0000000E+00
         299 cha0299           0.0000000E+00  0.0000000E+00  0.0000000E+00
         300 cha0300           0.0000000E+00  0.0000000E+00  0.0000000E+00
         301 cha0301           0.0000000E+00  0.0000000E+00  0.0000000E+00
         302 cha0302           0.0000000E+00  0.0000000E+00  0.0000000E+00
         303 cha0303           0.0000000E+00  0.0000000E+00  0.0000000E+00
         304 cha0304           0.0000000E+00  0.0000000E+00  0.0000000E+00
         305 cha0305           0.0000000E+00  0.0000000E+00  0.0000000E+00
         306 cha0306           0.0000000E+00  0.0000000E+00  0.0000000E+00
         307 cha0307           0.0000000E+00  0.0000000E+00  0.0000000E+00
         308 cha0308           0.0000000E+00  0.0000000E+00  0.0000000E+00
         309 cha0309           0.0000000E+00  0.0000000E+00  0.0000000E+00
         310 cha0310           0.0000000E+00  0.0000000E+00  0.0000000E+00
         311 cha0311           0.0000000E+00  0.0000000E+00  0.0000000E+00
         312 cha0312           0.0000000E+00  0.0000000E+00  0.0000000E+00
         313 cha0313           0.0000000E+00  0.0000000E+00  0.0000000E+00
         314 cha0314           0.0000000E+00  0.0000000E+00  0.0000000E+00
         315 cha0315           0.0000000E+00  0.0000000E+00  0.0000000E+00
         316 cha0316           0.0000000E+00  0.0000000E+00  0.0000000E+00
         317 cha0317           0.0000000E+00  0.0000000E+00  0.0000000E+00
         318 cha0318           0.0000000E+00  0.0000000E+00  0.0000000E+00
         319 cha0319           0.0000000E+00  0.0000000E+00  0.0000000E+00
         320 cha0320           0.0000000E+00  0.0000000E+00  0.0000000E+00
         321 cha0321           0.0000000E+00  0.0000000E+00  0.0000000E+00
         322 cha0322           0.0000000E+00  0.0000000E+00  0.0000000E+00
         323 cha0323           0.0000000E+00  0.0000000E+00  0.0000000E+00
         324 cha0324           0.0000000E+00  0.0000000E+00  0.0000000E+00
         325 cha0325           0.0000000E+00  0.0000000E+00  0.0000000E+00
         326 cha0326           0.0000000E+00  0.0000000E+00  0.0000000E+00
         327 cha0327           0.0000000E+00  0.0000000E+00  0.0000000E+00
         328 cha0328           0.0000000E+00  0.0000000E+00  0.0000000E+00
         329 cha0329           0.0000000E+00  0.0000000E+00  0.0000000E+00
         330 cha0330           0.0000000E+00  0.0000000E+00  0.0000000E+00
         331 cha0331           0.0000000E+00  0.0000000E+00  0.0000000E+00
         332 cha0332           0.0000000E+00  0.0000000E+00  0.0000000E+00
         333 cha0333           0.0000000E+00  0.0000000E+00  0.0000000E+00
         334 cha0334           0.0000000E+00  0.0000000E+00  0.0000000E+00
         335 cha0335           0.0000000E+00  0.0000000E+00  0.0000000E+00
         336 cha0336           0.0000000E+00  0.0000000E+00  0.0000000E+00
         337 cha0337           0.0000000E+00  0.0000000E+00  0.0000000E+00
         338 cha0338           0.0000000E+00  0.0000000E+00  0.0000000E+00
         339 cha0339           0.0000000E+00  0.0000000E+00  0.0000000E+00
         340 cha0340           0.0000000E+00  0.0000000E+00  0.0000000E+00
         341 cha0341           0.0000000E+00  0.0000000E+00  0.0000000E+00
         342 cha0342           0.0000000E+00  0.0000000E+00  0.0000000E+00
         343 cha0343           0.0000000E+00  0.0000000E+00  0.0000000E+00
         344 cha0344           0.0000000E+00  0.0000000E+00  0.0000000E+00
         345 cha0345           0.0000000E+00  0.0000000E+00  0.0000000E+00
         346 cha0346           0.0000000E+00  0.0000000E+00  0.0000000E+00
         347 cha0347           0.0000000E+00  0.0000000E+00  0.0000000E+00
         348 cha0348           0.0000000E+00  0.0000000E+00  0.0000000E+00
         349 cha0349           0.0000000E+00  0.0000000E+00  0.0000000E+00
         350 cha0350           0.0000000E+00  0.0000000E+00  0.0000000E+00
         351 cha0351           0.0000000E+00  0.0000000E+00  0.0000000E+00
         352 cha0352           0.0000000E+00  0.0000000E+00  0.0000000E+00
         353 cha0353           0.0000000E+00  0.0000000E+00  0.0000000E+00
         354 cha0354           0.0000000E+00  0.0000000E+00  0.0000000E+00
         355 cha0355           0.0000000E+00  0.0000000E+00  0.0000000E+00
         356 cha0356           0.0000000E+00  0.0000000E+00  0.0000000E+00
         357 cha0357           0.0000000E+00  0.0000000E+00  0.0000000E+00
         358 cha0358           0.0000000E+00  0.0000000E+00  0.0000000E+00
         359 cha0359           0.0000000E+00  0.0000000E+00  0.0000000E+00
         360 cha0360           0.0000000E+00  0.0000000E+00  0.0000000E+00
         361 cha0361           0.0000000E+00  0.0000000E+00  0.0000000E+00
         362 cha0362           0.0000000E+00  0.0000000E+00  0.0000000E+00
         363 cha0363           0.0000000E+00  0.0000000E+00  0.0000000E+00
         364 cha0364           0.0000000E+00  0.0000000E+00  0.0000000E+00
         365 cha0365           0.0000000E+00  0.0000000E+00  0.0000000E+00
         366 cha0366           0.0000000E+00  0.0000000E+00  0.0000000E+00
         367 cha0367           0.0000000E+00  0.0000000E+00  0.0000000E+00
         368 cha0368           0.0000000E+00  0.0000000E+00  0.0000000E+00
         369 cha0369           0.0000000E+00  0.0000000E+00  0.0000000E+00
         370 cha0370           0.0000000E+00  0.0000000E+00  0.0000000E+00
         371 cha0371           0.0000000E+00  0.0000000E+00  0.0000000E+00
         372 cha0372           0.0000000E+00  0.0000000E+00  0.0000000E+00
         373 cha0373           0.0000000E+00  0.0000000E+00  0.0000000E+00
         374 cha0374           0.0000000E+00  0.0000000E+00  0.0000000E+00
         375 cha0375           0.0000000E+00  0.0000000E+00  0.0000000E+00
         376 cha0376           0.0000000E+00  0.0000000E+00  0.0000000E+00
         377 cha0377           0.0000000E+00  0.0000000E+00  0.0000000E+00
         378 cha0378           0.0000000E+00  0.0000000E+00  0.0000000E+00
         379 cha0379           0.0000000E+00  0.0000000E+00  0.0000000E+00
         380 cha0380           0.0000000E+00  0.0000000E+00  0.0000000E+00
         381 cha0381           0.0000000E+00  0.0000000E+00  0.0000000E+00
         382 cha0382           0.0000000E+00  0.0000000E+00  0.0000000E+00
         383 cha0383           0.0000000E+00  0.0000000E+00  0.0000000E+00
         384 cha0384           0.0000000E+00  0.0000000E+00  0.0000000E+00
         385 cha0385           0.0000000E+00  0.0000000E+00  0.0000000E+00
         386 cha0386           0.0000000E+00  0.0000000E+00  0.0000000E+00
         387 cha0387           0.0000000E+00  0.0000000E+00  0.0000000E+00
         388 cha0388           0.0000000E+00  0.0000000E+00  0.0000000E+00
         389 cha0389           0.0000000E+00  0.0000000E+00  0.0000000E+00
         390 cha0390           0.0000000E+00  0.0000000E+00  0.0000000E+00
         391 cha0391           0.0000000E+00  0.0000000E+00  0.0000000E+00
         392 cha0392           0.0000000E+00  0.0000000E+00  0.0000000E+00
         393 cha0393           0.0000000E+00  0.0000000E+00  0.0000000E+00
         394 cha0394           0.0000000E+00  0.0000000E+00  0.0000000E+00
         395 cha0395           0.0000000E+00  0.0000000E+00  0.0000000E+00
         396 cha0396           0.0000000E+00  0.0000000E+00  0.0000000E+00
         397 cha0397           0.0000000E+00  0.0000000E+00  0.0000000E+00
         398 cha0398           0.0000000E+00  0.0000000E+00  0.0000000E+00
         399 cha0399           0.0000000E+00  0.0000000E+00  0.0000000E+00
         400 cha0400           0.0000000E+00  0.0000000E+00  0.0000000E+00
         401 cha0401           0.0000000E+00  0.0000000E+00  0.0000000E+00
         402 cha0402           0.0000000E+00  0.0000000E+00  0.0000000E+00
         403 cha0403           0.0000000E+00  0.0000000E+00  0.0000000E+00
         404 cha0404           0.0000000E+00  0.0000000E+00  0.0000000E+00
         405 cha0405           0.0000000E+00  0.0000000E+00  0.0000000E+00
         406 cha0406           0.0000000E+00  0.0000000E+00  0.0000000E+00
         407 cha0407           0.0000000E+00  0.0000000E+00  0.0000000E+00
         408 cha0408           0.0000000E+00  0.0000000E+00  0.0000000E+00
         409 cha0409           0.0000000E+00  0.0000000E+00  0.0000000E+00
         410 cha0410           0.0000000E+00  0.0000000E+00  0.0000000E+00
         411 cha0411           0.0000000E+00  0.0000000E+00  0.0000000E+00
         412 cha0412           0.0000000E+00  0.0000000E+00  0.0000000E+00
         413 cha0413           0.0000000E+00  0.0000000E+00  0.0000000E+00
         414 cha0414           0.0000000E+00  0.0000000E+00  0.0000000E+00
         415 cha0415           0.0000000E+00  0.0000000E+00  0.0000000E+00
         416 cha0416           0.0000000E+00  0.0000000E+00  0.0000000E+00
         417 cha0417           0.0000000E+00  0.0000000E+00  0.0000000E+00
         418 cha0418           0.0000000E+00  0.0000000E+00  0.0000000E+00
         419 cha0419           0.0000000E+00  0.0000000E+00  0.0000000E+00
         420 cha0420           0.0000000E+00  0.0000000E+00  0.0000000E+00
         421 cha0421           0.0000000E+00  0.0000000E+00  0.0000000E+00
         422 cha0422           0.0000000E+00  0.0000000E+00  0.0000000E+00
         423 cha0423           0.0000000E+00  0.0000000E+00  0.0000000E+00
         424 cha0424           0.0000000E+00  0.0000000E+00  0.0000000E+00
         425 cha0425           0.0000000E+00  0.0000000E+00  0.0000000E+00
         426 cha0426           0.0000000E+00  0.0000000E+00  0.0000000E+00
         427 cha0427           0.0000000E+00  0.0000000E+00  0.0000000E+00
         428 cha0428           0.0000000E+00  0.0000000E+00  0.0000000E+00
         429 cha0429           0.0000000E+00  0.0000000E+00  0.0000000E+00
         430 cha0430           0.0000000E+00  0.0000000E+00  0.0000000E+00
         431 cha0431           0.0000000E+00  0.0000000E+00  0.0000000E+00
         432 cha0432           0.0000000E+00  0.0000000E+00  0.0000000E+00
         433 cha0433           0.0000000E+00  0.0000000E+00  0.0000000E+00
         434 cha0434           0.0000000E+00  0.0000000E+00  0.0000000E+00
         435 cha0435           0.0000000E+00  0.0000000E+00  0.0000000E+00
         436 cha0436           0.0000000E+00  0.0000000E+00  0.0000000E+00
         437 cha0437           0.0000000E+00  0.0000000E+00  0.0000000E+00
         438 cha0438           0.0000000E+00  0.0000000E+00  0.0000000E+00
         439 cha0439           0.0000000E+00  0.0000000E+00  0.0000000E+00
         440 cha0440           0.0000000E+00  0.0000000E+00  0.0000000E+00
         441 cha0441           0.0000000E+00  0.0000000E+00  0.0000000E+00
         442 cha0442           0.0000000E+00  0.0000000E+00  0.0000000E+00
         443 cha0443           0.0000000E+00  0.0000000E+00  0.0000000E+00
         444 cha0444           0.0000000E+00  0.0000000E+00  0.0000000E+00
         445 cha0445           0.0000000E+00  0.0000000E+00  0.0000000E+00
         446 cha0446           0.0000000E+00  0.0000000E+00  0.0000000E+00
         447 cha0447           0.0000000E+00  0.0000000E+00  0.0000000E+00
         448 cha0448           0.0000000E+00  0.0000000E+00  0.0000000E+00
         449 cha0449           0.0000000E+00  0.0000000E+00  0.0000000E+00
         450 cha0450           0.0000000E+00  0.0000000E+00  0.0000000E+00
         451 cha0451           0.0000000E+00  0.0000000E+00  0.0000000E+00
         452 cha0452           0.0000000E+00  0.0000000E+00  0.0000000E+00
         453 cha0453           0.0000000E+00  0.0000000E+00  0.0000000E+00
         454 cha0454           0.0000000E+00  0.0000000E+00  0.0000000E+00
         455 cha0455           0.0000000E+00  0.0000000E+00  0.0000000E+00
         456 cha0456           0.0000000E+00  0.0000000E+00  0.0000000E+00
         457 cha0457           0.0000000E+00  0.0000000E+00  0.0000000E+00
         458 cha0458           0.0000000E+00  0.0000000E+00  0.0000000E+00
         459 cha0459           0.0000000E+00  0.0000000E+00  0.0000000E+00
         460 cha0460           0.0000000E+00  0.0000000E+00  0.0000000E+00
         461 cha0461           0.0000000E+00  0.0000000E+00  0.0000000E+00
         462 cha0462           0.0000000E+00  0.0000000E+00  0.0000000E+00
         463 cha0463           0.0000000E+00  0.0000000E+00  0.0000000E+00
         464 cha0464           0.0000000E+00  0.0000000E+00  0.0000000E+00
         465 cha0465           0.0000000E+00  0.0000000E+00  0.0000000E+00
         466 cha0466           0.0000000E+00  0.0000000E+00  0.0000000E+00
         467 cha0467           0.0000000E+00  0.0000000E+00  0.0000000E+00
         468 cha0468           0.0000000E+00  0.0000000E+00  0.0000000E+00
         469 cha0469           0.0000000E+00  0.0000000E+00  0.0000000E+00
         470 cha0470           0.0000000E+00  0.0000000E+00  0.0000000E+00
         471 cha0471           0.0000000E+00  0.0000000E+00  0.0000000E+00
         472 cha0472           0.0000000E+00  0.0000000E+00  0.0000000E+00
         473 cha0473           0.0000000E+00  0.0000000E+00  0.0000000E+00
         474 cha0474           0.0000000E+00  0.0000000E+00  0.0000000E+00
         475 cha0475           0.0000000E+00  0.0000000E+00  0.0000000E+00
         476 cha0476           0.0000000E+00  0.0000000E+00  0.0000000E+00
         477 cha0477           0.0000000E+00  0.0000000E+00  0.0000000E+00
         478 cha0478           0.0000000E+00  0.0000000E+00  0.0000000E+00
         479 cha0479           0.0000000E+00  0.0000000E+00  0.0000000E+00
         480 cha0480           0.0000000E+00  0.0000000E+00  0.0000000E+00
         481 cha0481           0.0000000E+00  0.0000000E+00  0.0000000E+00
         482 cha0482           0.0000000E+00  0.0000000E+00  0.0000000E+00
         483 cha0483           0.0000000E+00  0.0000000E+00  0.0000000E+00
         484 cha0484           0.0000000E+00  0.0000000E+00  0.0000000E+00
         485 cha0485           0.0000000E+00  0.0000000E+00  0.0000000E+00
         486 cha0486           0.0000000E+00  0.0000000E+00  0.0000000E+00
         487 cha0487           0.0000000E+00  0.0000000E+00  0.0000000E+00
         488 cha0488           0.0000000E+00  0.0000000E+00  0.0000000E+00
         489 cha0489           0.0000000E+00  0.0000000E+00  0.0000000E+00
         490 cha0490           0.0000000E+00  0.0000000E+00  0.0000000E+00
         491 cha0491           0.0000000E+00  0.0000000E+00  0.0000000E+00
         492 cha0492           0.0000000E+00  0.0000000E+00  0.0000000E+00
         493 cha0493           0.0000000E+00  0.0000000E+00  0.0000000E+00
         494 cha0494           0.0000000E+00  0.0000000E+00  0.0000000E+00
         495 cha0495           0.0000000E+00  0.0000000E+00  0.0000000E+00
         496 cha0496           0.0000000E+00  0.0000000E+00  0.0000000E+00
         497 cha0497           0.0000000E+00  0.0000000E+00  0.0000000E+00
         498 cha0498           0.0000000E+00  0.0000000E+00  0.0000000E+00
         499 cha0499           0.0000000E+00  0.0000000E+00  0.0000000E+00
         500 cha0500           0.0000000E+00  0.0000000E+00  0.0000000E+00
         501 cha0501           0.0000000E+00  0.0000000E+00  0.0000000E+00
         502 cha0502           0.0000000E+00  0.0000000E+00  0.0000000E+00
         503 cha0503           0.0000000E+00  0.0000000E+00  0.0000000E+00
         504 cha0504           0.0000000E+00  0.0000000E+00  0.0000000E+00
         505 cha0505           0.0000000E+00  0.0000000E+00  0.0000000E+00
         506 cha0506           0.0000000E+00  0.0000000E+00  0.0000000E+00
         507 cha0507           0.0000000E+00  0.0000000E+00  0.0000000E+00
         508 cha0508           0.0000000E+00  0.0000000E+00  0.0000000E+00
         509 cha0509           0.0000000E+00  0.0000000E+00  0.0000000E+00
         510 cha0510           0.0000000E+00  0.0000000E+00  0.0000000E+00
         511 cha0511           0.0000000E+00  0.0000000E+00  0.0000000E+00
         512 cha0512           0.0000000E+00  0.0000000E+00  0.0000000E+00
         513 cha0513           0.0000000E+00  0.0000000E+00  0.0000000E+00
         514 cha0514           0.0000000E+00  0.0000000E+00  0.0000000E+00
         515 cha0515           0.0000000E+00  0.0000000E+00  0.0000000E+00
         516 cha0516           0.0000000E+00  0.0000000E+00  0.0000000E+00
         517 cha0517           0.0000000E+00  0.0000000E+00  0.0000000E+00
         518 cha0518           0.0000000E+00  0.0000000E+00  0.0000000E+00
         519 cha0519           0.0000000E+00  0.0000000E+00  0.0000000E+00
         520 cha0520           0.0000000E+00  0.0000000E+00  0.0000000E+00
         521 cha0521           0.0000000E+00  0.0000000E+00  0.0000000E+00
         522 cha0522           0.0000000E+00  0.0000000E+00  0.0000000E+00
         523 cha0523           0.0000000E+00  0.0000000E+00  0.0000000E+00
         524 cha0524           0.0000000E+00  0.0000000E+00  0.0000000E+00
         525 cha0525           0.0000000E+00  0.0000000E+00  0.0000000E+00
         526 cha0526           0.0000000E+00  0.0000000E+00  0.0000000E+00
         527 cha0527           0.0000000E+00  0.0000000E+00  0.0000000E+00
         528 cha0528           0.0000000E+00  0.0000000E+00  0.0000000E+00
         529 cha0529           0.0000000E+00  0.0000000E+00  0.0000000E+00
         530 cha0530           0.0000000E+00  0.0000000E+00  0.0000000E+00
         531 cha0531           0.0000000E+00  0.0000000E+00  0.0000000E+00
         532 cha0532           0.0000000E+00  0.0000000E+00  0.0000000E+00
         533 cha0533           0.0000000E+00  0.0000000E+00  0.0000000E+00
         534 cha0534           0.0000000E+00  0.0000000E+00  0.0000000E+00
         535 cha0535           0.0000000E+00  0.0000000E+00  0.0000000E+00
         536 cha0536           0.0000000E+00  0.0000000E+00  0.0000000E+00
         537 cha0537           0.0000000E+00  0.0000000E+00  0.0000000E+00
         538 cha0538           0.0000000E+00  0.0000000E+00  0.0000000E+00
         539 cha0539           0.0000000E+00  0.0000000E+00  0.0000000E+00
         540 cha0540           0.0000000E+00  0.0000000E+00  0.0000000E+00
         541 cha0541           0.0000000E+00  0.0000000E+00  0.0000000E+00
         542 cha0542           0.0000000E+00  0.0000000E+00  0.0000000E+00
         543 cha0543           0.0000000E+00  0.0000000E+00  0.0000000E+00
         544 cha0544           0.0000000E+00  0.0000000E+00  0.0000000E+00
         545 cha0545           0.0000000E+00  0.0000000E+00  0.0000000E+00
         546 cha0546           0.0000000E+00  0.0000000E+00  0.0000000E+00
         547 cha0547           0.0000000E+00  0.0000000E+00  0.0000000E+00
         548 cha0548           0.0000000E+00  0.0000000E+00  0.0000000E+00
         549 cha0549           0.0000000E+00  0.0000000E+00  0.0000000E+00
         550 cha0550           0.0000000E+00  0.0000000E+00  0.0000000E+00
         551 cha0551           0.0000000E+00  0.0000000E+00  0.0000000E+00
         552 cha0552           0.0000000E+00  0.0000000E+00  0.0000000E+00
         553 cha0553           0.0000000E+00  0.0000000E+00  0.0000000E+00
         554 cha0554           0.0000000E+00  0.0000000E+00  0.0000000E+00
         555 cha0555           0.0000000E+00  0.0000000E+00  0.0000000E+00
         556 cha0556           0.0000000E+00  0.0000000E+00  0.0000000E+00
         557 cha0557           0.0000000E+00  0.0000000E+00  0.0000000E+00
         558 cha0558           0.0000000E+00  0.0000000E+00  0.0000000E+00
         559 cha0559           0.0000000E+00  0.0000000E+00  0.0000000E+00
         560 cha0560           0.0000000E+00  0.0000000E+00  0.0000000E+00
         561 cha0561           0.0000000E+00  0.0000000E+00  0.0000000E+00
         562 cha0562           0.0000000E+00  0.0000000E+00  0.0000000E+00
         563 cha0563           0.0000000E+00  0.0000000E+00  0.0000000E+00
         564 cha0564           0.0000000E+00  0.0000000E+00  0.0000000E+00
         565 cha0565           0.0000000E+00  0.0000000E+00  0.0000000E+00
         566 cha0566           0.0000000E+00  0.0000000E+00  0.0000000E+00
         567 cha0567           0.0000000E+00  0.0000000E+00  0.0000000E+00
         568 cha0568           0.0000000E+00  0.0000000E+00  0.0000000E+00
         569 cha0569           0.0000000E+00  0.0000000E+00  0.0000000E+00
         570 cha0570           0.0000000E+00  0.0000000E+00  0.0000000E+00
         571 cha0571           0.0000000E+00  0.0000000E+00  0.0000000E+00
         572 cha0572           0.0000000E+00  0.0000000E+00  0.0000000E+00
         573 cha0573           0.0000000E+00  0.0000000E+00  0.0000000E+00
         574 cha0574           0.0000000E+00  0.0000000E+00  0.0000000E+00
         575 cha0575           0.0000000E+00  0.0000000E+00  0.0000000E+00
         576 cha0576           0.0000000E+00  0.0000000E+00  0.0000000E+00
         577 cha0577           0.0000000E+00  0.0000000E+00  0.0000000E+00
         578 cha0578           0.0000000E+00  0.0000000E+00  0.0000000E+00
         579 cha0579           0.0000000E+00  0.0000000E+00  0.0000000E+00
         580 cha0580           0.0000000E+00  0.0000000E+00  0.0000000E+00
         581 cha0581           0.0000000E+00  0.0000000E+00  0.0000000E+00
         582 cha0582           0.0000000E+00  0.0000000E+00  0.0000000E+00
         583 cha0583           0.0000000E+00  0.0000000E+00  0.0000000E+00
         584 cha0584           0.0000000E+00  0.0000000E+00  0.0000000E+00
         585 cha0585           0.0000000E+00  0.0000000E+00  0.0000000E+00
         586 cha0586           0.0000000E+00  0.0000000E+00  0.0000000E+00
         587 cha0587           0.0000000E+00  0.0000000E+00  0.0000000E+00
         588 cha0588           0.0000000E+00  0.0000000E+00  0.0000000E+00
         589 cha0589           0.0000000E+00  0.0000000E+00  0.0000000E+00
         590 cha0590           0.0000000E+00  0.0000000E+00  0.0000000E+00
         591 cha0591           0.0000000E+00  0.0000000E+00  0.0000000E+00
         592 cha0592           0.0000000E+00  0.0000000E+00  0.0000000E+00
         593 cha0593           0.0000000E+00  0.0000000E+00  0.0000000E+00
         594 cha0594           0.0000000E+00  0.0000000E+00  0.0000000E+00
         595 cha0595           0.0000000E+00  0.0000000E+00  0.0000000E+00
         596 cha0596           0.0000000E+00  0.0000000E+00  0.0000000E+00
         597 cha0597           0.0000000E+00  0.0000000E+00  0.0000000E+00
         598 cha0598           0.0000000E+00  0.0000000E+00  0.0000000E+00
         599 cha0599           0.0000000E+00  0.0000000E+00  0.0000000E+00
         600 cha0600           0.0000000E+00  0.0000000E+00  0.0000000E+00
         601 cha0601           0.0000000E+00  0.0000000E+00  0.0000000E+00
         602 cha0602           0.0000000E+00  0.0000000E+00  0.0000000E+00
         603 cha0603           0.0000000E+00  0.0000000E+00  0.0000000E+00
         604 cha0604           0.0000000E+00  0.0000000E+00  0.0000000E+00
         605 cha0605           0.0000000E+00  0.0000000E+00  0.0000000E+00
         606 cha0606           0.0000000E+00  0.0000000E+00  0.0000000E+00
         607 cha0607           0.0000000E+00  0.0000000E+00  0.0000000E+00
         608 cha0608           0.0000000E+00  0.0000000E+00  0.0000000E+00
         609 cha0609           0.0000000E+00  0.0000000E+00  0.0000000E+00
         610 cha0610           0.0000000E+00  0.0000000E+00  0.0000000E+00
         611 cha0611           0.0000000E+00  0.0000000E+00  0.0000000E+00
         612 cha0612           0.0000000E+00  0.0000000E+00  0.0000000E+00
         613 cha0613           0.0000000E+00  0.0000000E+00  0.0000000E+00
         614 cha0614           0.0000000E+00  0.0000000E+00  0.0000000E+00
         615 cha0615           0.0000000E+00  0.0000000E+00  0.0000000E+00
         616 cha0616           0.0000000E+00  0.0000000E+00  0.0000000E+00
         617 cha0617           0.0000000E+00  0.0000000E+00  0.0000000E+00
         618 cha0618           0.0000000E+00  0.0000000E+00  0.0000000E+00
         619 cha0619           0.0000000E+00  0.0000000E+00  0.0000000E+00
         620 cha0620           0.0000000E+00  0.0000000E+00  0.0000000E+00
         621 cha0621           0.0000000E+00  0.0000000E+00  0.0000000E+00
         622 cha0622           0.0000000E+00  0.0000000E+00  0.0000000E+00
         623 cha0623           0.0000000E+00  0.0000000E+00  0.0000000E+00
         624 cha0624           0.0000000E+00  0.0000000E+00  0.0000000E+00
         625 cha0625           0.0000000E+00  0.0000000E+00  0.0000000E+00
         626 cha0626           0.0000000E+00  0.0000000E+00  0.0000000E+00
         627 cha0627           0.0000000E+00  0.0000000E+00  0.0000000E+00
         628 cha0628           0.0000000E+00  0.0000000E+00  0.0000000E+00
         629 cha0629           0.0000000E+00  0.0000000E+00  0.0000000E+00
         630 cha0630           0.0000000E+00  0.0000000E+00  0.0000000E+00
         631 cha0631           0.0000000E+00  0.0000000E+00  0.0000000E+00
         632 cha0632           0.0000000E+00  0.0000000E+00  0.0000000E+00
         633 cha0633           0.0000000E+00  0.0000000E+00  0.0000000E+00
         634 cha0634           0.0000000E+00  0.0000000E+00  0.0000000E+00
         635 cha0635           0.0000000E+00  0.0000000E+00  0.0000000E+00
         636 cha0636           0.0000000E+00  0.0000000E+00  0.0000000E+00
         637 cha0637           0.0000000E+00  0.0000000E+00  0.0000000E+00
         638 cha0638           0.0000000E+00  0.0000000E+00  0.0000000E+00
         639 cha0639           0.0000000E+00  0.0000000E+00  0.0000000E+00
         640 cha0640           0.0000000E+00  0.0000000E+00  0.0000000E+00
         641 cha0641           0.0000000E+00  0.0000000E+00  0.0000000E+00
         642 cha0642           0.0000000E+00  0.0000000E+00  0.0000000E+00
         643 cha0643           0.0000000E+00  0.0000000E+00  0.0000000E+00
         644 cha0644           0.0000000E+00  0.0000000E+00  0.0000000E+00
         645 cha0645           0.0000000E+00  0.0000000E+00  0.0000000E+00
         646 cha0646           0.0000000E+00  0.0000000E+00  0.0000000E+00
         647 cha0647           0.0000000E+00  0.0000000E+00  0.0000000E+00
         648 cha0648           0.0000000E+00  0.0000000E+00  0.0000000E+00
         649 cha0649           0.0000000E+00  0.0000000E+00  0.0000000E+00
         650 cha0650           0.0000000E+00  0.0000000E+00  0.0000000E+00
         651 cha0651           0.0000000E+00  0.0000000E+00  0.0000000E+00
         652 cha0652           0.0000000E+00  0.0000000E+00  0.0000000E+00
         653 cha0653           0.0000000E+00  0.0000000E+00  0.0000000E+00
         654 cha0654           0.0000000E+00  0.0000000E+00  0.0000000E+00
         655 cha0655           0.0000000E+00  0.0000000E+00  0.0000000E+00
         656 cha0656           0.0000000E+00  0.0000000E+00  0.0000000E+00
         657 cha0657           0.0000000E+00  0.0000000E+00  0.0000000E+00
         658 cha0658           0.0000000E+00  0.0000000E+00  0.0000000E+00
         659 cha0659           0.0000000E+00  0.0000000E+00  0.0000000E+00
         660 cha0660           0.0000000E+00  0.0000000E+00  0.0000000E+00
         661 cha0661           0.0000000E+00  0.0000000E+00  0.0000000E+00
         662 cha0662           0.0000000E+00  0.0000000E+00  0.0000000E+00
         663 cha0663           0.0000000E+00  0.0000000E+00  0.0000000E+00
         664 cha0664           0.0000000E+00  0.0000000E+00  0.0000000E+00
         665 cha0665           0.0000000E+00  0.0000000E+00  0.0000000E+00
         666 cha0666           0.0000000E+00  0.0000000E+00  0.0000000E+00
         667 cha0667           0.0000000E+00  0.0000000E+00  0.0000000E+00
         668 cha0668           0.0000000E+00  0.0000000E+00  0.0000000E+00
         669 cha0669           0.0000000E+00  0.0000000E+00  0.0000000E+00
         670 cha0670           0.0000000E+00  0.0000000E+00  0.0000000E+00
         671 cha0671           0.0000000E+00  0.0000000E+00  0.0000000E+00
         672 cha0672           0.0000000E+00  0.0000000E+00  0.0000000E+00
         673 cha0673           0.0000000E+00  0.0000000E+00  0.0000000E+00
         674 cha0674           0.0000000E+00  0.0000000E+00  0.0000000E+00
         675 cha0675           0.0000000E+00  0.0000000E+00  0.0000000E+00
         676 cha0676           0.0000000E+00  0.0000000E+00  0.0000000E+00
         677 cha0677           0.0000000E+00  0.0000000E+00  0.0000000E+00
         678 cha0678           0.0000000E+00  0.0000000E+00  0.0000000E+00
         679 cha0679           0.0000000E+00  0.0000000E+00  0.0000000E+00
         680 cha0680           0.0000000E+00  0.0000000E+00  0.0000000E+00
         681 cha0681           0.0000000E+00  0.0000000E+00  0.0000000E+00
         682 cha0682           0.0000000E+00  0.0000000E+00  0.0000000E+00
         683 cha0683           0.0000000E+00  0.0000000E+00  0.0000000E+00
         684 cha0684           0.0000000E+00  0.0000000E+00  0.0000000E+00
         685 cha0685           0.0000000E+00  0.0000000E+00  0.0000000E+00
         686 cha0686           0.0000000E+00  0.0000000E+00  0.0000000E+00
         687 cha0687           0.0000000E+00  0.0000000E+00  0.0000000E+00
         688 cha0688           0.0000000E+00  0.0000000E+00  0.0000000E+00
         689 cha0689           0.0000000E+00  0.0000000E+00  0.0000000E+00
         690 cha0690           0.0000000E+00  0.0000000E+00  0.0000000E+00
         691 cha0691           0.0000000E+00  0.0000000E+00  0.0000000E+00
         692 cha0692           0.0000000E+00  0.0000000E+00  0.0000000E+00
         693 cha0693           0.0000000E+00  0.0000000E+00  0.0000000E+00
         694 cha0694           0.0000000E+00  0.0000000E+00  0.0000000E+00
         695 cha0695           0.0000000E+00  0.0000000E+00  0.0000000E+00
         696 cha0696           0.0000000E+00  0.0000000E+00  0.0000000E+00
         697 cha0697           0.0000000E+00  0.0000000E+00  0.0000000E+00
         698 cha0698           0.0000000E+00  0.0000000E+00  0.0000000E+00
         699 cha0699           0.0000000E+00  0.0000000E+00  0.0000000E+00
         700 cha0700           0.0000000E+00  0.0000000E+00  0.0000000E+00
         701 cha0701           0.0000000E+00  0.0000000E+00  0.0000000E+00
         702 cha0702           0.0000000E+00  0.0000000E+00  0.0000000E+00
         703 cha0703           0.0000000E+00  0.0000000E+00  0.0000000E+00
         704 cha0704           0.0000000E+00  0.0000000E+00  0.0000000E+00
         705 cha0705           0.0000000E+00  0.0000000E+00  0.0000000E+00
         706 cha0706           0.0000000E+00  0.0000000E+00  0.0000000E+00
         707 cha0707           0.0000000E+00  0.0000000E+00  0.0000000E+00
         708 cha0708           0.0000000E+00  0.0000000E+00  0.0000000E+00
         709 cha0709           0.0000000E+00  0.0000000E+00  0.0000000E+00
         710 cha0710           0.0000000E+00  0.0000000E+00  0.0000000E+00
         711 cha0711           0.0000000E+00  0.0000000E+00  0.0000000E+00
         712 cha0712           0.0000000E+00  0.0000000E+00  0.0000000E+00
         713 cha0713           0.0000000E+00  0.0000000E+00  0.0000000E+00
         714 cha0714           0.0000000E+00  0.0000000E+00  0.0000000E+00
         715 cha0715           0.0000000E+00  0.0000000E+00  0.0000000E+00
         716 cha0716           0.0000000E+00  0.0000000E+00  0.0000000E+00
         717 cha0717           0.0000000E+00  0.0000000E+00  0.0000000E+00
         718 cha0718           0.0000000E+00  0.0000000E+00  0.0000000E+00
         719 cha0719           0.0000000E+00  0.0000000E+00  0.0000000E+00
         720 cha0720           0.0000000E+00  0.0000000E+00  0.0000000E+00
         721 cha0721           0.0000000E+00  0.0000000E+00  0.0000000E+00
         722 cha0722           0.0000000E+00  0.0000000E+00  0.0000000E+00
         723 cha0723           0.0000000E+00  0.0000000E+00  0.0000000E+00
         724 cha0724           0.0000000E+00  0.0000000E+00  0.0000000E+00
         725 cha0725           0.0000000E+00  0.0000000E+00  0.0000000E+00
         726 cha0726           0.0000000E+00  0.0000000E+00  0.0000000E+00
         727 cha0727           0.0000000E+00  0.0000000E+00  0.0000000E+00
         728 cha0728           0.0000000E+00  0.0000000E+00  0.0000000E+00
         729 cha0729           0.0000000E+00  0.0000000E+00  0.0000000E+00
         730 cha0730           0.0000000E+00  0.0000000E+00  0.0000000E+00
         731 cha0731           0.0000000E+00  0.0000000E+00  0.0000000E+00
         732 cha0732           0.0000000E+00  0.0000000E+00  0.0000000E+00
         733 cha0733           0.0000000E+00  0.0000000E+00  0.0000000E+00
         734 cha0734           0.0000000E+00  0.0000000E+00  0.0000000E+00
         735 cha0735           0.0000000E+00  0.0000000E+00  0.0000000E+00
         736 cha0736           0.0000000E+00  0.0000000E+00  0.0000000E+00
         737 cha0737           0.0000000E+00  0.0000000E+00  0.0000000E+00
         738 cha0738           0.0000000E+00  0.0000000E+00  0.0000000E+00
         739 cha0739           0.0000000E+00  0.0000000E+00  0.0000000E+00
         740 cha0740           0.0000000E+00  0.0000000E+00  0.0000000E+00
         741 cha0741           0.0000000E+00  0.0000000E+00  0.0000000E+00
         742 cha0742           0.0000000E+00  0.0000000E+00  0.0000000E+00
         743 cha0743           0.0000000E+00  0.0000000E+00  0.0000000E+00
         744 cha0744           0.0000000E+00  0.0000000E+00  0.0000000E+00
         745 cha0745           0.0000000E+00  0.0000000E+00  0.0000000E+00
         746 cha0746           0.0000000E+00  0.0000000E+00  0.0000000E+00
         747 cha0747           0.0000000E+00  0.0000000E+00  0.0000000E+00
         748 cha0748           0.0000000E+00  0.0000000E+00  0.0000000E+00
         749 cha0749           0.0000000E+00  0.0000000E+00  0.0000000E+00
         750 cha0750           0.0000000E+00  0.0000000E+00  0.0000000E+00
         751 cha0751           0.0000000E+00  0.0000000E+00  0.0000000E+00
         752 cha0752           0.0000000E+00  0.0000000E+00  0.0000000E+00
         753 cha0753           0.0000000E+00  0.0000000E+00  0.0000000E+00
         754 cha0754           0.0000000E+00  0.0000000E+00  0.0000000E+00
         755 cha0755           0.0000000E+00  0.0000000E+00  0.0000000E+00
         756 cha0756           0.0000000E+00  0.0000000E+00  0.0000000E+00
         757 cha0757           0.0000000E+00  0.0000000E+00  0.0000000E+00
         758 cha0758           0.0000000E+00  0.0000000E+00  0.0000000E+00
         759 cha0759           0.0000000E+00  0.0000000E+00  0.0000000E+00
         760 cha0760           0.0000000E+00  0.0000000E+00  0.0000000E+00
         761 cha0761           0.0000000E+00  0.0000000E+00  0.0000000E+00
         762 cha0762           0.0000000E+00  0.0000000E+00  0.0000000E+00
         763 cha0763           0.0000000E+00  0.0000000E+00  0.0000000E+00
         764 cha0764           0.0000000E+00  0.0000000E+00  0.0000000E+00
         765 cha0765           0.0000000E+00  0.0000000E+00  0.0000000E+00
         766 cha0766           0.0000000E+00  0.0000000E+00  0.0000000E+00
         767 cha0767           0.0000000E+00  0.0000000E+00  0.0000000E+00
         768 cha0768           0.0000000E+00  0.0000000E+00  0.0000000E+00
         769 cha0769           0.0000000E+00  0.0000000E+00  0.0000000E+00
         770 cha0770           0.0000000E+00  0.0000000E+00  0.0000000E+00
         771 cha0771           0.0000000E+00  0.0000000E+00  0.0000000E+00
         772 cha0772           0.0000000E+00  0.0000000E+00  0.0000000E+00
         773 cha0773           0.0000000E+00  0.0000000E+00  0.0000000E+00
         774 cha0774           0.0000000E+00  0.0000000E+00  0.0000000E+00
         775 cha0775           0.0000000E+00  0.0000000E+00  0.0000000E+00
         776 cha0776           0.0000000E+00  0.0000000E+00  0.0000000E+00
         777 cha0777           0.0000000E+00  0.0000000E+00  0.0000000E+00
         778 cha0778           0.0000000E+00  0.0000000E+00  0.0000000E+00
         779 cha0779           0.0000000E+00  0.0000000E+00  0.0000000E+00
         780 cha0780           0.0000000E+00  0.0000000E+00  0.0000000E+00
         781 cha0781           0.0000000E+00  0.0000000E+00  0.0000000E+00
         782 cha0782           0.0000000E+00  0.0000000E+00  0.0000000E+00
         783 cha0783           0.0000000E+00  0.0000000E+00  0.0000000E+00
         784 cha0784           0.0000000E+00  0.0000000E+00  0.0000000E+00
         785 cha0785           0.0000000E+00  0.0000000E+00  0.0000000E+00
         786 cha0786           0.0000000E+00  0.0000000E+00  0.0000000E+00
         787 cha0787           0.0000000E+00  0.0000000E+00  0.0000000E+00
         788 cha0788           0.0000000E+00  0.0000000E+00  0.0000000E+00
         789 cha0789           0.0000000E+00  0.0000000E+00  0.0000000E+00
         790 cha0790           0.0000000E+00  0.0000000E+00  0.0000000E+00
         791 cha0791           0.0000000E+00  0.0000000E+00  0.0000000E+00
         792 cha0792           0.0000000E+00  0.0000000E+00  0.0000000E+00
         793 cha0793           0.0000000E+00  0.0000000E+00  0.0000000E+00
         794 cha0794           0.0000000E+00  0.0000000E+00  0.0000000E+00
         795 cha0795           0.0000000E+00  0.0000000E+00  0.0000000E+00
         796 cha0796           0.0000000E+00  0.0000000E+00  0.0000000E+00
         797 cha0797           0.0000000E+00  0.0000000E+00  0.0000000E+00
         798 cha0798           0.0000000E+00  0.0000000E+00  0.0000000E+00
         799 cha0799           0.0000000E+00  0.0000000E+00  0.0000000E+00
         800 cha0800           0.0000000E+00  0.0000000E+00  0.0000000E+00
         801 cha0801           0.0000000E+00  0.0000000E+00  0.0000000E+00
         802 cha0802           0.0000000E+00  0.0000000E+00  0.0000000E+00
         803 cha0803           0.0000000E+00  0.0000000E+00  0.0000000E+00
         804 cha0804           0.0000000E+00  0.0000000E+00  0.0000000E+00
         805 cha0805           0.0000000E+00  0.0000000E+00  0.0000000E+00
         806 cha0806           0.0000000E+00  0.0000000E+00  0.0000000E+00
         807 cha0807           0.0000000E+00  0.0000000E+00  0.0000000E+00
         808 cha0808           0.0000000E+00  0.0000000E+00  0.0000000E+00
         809 cha0809           0.0000000E+00  0.0000000E+00  0.0000000E+00
         810 cha0810           0.0000000E+00  0.0000000E+00  0.0000000E+00
         811 cha0811           0.0000000E+00  0.0000000E+00  0.0000000E+00
         812 cha0812           0.0000000E+00  0.0000000E+00  0.0000000E+00
         813 cha0813           0.0000000E+00  0.0000000E+00  0.0000000E+00
         814 cha0814           0.0000000E+00  0.0000000E+00  0.0000000E+00
         815 cha0815           0.0000000E+00  0.0000000E+00  0.0000000E+00
         816 cha0816           0.0000000E+00  0.0000000E+00  0.0000000E+00
         817 cha0817           0.0000000E+00  0.0000000E+00  0.0000000E+00
         818 cha0818           0.0000000E+00  0.0000000E+00  0.0000000E+00
         819 cha0819           0.0000000E+00  0.0000000E+00  0.0000000E+00
         820 cha0820           0.0000000E+00  0.0000000E+00  0.0000000E+00
         821 cha0821           0.0000000E+00  0.0000000E+00  0.0000000E+00
         822 cha0822           0.0000000E+00  0.0000000E+00  0.0000000E+00
         823 cha0823           0.0000000E+00  0.0000000E+00  0.0000000E+00
         824 cha0824           0.0000000E+00  0.0000000E+00  0.0000000E+00
         825 cha0825           0.0000000E+00  0.0000000E+00  0.0000000E+00
         826 cha0826           0.0000000E+00  0.0000000E+00  0.0000000E+00
         827 cha0827           0.0000000E+00  0.0000000E+00  0.0000000E+00
         828 cha0828           0.0000000E+00  0.0000000E+00  0.0000000E+00
         829 cha0829           0.0000000E+00  0.0000000E+00  0.0000000E+00
         830 cha0830           0.0000000E+00  0.0000000E+00  0.0000000E+00
         831 cha0831           0.0000000E+00  0.0000000E+00  0.0000000E+00
         832 cha0832           0.0000000E+00  0.0000000E+00  0.0000000E+00
         833 cha0833           0.0000000E+00  0.0000000E+00  0.0000000E+00
         834 cha0834           0.0000000E+00  0.0000000E+00  0.0000000E+00
         835 cha0835           0.0000000E+00  0.0000000E+00  0.0000000E+00
         836 cha0836           0.0000000E+00  0.0000000E+00  0.0000000E+00
         837 cha0837           0.0000000E+00  0.0000000E+00  0.0000000E+00
         838 cha0838           0.0000000E+00  0.0000000E+00  0.0000000E+00
         839 cha0839           0.0000000E+00  0.0000000E+00  0.0000000E+00
         840 cha0840           0.0000000E+00  0.0000000E+00  0.0000000E+00
         841 cha0841           0.0000000E+00  0.0000000E+00  0.0000000E+00
         842 cha0842           0.0000000E+00  0.0000000E+00  0.0000000E+00
         843 cha0843           0.0000000E+00  0.0000000E+00  0.0000000E+00
         844 cha0844           0.0000000E+00  0.0000000E+00  0.0000000E+00
         845 cha0845           0.0000000E+00  0.0000000E+00  0.0000000E+00
         846 cha0846           0.0000000E+00  0.0000000E+00  0.0000000E+00
         847 cha0847           0.0000000E+00  0.0000000E+00  0.0000000E+00
         848 cha0848           0.0000000E+00  0.0000000E+00  0.0000000E+00
         849 cha0849           0.0000000E+00  0.0000000E+00  0.0000000E+00
         850 cha0850           0.0000000E+00  0.0000000E+00  0.0000000E+00
         851 cha0851           0.0000000E+00  0.0000000E+00  0.0000000E+00
         852 cha0852           0.0000000E+00  0.0000000E+00  0.0000000E+00
         853 cha0853           0.0000000E+00  0.0000000E+00  0.0000000E+00
         854 cha0854           0.0000000E+00  0.0000000E+00  0.0000000E+00
         855 cha0855           0.0000000E+00  0.0000000E+00  0.0000000E+00
         856 cha0856           0.0000000E+00  0.0000000E+00  0.0000000E+00
         857 cha0857           0.0000000E+00  0.0000000E+00  0.0000000E+00
         858 cha0858           0.0000000E+00  0.0000000E+00  0.0000000E+00
         859 cha0859           0.0000000E+00  0.0000000E+00  0.0000000E+00
         860 cha0860           0.0000000E+00  0.0000000E+00  0.0000000E+00
         861 cha0861           0.0000000E+00  0.0000000E+00  0.0000000E+00
         862 cha0862           0.0000000E+00  0.0000000E+00  0.0000000E+00
         863 cha0863           0.0000000E+00  0.0000000E+00  0.0000000E+00
         864 cha0864           0.0000000E+00  0.0000000E+00  0.0000000E+00
         865 cha0865           0.0000000E+00  0.0000000E+00  0.0000000E+00
         866 cha0866           0.0000000E+00  0.0000000E+00  0.0000000E+00
         867 cha0867           0.0000000E+00  0.0000000E+00  0.0000000E+00
         868 cha0868           0.0000000E+00  0.0000000E+00  0.0000000E+00
         869 cha0869           0.0000000E+00  0.0000000E+00  0.0000000E+00
         870 cha0870           0.0000000E+00  0.0000000E+00  0.0000000E+00
         871 cha0871           0.0000000E+00  0.0000000E+00  0.0000000E+00
         872 cha0872           0.0000000E+00  0.0000000E+00  0.0000000E+00
         873 cha0873           0.0000000E+00  0.0000000E+00  0.0000000E+00
         874 cha0874           0.0000000E+00  0.0000000E+00  0.0000000E+00
         875 cha0875           0.0000000E+00  0.0000000E+00  0.0000000E+00
         876 cha0876           0.0000000E+00  0.0000000E+00  0.0000000E+00
         877 cha0877           0.0000000E+00  0.0000000E+00  0.0000000E+00
         878 cha0878           0.0000000E+00  0.0000000E+00  0.0000000E+00
         879 cha0879           0.0000000E+00  0.0000000E+00  0.0000000E+00
         880 cha0880           0.0000000E+00  0.0000000E+00  0.0000000E+00
         881 cha0881           0.0000000E+00  0.0000000E+00  0.0000000E+00
         882 cha0882           0.0000000E+00  0.0000000E+00  0.0000000E+00
         883 cha0883           0.0000000E+00  0.0000000E+00  0.0000000E+00
         884 cha0884           0.0000000E+00  0.0000000E+00  0.0000000E+00
         885 cha0885           0.0000000E+00  0.0000000E+00  0.0000000E+00
         886 cha0886           0.0000000E+00  0.0000000E+00  0.0000000E+00
         887 cha0887           0.0000000E+00  0.0000000E+00  0.0000000E+00
         888 cha0888           0.0000000E+00  0.0000000E+00  0.0000000E+00
         889 cha0889           0.0000000E+00  0.0000000E+00  0.0000000E+00
         890 cha0890           0.0000000E+00  0.0000000E+00  0.0000000E+00
         891 cha0891           0.0000000E+00  0.0000000E+00  0.0000000E+00
         892 cha0892           0.0000000E+00  0.0000000E+00  0.0000000E+00
         893 cha0893           0.0000000E+00  0.0000000E+00  0.0000000E+00
         894 cha0894           0.0000000E+00  0.0000000E+00  0.0000000E+00
         895 cha0895           0.0000000E+00  0.0000000E+00  0.0000000E+00
         896 cha0896           0.0000000E+00  0.0000000E+00  0.0000000E+00
         897 cha0897           0.0000000E+00  0.0000000E+00  0.0000000E+00
         898 cha0898           0.0000000E+00  0.0000000E+00  0.0000000E+00
         899 cha0899           0.0000000E+00  0.0000000E+00  0.0000000E+00
         900 cha0900           0.0000000E+00  0.0000000E+00  0.0000000E+00
         901 cha0901           0.0000000E+00  0.0000000E+00  0.0000000E+00
         902 cha0902           0.0000000E+00  0.0000000E+00  0.0000000E+00
         903 cha0903           0.0000000E+00  0.0000000E+00  0.0000000E+00
         904 cha0904           0.0000000E+00  0.0000000E+00  0.0000000E+00
         905 cha0905           0.0000000E+00  0.0000000E+00  0.0000000E+00
         906 cha0906           0.0000000E+00  0.0000000E+00  0.0000000E+00
         907 cha0907           0.0000000E+00  0.0000000E+00  0.0000000E+00
         908 cha0908           0.0000000E+00  0.0000000E+00  0.0000000E+00
         909 cha0909           0.0000000E+00  0.0000000E+00  0.0000000E+00
         910 cha0910           0.0000000E+00  0.0000000E+00  0.0000000E+00
         911 cha0911           0.0000000E+00  0.0000000E+00  0.0000000E+00
         912 cha0912           0.0000000E+00  0.0000000E+00  0.0000000E+00
         913 cha0913           0.0000000E+00  0.0000000E+00  0.0000000E+00
         914 cha0914           0.0000000E+00  0.0000000E+00  0.0000000E+00
         915 cha0915           0.0000000E+00  0.0000000E+00  0.0000000E+00
         916 cha0916           0.0000000E+00  0.0000000E+00  0.0000000E+00
         917 cha0917           0.0000000E+00  0.0000000E+00  0.0000000E+00
         918 cha0918           0.0000000E+00  0.0000000E+00  0.0000000E+00
         919 cha0919           0.0000000E+00  0.0000000E+00  0.0000000E+00
         920 cha0920           0.0000000E+00  0.0000000E+00  0.0000000E+00
         921 cha0921           0.0000000E+00  0.0000000E+00  0.0000000E+00
         922 cha0922           0.0000000E+00  0.0000000E+00  0.0000000E+00
         923 cha0923           0.0000000E+00  0.0000000E+00  0.0000000E+00
         924 cha0924           0.0000000E+00  0.0000000E+00  0.0000000E+00
         925 cha0925           0.0000000E+00  0.0000000E+00  0.0000000E+00
         926 cha0926           0.0000000E+00  0.0000000E+00  0.0000000E+00
         927 cha0927           0.0000000E+00  0.0000000E+00  0.0000000E+00
         928 cha0928           0.0000000E+00  0.0000000E+00  0.0000000E+00
         929 cha0929           0.0000000E+00  0.0000000E+00  0.0000000E+00
         930 cha0930           0.0000000E+00  0.0000000E+00  0.0000000E+00
         931 cha0931           0.0000000E+00  0.0000000E+00  0.0000000E+00
         932 cha0932           0.0000000E+00  0.0000000E+00  0.0000000E+00
         933 cha0933           0.0000000E+00  0.0000000E+00  0.0000000E+00
         934 cha0934           0.0000000E+00  0.0000000E+00  0.0000000E+00
         935 cha0935           0.0000000E+00  0.0000000E+00  0.0000000E+00
         936 cha0936           0.0000000E+00  0.0000000E+00  0.0000000E+00
         937 cha0937           0.0000000E+00  0.0000000E+00  0.0000000E+00
         938 cha0938           0.0000000E+00  0.0000000E+00  0.0000000E+00
         939 cha0939           0.0000000E+00  0.0000000E+00  0.0000000E+00
         940 cha0940           0.0000000E+00  0.0000000E+00  0.0000000E+00
         941 cha0941           0.0000000E+00  0.0000000E+00  0.0000000E+00
         942 cha0942           0.0000000E+00  0.0000000E+00  0.0000000E+00
         943 cha0943           0.0000000E+00  0.0000000E+00  0.0000000E+00
         944 cha0944           0.0000000E+00  0.0000000E+00  0.0000000E+00
         945 cha0945           0.0000000E+00  0.0000000E+00  0.0000000E+00
         946 cha0946           0.0000000E+00  0.0000000E+00  0.0000000E+00
         947 cha0947           0.0000000E+00  0.0000000E+00  0.0000000E+00
         948 cha0948           0.0000000E+00  0.0000000E+00  0.0000000E+00
         949 cha0949           0.0000000E+00  0.0000000E+00  0.0000000E+00
         950 cha0950           0.0000000E+00  0.0000000E+00  0.0000000E+00
         951 cha0951           0.0000000E+00  0.0000000E+00  0.0000000E+00
         952 cha0952           0.0000000E+00  0.0000000E+00  0.0000000E+00
         953 cha0953           0.0000000E+00  0.0000000E+00  0.0000000E+00
         954 cha0954           0.0000000E+00  0.0000000E+00  0.0000000E+00
         955 cha0955           0.0000000E+00  0.0000000E+00  0.0000000E+00
         956 cha0956           0.0000000E+00  0.0000000E+00  0.0000000E+00
         957 cha0957           0.0000000E+00  0.0000000E+00  0.0000000E+00
         958 cha0958           0.0000000E+00  0.0000000E+00  0.0000000E+00
         959 cha0959           0.0000000E+00  0.0000000E+00  0.0000000E+00
         960 cha0960           0.0000000E+00  0.0000000E+00  0.0000000E+00
         961 cha0961           0.0000000E+00  0.0000000E+00  0.0000000E+00
         962 cha0962           0.0000000E+00  0.0000000E+00  0.0000000E+00
         963 cha0963           0.0000000E+00  0.0000000E+00  0.0000000E+00
         964 cha0964           0.0000000E+00  0.0000000E+00  0.0000000E+00
         965 cha0965           0.0000000E+00  0.0000000E+00  0.0000000E+00
         966 cha0966           0.0000000E+00  0.0000000E+00  0.0000000E+00
         967 cha0967           0.0000000E+00  0.0000000E+00  0.0000000E+00
         968 cha0968           0.0000000E+00  0.0000000E+00  0.0000000E+00
         969 cha0969           0.0000000E+00  0.0000000E+00  0.0000000E+00
         970 cha0970           0.0000000E+00  0.0000000E+00  0.0000000E+00
         971 cha0971           0.0000000E+00  0.0000000E+00  0.0000000E+00
         972 cha0972           0.0000000E+00  0.0000000E+00  0.0000000E+00
         973 cha0973           0.0000000E+00  0.0000000E+00  0.0000000E+00
         974 cha0974           0.0000000E+00  0.0000000E+00  0.0000000E+00
         975 cha0975           0.0000000E+00  0.0000000E+00  0.0000000E+00
         976 cha0976           0.0000000E+00  0.0000000E+00  0.0000000E+00
         977 cha0977           0.0000000E+00  0.0000000E+00  0.0000000E+00
         978 cha0978           0.0000000E+00  0.0000000E+00  0.0000000E+00
         979 cha0979           0.0000000E+00  0.0000000E+00  0.0000000E+00
         980 cha0980           0.0000000E+00  0.0000000E+00  0.0000000E+00
         981 cha0981           0.0000000E+00  0.0000000E+00  0.0000000E+00
         982 cha0982           0.0000000E+00  0.0000000E+00  0.0000000E+00
         983 cha0983           0.0000000E+00  0.0000000E+00  0.0000000E+00
         984 cha0984           0.0000000E+00  0.0000000E+00  0.0000000E+00
         985 cha0985           0.0000000E+00  0.0000000E+00  0.0000000E+00
         986 cha0986           0.0000000E+00  0.0000000E+00  0.0000000E+00
         987 cha0987           0.0000000E+00  0.0000000E+00  0.0000000E+00
         988 cha0988           0.0000000E+00  0.0000000E+00  0.0000000E+00
         989 cha0989           0.0000000E+00  0.0000000E+00  0.0000000E+00
         990 cha0990           0.0000000E+00  0.0000000E+00  0.0000000E+00
         991 cha0991           0.0000000E+00  0.0000000E+00  0.0000000E+00
         992 cha0992           0.0000000E+00  0.0000000E+00  0.0000000E+00
         993 cha0993           0.0000000E+00  0.0000000E+00  0.0000000E+00
         994 cha0994           0.0000000E+00  0.0000000E+00  0.0000000E+00
         995 cha0995           0.0000000E+00  0.0000000E+00  0.0000000E+00
         996 cha0996           0.0000000E+00  0.0000000E+00  0.0000000E+00
         997 cha0997           0.0000000E+00  0.0000000E+00  0.0000000E+00
         998 cha0998           0.0000000E+00  0.0000000E+00  0.0000000E+00
         999 cha0999           0.0000000E+00  0.0000000E+00  0.0000000E+00
        1000 cha1000           0.0000000E+00  0.0000000E+00  0.0000000E+00
        1001 cha1001           0.0000000E+00  0.0000000E+00  0.0000000E+00
        1002 cha1002           0.0000000E+00  0.0000000E+00  0.0000000E+00
        1003 cha1003           0.0000000E+00  0.0000000E+00  0.0000000E+00
        1004 cha1004           0.0000000E+00  0.0000000E+00  0.0000000E+00
        1005 cha1005           0.0000000E+00  0.0000000E+00  0.0000000E+00
        1006 cha1006           0.0000000E+00  0.0000000E+00  0.0000000E+00
        1007 cha1007           0.0000000E+00  0.0000000E+00  0.0000000E+00
        1008 cha1008           0.0000000E+00  0.0000000E+00  0.0000000E+00
        1009 cha1009           0.0000000E+00  0.0000000E+00  0.0000000E+00
        1010 cha1010           0.0000000E+00  0.0000000E+00  0.0000000E+00
        1011 cha1011           0.0000000E+00  0.0000000E+00  0.0000000E+00
        1012 cha1012           0.0000000E+00  0.0000000E+00  0.0000000E+00
        1013 cha1013           0.0000000E+00  0.0000000E+00  0.0000000E+00
        1014 cha1014           0.0000000E+00  0.0000000E+00  0.0000000E+00
        1015 cha1015           0.0000000E+00  0.0000000E+00  0.0000000E+00
        1016 cha1016           0.0000000E+00  0.0000000E+00  0.0000000E+00
        1017 cha1017           0.0000000E+00  0.0000000E+00  0.0000000E+00
        1018 cha1018           0.0000000E+00  0.0000000E+00  0.0000000E+00
        1019 cha1019           0.0000000E+00  0.0000000E+00  0.0000000E+00
        1020 cha1020           0.0000000E+00  0.0000000E+00  0.0000000E+00
        1021 cha1021           0.0000000E+00  0.0000000E+00  0.0000000E+00
        1022 cha1022           0.0000000E+00  0.0000000E+00  0.0000000E+00
        1023 cha1023           0.0000000E+00  0.0000000E+00  0.0000000E+00
        1024 cha1024           0.0000000E+00  0.0000000E+00  0.0000000E+00
        1025 cha1025           0.0000000E+00  0.0000000E+00  0.0000000E+00
        1026 cha1026           0.0000000E+00  0.0000000E+00  0.0000000E+00
        1027 cha1027           0.0000000E+00  0.0000000E+00  0.0000000E+00
        1028 cha1028           0.0000000E+00  0.0000000E+00  0.0000000E+00
        1029 cha1029           0.0000000E+00  0.0000000E+00  0.0000000E+00
        1030 cha1030           0.0000000E+00  0.0000000E+00  0.0000000E+00
        1031 cha1031           0.0000000E+00  0.0000000E+00  0.0000000E+00
        1032 cha1032           0.0000000E+00  0.0000000E+00  0.0000000E+00
        1033 cha1033           0.0000000E+00  0.0000000E+00  0.0000000E+00
        1034 cha1034           0.0000000E+00  0.0000000E+00  0.0000000E+00
        1035 cha1035           0.0000000E+00  0.0000000E+00  0.0000000E+00
        1036 cha1036           0.0000000E+00  0.0000000E+00  0.0000000E+00
        1037 cha1037           0.0000000E+00  0.0000000E+00  0.0000000E+00
        1038 cha1038           0.0000000E+00  0.0000000E+00  0.0000000E+00
        1039 cha1039           0.0000000E+00  0.0000000E+00  0.0000000E+00
        1040 cha1040           0.0000000E+00  0.0000000E+00  0.0000000E+00
        1041 cha1041           0.0000000E+00  0.0000000E+00  0.0000000E+00
        1042 cha1042           0.0000000E+00  0.0000000E+00  0.0000000E+00
