 Prueba3                   SWAT+ Jul 2 2024        MODULAR Rev 2024.61.0.1                                
   jday   mon   day    yr   unit  gis_id  name                    flo_in          geo_bf         flo_out           peakr         sed_in        sed_out         washld          bedld            dep        deg_btm       deg_bank         hc_sed          width          depth          slope        deg_btm       deg_bank         hc_len      flo_in_mm       aqu_in_mm      flo_out_mm        sed_stor      n_tot          p_tot         dep_bf        velav_bf        
                                                                   m^3/s           m^3/s           m^3/s           m^3/s           tons           tons           tons           tons           tons           tons           tons           tons              m              m            m/m              m              m              m             mm              mm              mm            tons       kg_N           kg_P            m/s             m/s        
    67     3     8  1982       1       1  cha001               0.2639E+01     0.0000E+00     0.2635E+01     0.2639E+01     0.8358E+04     0.8356E+04     0.0000E+00     0.0000E+00     0.1443E+01     0.4138E+04     0.0000E+00     0.0000E+00     0.1399E+02     0.4541E+02     0.6270E-01     0.2472E+02     0.0000E+00     0.0000E+00     0.2874E+03     0.0000E+00     0.2869E+03     0.8004E+01     0.1644E+04     0.3165E+03     0.2316E+02     0.1521E+05
    67     3     8  1982       2       2  cha002               0.2324E+01     0.0000E+00     0.2314E+01     0.2324E+01     0.7689E+04     0.7688E+04     0.0000E+00     0.0000E+00     0.1395E+01     0.8221E+04     0.0000E+00     0.0000E+00     0.1290E+02     0.4183E+02     0.6002E-01     0.2291E+02     0.0000E+00     0.0000E+00     0.2900E+03     0.0000E+00     0.2887E+03     0.1779E+02     0.1492E+04     0.2804E+03     0.2124E+02     0.1187E+05
    67     3     8  1982       3       3  cha003               0.1151E+01     0.0000E+00     0.1140E+01     0.1151E+01     0.4150E+04     0.4147E+04     0.0000E+00     0.0000E+00     0.3158E+01     0.1415E+04     0.0000E+00     0.0000E+00     0.8914E+01     0.7321E+01     0.1654E-01     0.5048E+01     0.0000E+00     0.0000E+00     0.2658E+03     0.0000E+00     0.2632E+03     0.1658E+02     0.8892E+03     0.1563E+03     0.2723E+01     0.1264E+03
    67     3     8  1982       4       4  cha004               0.5960E+00     0.0000E+00     0.5913E+00     0.5960E+00     0.2429E+04     0.2428E+04     0.0000E+00     0.0000E+00     0.9353E+00     0.2287E+04     0.0000E+00     0.0000E+00     0.6039E+01     0.1811E+02     0.5214E-01     0.1050E+02     0.0000E+00     0.0000E+00     0.2634E+03     0.0000E+00     0.2613E+03     0.9450E+01     0.5198E+03     0.8186E+02     0.8312E+01     0.1049E+04
    67     3     8  1982       5       5  cha005               0.1904E+00     0.0000E+00     0.1903E+00     0.1943E+00     0.3208E+03     0.3208E+03     0.0000E+00     0.0000E+00     0.0000E+00     0.3401E+03     0.0000E+00     0.0000E+00     0.2920E+01     0.3042E+02     0.2301E+00     0.1985E+02     0.0000E+00     0.0000E+00     0.2825E+03     0.0000E+00     0.2823E+03     0.1449E+00     0.7439E+02     0.1030E+02     0.1281E+02     0.3962E+04
    67     3     8  1982       6       6  cha006               0.4295E+00     0.0000E+00     0.4273E+00     0.4295E+00     0.6383E+03     0.6381E+03     0.0000E+00     0.0000E+00     0.1415E+00     0.3170E+04     0.0000E+00     0.0000E+00     0.4749E+01     0.3002E+02     0.1342E+00     0.1973E+02     0.0000E+00     0.0000E+00     0.2833E+03     0.0000E+00     0.2818E+03     0.1812E+01     0.1509E+03     0.2362E+02     0.1253E+02     0.3579E+04
    67     3     8  1982       7       7  cha007               0.2348E+00     0.0000E+00     0.2343E+00     0.2348E+00     0.7826E+03     0.7824E+03     0.0000E+00     0.0000E+00     0.1808E+00     0.6615E+03     0.0000E+00     0.0000E+00     0.3408E+01     0.2302E+02     0.1349E+00     0.1423E+02     0.0000E+00     0.0000E+00     0.2692E+03     0.0000E+00     0.2686E+03     0.9789E+00     0.1696E+03     0.2426E+02     0.1009E+02     0.1820E+04
    67     3     8  1982       8       8  cha008               0.7059E+00     0.0000E+00     0.7005E+00     0.7059E+00     0.2413E+04     0.2412E+04     0.0000E+00     0.0000E+00     0.8875E+00     0.2777E+04     0.0000E+00     0.0000E+00     0.5476E+01     0.2031E+02     0.4579E-01     0.1249E+02     0.0000E+00     0.0000E+00     0.3672E+03     0.0000E+00     0.3644E+03     0.1161E+02     0.3461E+03     0.6273E+02     0.9708E+01     0.1271E+04
    67     3     8  1982       9       9  cha009               0.8695E+01     0.0000E+00     0.8681E+01     0.8695E+01     0.4373E+05     0.4373E+05     0.0000E+00     0.0000E+00     0.0000E+00     0.3112E+05     0.0000E+00     0.0000E+00     0.2335E+02     0.1981E+03     0.1071E+00     0.6830E+02     0.0000E+00     0.0000E+00     0.4033E+03     0.0000E+00     0.4026E+03     0.4615E+02     0.4323E+04     0.9426E+03     0.1336E+03     0.1049E+07
    67     3     8  1982      10      10  cha010               0.6187E+01     0.0000E+00     0.6152E+01     0.6187E+01     0.3906E+05     0.3906E+05     0.0000E+00     0.0000E+00     0.0000E+00     0.4550E+05     0.0000E+00     0.0000E+00     0.2125E+02     0.8056E+02     0.8309E-01     0.4404E+02     0.0000E+00     0.0000E+00     0.3359E+03     0.0000E+00     0.3340E+03     0.1215E+03     0.3649E+04     0.8074E+03     0.4245E+02     0.7793E+05
    67     3     8  1982      11      11  cha011               0.3961E+01     0.0000E+00     0.3940E+01     0.3961E+01     0.1226E+05     0.1226E+05     0.0000E+00     0.0000E+00     0.2111E+01     0.1862E+05     0.0000E+00     0.0000E+00     0.1785E+02     0.5581E+02     0.6714E-01     0.2980E+02     0.0000E+00     0.0000E+00     0.2874E+03     0.0000E+00     0.2860E+03     0.3143E+02     0.2386E+04     0.5035E+03     0.2896E+02     0.2884E+05
    67     3     8  1982      12      12  cha012               0.3347E+01     0.0000E+00     0.3335E+01     0.3347E+01     0.1008E+05     0.1008E+05     0.0000E+00     0.0000E+00     0.1781E+01     0.1201E+05     0.0000E+00     0.0000E+00     0.1624E+02     0.5274E+02     0.6846E-01     0.2827E+02     0.0000E+00     0.0000E+00     0.2843E+03     0.0000E+00     0.2833E+03     0.1956E+02     0.2020E+04     0.4030E+03     0.2716E+02     0.2405E+05
    67     3     8  1982      13      13  cha013               0.7804E+01     0.0000E+00     0.7740E+01     0.7804E+01     0.5639E+05     0.5639E+05     0.0000E+00     0.0000E+00     0.0000E+00     0.8680E+05     0.0000E+00     0.0000E+00     0.2350E+02     0.1582E+03     0.7429E-01     0.4936E+02     0.0000E+00     0.0000E+00     0.3583E+03     0.0000E+00     0.3553E+03     0.2695E+03     0.6451E+04     0.1413E+04     0.1100E+03     0.5559E+06
    67     3     8  1982      14      14  cha014               0.5274E+01     0.0000E+00     0.5266E+01     0.5274E+01     0.3561E+05     0.3561E+05     0.0000E+00     0.0000E+00     0.0000E+00     0.9451E+04     0.0000E+00     0.0000E+00     0.2090E+02     0.7073E+02     0.7136E-01     0.3585E+02     0.0000E+00     0.0000E+00     0.2943E+03     0.0000E+00     0.2938E+03     0.3088E+02     0.4981E+04     0.1018E+04     0.3913E+02     0.5909E+05
    67     3     8  1982      15      15  cha015               0.3672E+01     0.0000E+00     0.3652E+01     0.3672E+01     0.2416E+05     0.2416E+05     0.0000E+00     0.0000E+00     0.4673E+01     0.1731E+05     0.0000E+00     0.0000E+00     0.1800E+02     0.5492E+02     0.6878E-01     0.2688E+02     0.0000E+00     0.0000E+00     0.2628E+03     0.0000E+00     0.2613E+03     0.6040E+02     0.3875E+04     0.7740E+03     0.2943E+02     0.2977E+05
    67     3     8  1982      16      16  cha016               0.2428E+01     0.0000E+00     0.2417E+01     0.2428E+01     0.8196E+04     0.8195E+04     0.0000E+00     0.0000E+00     0.1586E+01     0.9235E+04     0.0000E+00     0.0000E+00     0.1406E+02     0.4898E+02     0.7210E-01     0.2428E+02     0.0000E+00     0.0000E+00     0.2623E+03     0.0000E+00     0.2612E+03     0.1650E+02     0.1839E+04     0.3255E+03     0.2596E+02     0.2010E+05
    67     3     8  1982      17      17  cha017               0.1451E+01     0.0000E+00     0.1450E+01     0.1451E+01     0.2979E+04     0.2979E+04     0.0000E+00     0.0000E+00     0.0000E+00     0.2773E+04     0.0000E+00     0.0000E+00     0.7121E+01     0.9777E+02     0.1892E+00     0.5712E+02     0.0000E+00     0.0000E+00     0.4873E+03     0.0000E+00     0.4870E+03     0.1206E+01     0.3082E+03     0.6397E+02     0.5146E+02     0.1157E+06
    67     3     8  1982      18      18  cha018               0.1413E+01     0.0000E+00     0.1410E+01     0.1413E+01     0.1066E+05     0.1066E+05     0.0000E+00     0.0000E+00     0.1584E+01     0.8040E+04     0.0000E+00     0.0000E+00     0.7355E+01     0.7493E+02     0.1295E+00     0.4328E+02     0.0000E+00     0.0000E+00     0.4495E+03     0.0000E+00     0.4485E+03     0.1941E+02     0.9275E+03     0.1735E+03     0.4098E+02     0.5432E+05
    67     3     8  1982      19      19  cha019               0.5792E+00     0.0000E+00     0.5780E+00     0.5792E+00     0.8362E+04     0.8361E+04     0.0000E+00     0.0000E+00     0.1312E+01     0.4151E+04     0.0000E+00     0.0000E+00     0.4269E+01     0.6679E+02     0.1894E+00     0.3912E+02     0.0000E+00     0.0000E+00     0.4563E+03     0.0000E+00     0.4553E+03     0.1549E+02     0.6174E+03     0.1086E+03     0.3629E+02     0.4249E+05
    67     3     8  1982      20      20  cha020               0.4688E+00     0.0000E+00     0.4684E+00     0.4688E+00     0.1047E+04     0.1047E+04     0.0000E+00     0.0000E+00     0.1432E+00     0.1453E+04     0.0000E+00     0.0000E+00     0.3276E+01     0.6968E+02     0.2027E+00     0.3945E+02     0.0000E+00     0.0000E+00     0.5742E+03     0.0000E+00     0.5736E+03     0.8704E+00     0.1046E+03     0.1932E+02     0.3972E+02     0.5130E+05
    67     3     8  1982      21      21  cha021               0.8739E+00     0.0000E+00     0.8613E+00     0.8739E+00     0.3213E+04     0.3212E+04     0.0000E+00     0.0000E+00     0.1222E+01     0.6046E+04     0.0000E+00     0.0000E+00     0.7572E+01     0.2226E+02     0.5190E-01     0.1252E+02     0.0000E+00     0.0000E+00     0.2649E+03     0.0000E+00     0.2611E+03     0.2084E+02     0.7026E+03     0.1148E+03     0.1055E+02     0.1942E+04
    67     3     8  1982      22      22  cha022               0.1322E+01     0.0000E+00     0.1296E+01     0.1322E+01     0.4063E+04     0.4061E+04     0.0000E+00     0.0000E+00     0.1515E+01     0.1027E+05     0.0000E+00     0.0000E+00     0.9648E+01     0.2183E+02     0.4206E-01     0.1264E+02     0.0000E+00     0.0000E+00     0.2676E+03     0.0000E+00     0.2623E+03     0.3462E+02     0.9292E+03     0.1530E+03     0.1010E+02     0.1965E+04
    67     3     8  1982      23      23  cha023               0.8928E+00     0.0000E+00     0.8905E+00     0.8928E+00     0.1938E+04     0.1938E+04     0.0000E+00     0.0000E+00     0.5220E+00     0.6410E+04     0.0000E+00     0.0000E+00     0.5320E+01     0.7003E+02     0.1589E+00     0.4091E+02     0.0000E+00     0.0000E+00     0.4873E+03     0.0000E+00     0.4860E+03     0.3991E+01     0.2012E+03     0.4085E+02     0.3686E+02     0.4407E+05
    67     3     8  1982      24      24  cha024               0.1105E+01     0.0000E+00     0.1104E+01     0.1105E+01     0.2972E+04     0.2972E+04     0.0000E+00     0.0000E+00     0.0000E+00     0.4353E+04     0.0000E+00     0.0000E+00     0.6063E+01     0.1167E+03     0.2829E+00     0.6815E+02     0.0000E+00     0.0000E+00     0.4849E+03     0.0000E+00     0.4846E+03     0.1701E+01     0.3010E+03     0.5991E+02     0.6130E+02     0.2094E+06
    67     3     8  1982      25      25  cha025               0.8749E+00     0.0000E+00     0.8672E+00     0.8749E+00     0.1446E+05     0.1446E+05     0.0000E+00     0.0000E+00     0.3271E+01     0.8650E+04     0.0000E+00     0.0000E+00     0.7500E+01     0.3847E+02     0.1004E+00     0.2128E+02     0.0000E+00     0.0000E+00     0.2694E+03     0.0000E+00     0.2670E+03     0.6322E+02     0.1720E+04     0.3211E+03     0.1874E+02     0.8506E+04
    67     3     8  1982      26      26  cha026               0.1893E+00     0.0000E+00     0.1891E+00     0.1893E+00     0.6613E+03     0.6613E+03     0.0000E+00     0.0000E+00     0.0000E+00     0.6584E+03     0.0000E+00     0.0000E+00     0.3002E+01     0.3624E+02     0.2574E+00     0.2099E+02     0.0000E+00     0.0000E+00     0.2682E+03     0.0000E+00     0.2678E+03     0.5236E+00     0.1424E+03     0.1977E+02     0.1698E+02     0.7496E+04
    67     3     8  1982      27      27  cha027               0.5465E+00     0.0000E+00     0.5459E+00     0.5465E+00     0.1449E+04     0.1449E+04     0.0000E+00     0.0000E+00     0.0000E+00     0.2732E+04     0.0000E+00     0.0000E+00     0.3971E+01     0.7614E+02     0.2432E+00     0.4450E+02     0.0000E+00     0.0000E+00     0.4858E+03     0.0000E+00     0.4852E+03     0.1473E+01     0.1475E+03     0.2845E+02     0.4003E+02     0.6236E+05
    67     3     8  1982      28      28  cha028               0.5025E+00     0.0000E+00     0.5017E+00     0.5025E+00     0.1198E+04     0.1198E+04     0.0000E+00     0.0000E+00     0.0000E+00     0.2820E+04     0.0000E+00     0.0000E+00     0.3771E+01     0.6880E+02     0.2238E+00     0.4022E+02     0.0000E+00     0.0000E+00     0.4867E+03     0.0000E+00     0.4859E+03     0.1545E+01     0.1229E+03     0.2416E+02     0.3618E+02     0.4612E+05
    67     3     8  1982      29      29  cha029               0.1751E+00     0.0000E+00     0.1750E+00     0.1872E+00     0.4286E+03     0.4286E+03     0.0000E+00     0.0000E+00     0.0000E+00     0.2900E+03     0.0000E+00     0.0000E+00     0.2818E+01     0.4405E+02     0.3411E+00     0.2659E+02     0.0000E+00     0.0000E+00     0.2756E+03     0.0000E+00     0.2755E+03     0.1072E+00     0.9586E+02     0.1278E+02     0.2005E+02     0.1292E+05
    67     3     8  1982      30      30  cha030               0.5260E+00     0.0000E+00     0.5250E+00     0.5260E+00     0.9219E+03     0.9219E+03     0.0000E+00     0.0000E+00     0.0000E+00     0.3610E+04     0.0000E+00     0.0000E+00     0.3857E+01     0.7369E+02     0.2374E+00     0.4322E+02     0.0000E+00     0.0000E+00     0.4907E+03     0.0000E+00     0.4898E+03     0.1350E+01     0.9545E+02     0.1967E+02     0.3883E+02     0.5681E+05
    67     3     8  1982      31      31  cha031               0.7915E+02     0.0000E+00     0.7915E+02     0.7915E+02     0.5713E+06     0.5707E+06     0.0000E+00     0.0000E+00     0.5713E+03     0.0000E+00     0.3532E-02     0.0000E+00     0.7896E+02     0.2019E+01     0.1000E-04     0.0000E+00     0.3644E-03     0.0000E+00     0.4819E+03     0.0000E+00     0.4819E+03     0.2462E+01     0.4010E+05     0.1689E+05     0.1778E+01     0.1369E+02
    67     3     8  1982      32      32  cha032               0.7850E+02     0.0000E+00     0.7818E+02     0.7850E+02     0.5694E+06     0.5694E+06     0.0000E+00     0.0000E+00     0.0000E+00     0.1345E+06     0.0000E+00     0.0000E+00     0.7847E+02     0.8420E+02     0.2095E-01     0.4033E+02     0.0000E+00     0.0000E+00     0.4829E+03     0.0000E+00     0.4810E+03     0.1612E+04     0.3981E+05     0.1683E+05     0.5118E+02     0.1550E+06
    67     3     8  1982      33      33  cha033               0.7675E+02     0.0000E+00     0.7658E+02     0.7675E+02     0.5612E+06     0.5612E+06     0.0000E+00     0.0000E+00     0.0000E+00     0.1347E+06     0.0000E+00     0.0000E+00     0.7739E+02     0.1358E+03     0.3704E-01     0.6199E+02     0.0000E+00     0.0000E+00     0.4832E+03     0.0000E+00     0.4822E+03     0.8762E+03     0.3934E+05     0.1534E+05     0.8473E+02     0.4944E+06
    67     3     8  1982      34      34  cha034               0.7252E+02     0.0000E+00     0.7249E+02     0.7252E+02     0.5443E+06     0.5443E+06     0.0000E+00     0.0000E+00     0.0000E+00     0.3476E+05     0.0000E+00     0.0000E+00     0.7495E+02     0.1667E+03     0.4841E-01     0.7484E+02     0.0000E+00     0.0000E+00     0.4816E+03     0.0000E+00     0.4814E+03     0.1739E+03     0.3797E+05     0.1419E+05     0.1050E+03     0.8201E+06
    67     3     8  1982      35      35  cha035               0.6938E+02     0.0000E+00     0.6911E+02     0.6938E+02     0.5310E+06     0.5310E+06     0.0000E+00     0.0000E+00     0.0000E+00     0.1404E+06     0.0000E+00     0.0000E+00     0.7316E+02     0.9406E+02     0.2509E-01     0.4458E+02     0.0000E+00     0.0000E+00     0.4798E+03     0.0000E+00     0.4779E+03     0.1461E+04     0.3690E+05     0.1375E+05     0.5749E+02     0.1941E+06
    67     3     8  1982      36      36  cha036               0.1993E+02     0.0000E+00     0.1984E+02     0.1993E+02     0.1459E+06     0.1459E+06     0.0000E+00     0.0000E+00     0.0000E+00     0.9660E+05     0.0000E+00     0.0000E+00     0.3905E+02     0.1550E+03     0.5820E-01     0.5432E+02     0.0000E+00     0.0000E+00     0.3923E+03     0.0000E+00     0.3906E+03     0.3856E+03     0.1319E+05     0.3370E+04     0.1040E+03     0.5607E+06
    67     3     8  1982      37      37  cha037               0.1825E+02     0.0000E+00     0.1822E+02     0.1825E+02     0.1311E+06     0.1311E+06     0.0000E+00     0.0000E+00     0.0000E+00     0.3358E+05     0.0000E+00     0.0000E+00     0.3738E+02     0.1277E+03     0.4533E-01     0.4380E+02     0.0000E+00     0.0000E+00     0.3866E+03     0.0000E+00     0.3858E+03     0.1710E+03     0.1224E+05     0.2886E+04     0.8618E+02     0.3256E+06
    67     3     8  1982      38      38  cha038               0.1697E+02     0.0000E+00     0.1694E+02     0.1697E+02     0.1201E+06     0.1201E+06     0.0000E+00     0.0000E+00     0.0000E+00     0.3095E+05     0.0000E+00     0.0000E+00     0.3606E+02     0.1576E+03     0.5803E-01     0.5188E+02     0.0000E+00     0.0000E+00     0.3814E+03     0.0000E+00     0.3808E+03     0.1183E+03     0.1159E+05     0.2604E+04     0.1079E+03     0.5762E+06
    67     3     8  1982      39      39  cha039               0.5243E+01     0.0000E+00     0.5232E+01     0.5243E+01     0.1428E+05     0.1428E+05     0.0000E+00     0.0000E+00     0.1938E+01     0.2335E+05     0.0000E+00     0.0000E+00     0.1548E+02     0.9967E+02     0.1033E+00     0.5751E+02     0.0000E+00     0.0000E+00     0.4826E+03     0.0000E+00     0.4816E+03     0.2150E+02     0.1447E+04     0.3149E+03     0.5287E+02     0.1191E+06
    67     3     8  1982      40      40  cha040               0.3475E+01     0.0000E+00     0.3467E+01     0.3475E+01     0.1285E+05     0.1285E+05     0.0000E+00     0.0000E+00     0.3038E+01     0.1961E+05     0.0000E+00     0.0000E+00     0.1159E+02     0.1029E+03     0.9690E-01     0.5139E+02     0.0000E+00     0.0000E+00     0.5180E+03     0.0000E+00     0.5167E+03     0.2706E+02     0.1171E+04     0.2539E+03     0.6046E+02     0.1319E+06
    67     3     8  1982      41      41  cha041               0.2841E+01     0.0000E+00     0.2838E+01     0.2841E+01     0.7792E+04     0.7792E+04     0.0000E+00     0.0000E+00     0.0000E+00     0.1123E+05     0.0000E+00     0.0000E+00     0.1072E+02     0.1263E+03     0.1907E+00     0.7316E+02     0.0000E+00     0.0000E+00     0.4825E+03     0.0000E+00     0.4821E+03     0.5847E+01     0.7920E+03     0.1661E+03     0.6680E+02     0.2420E+06
    67     3     8  1982      42      42  cha042               0.2354E+01     0.0000E+00     0.2352E+01     0.2354E+01     0.5781E+04     0.5781E+04     0.0000E+00     0.0000E+00     0.0000E+00     0.1232E+05     0.0000E+00     0.0000E+00     0.9562E+01     0.1553E+03     0.2779E+00     0.9016E+02     0.0000E+00     0.0000E+00     0.4836E+03     0.0000E+00     0.4832E+03     0.3967E+01     0.5944E+03     0.1250E+03     0.8198E+02     0.4649E+06
    67     3     8  1982      43      43  cha043               0.2398E+01     0.0000E+00     0.2394E+01     0.2398E+01     0.8433E+04     0.8432E+04     0.0000E+00     0.0000E+00     0.1198E+01     0.1031E+05     0.0000E+00     0.0000E+00     0.9711E+01     0.8602E+02     0.1227E+00     0.4992E+02     0.0000E+00     0.0000E+00     0.4801E+03     0.0000E+00     0.4793E+03     0.1125E+02     0.8329E+03     0.1713E+03     0.4529E+02     0.7585E+05
    67     3     8  1982      44      44  cha044               0.8195E+00     0.0000E+00     0.8165E+00     0.8195E+00     0.4128E+04     0.4127E+04     0.0000E+00     0.0000E+00     0.1145E+01     0.6497E+04     0.0000E+00     0.0000E+00     0.5070E+01     0.6093E+02     0.1297E+00     0.3448E+02     0.0000E+00     0.0000E+00     0.4848E+03     0.0000E+00     0.4830E+03     0.1216E+02     0.2823E+03     0.6442E+02     0.3303E+02     0.2957E+05
    67     3     8  1982      45      45  cha045               0.3034E+01     0.0000E+00     0.3022E+01     0.3034E+01     0.1491E+05     0.1490E+05     0.0000E+00     0.0000E+00     0.4068E+01     0.3036E+05     0.0000E+00     0.0000E+00     0.1069E+02     0.1028E+03     0.1246E+00     0.5761E+02     0.0000E+00     0.0000E+00     0.5172E+03     0.0000E+00     0.5152E+03     0.4498E+02     0.1008E+04     0.2412E+03     0.5679E+02     0.1303E+06
    67     3     8  1982      46      46  cha046               0.9391E+00     0.0000E+00     0.9349E+00     0.9391E+00     0.4585E+04     0.4585E+04     0.0000E+00     0.0000E+00     0.6794E+00     0.1462E+05     0.0000E+00     0.0000E+00     0.5292E+01     0.9239E+02     0.2022E+00     0.5183E+02     0.0000E+00     0.0000E+00     0.5171E+03     0.0000E+00     0.5148E+03     0.1631E+02     0.3118E+03     0.7257E+02     0.5095E+02     0.1060E+06
    67     3     8  1982      47      47  cha047               0.1213E+01     0.0000E+00     0.1207E+01     0.1213E+01     0.2812E+04     0.2812E+04     0.0000E+00     0.0000E+00     0.0000E+00     0.1963E+05     0.0000E+00     0.0000E+00     0.6404E+01     0.9602E+02     0.2074E+00     0.5610E+02     0.0000E+00     0.0000E+00     0.4859E+03     0.0000E+00     0.4837E+03     0.9398E+01     0.2916E+03     0.6063E+02     0.5050E+02     0.1129E+06
    67     3     8  1982      48      48  cha048               0.9896E+00     0.0000E+00     0.9854E+00     0.9896E+00     0.2091E+04     0.2091E+04     0.0000E+00     0.0000E+00     0.0000E+00     0.1600E+05     0.0000E+00     0.0000E+00     0.5661E+01     0.9491E+02     0.2288E+00     0.5550E+02     0.0000E+00     0.0000E+00     0.4870E+03     0.0000E+00     0.4850E+03     0.6563E+01     0.2178E+03     0.4542E+02     0.4993E+02     0.1121E+06
    67     3     8  1982      49      49  cha049               0.1163E+01     0.0000E+00     0.1160E+01     0.1163E+01     0.3882E+04     0.3882E+04     0.0000E+00     0.0000E+00     0.0000E+00     0.1308E+05     0.0000E+00     0.0000E+00     0.6290E+01     0.1079E+03     0.2508E+00     0.6297E+02     0.0000E+00     0.0000E+00     0.4801E+03     0.0000E+00     0.4789E+03     0.7230E+01     0.3952E+03     0.7741E+02     0.5664E+02     0.1636E+06
    67     3     8  1982      50      50  cha050               0.4891E+00     0.0000E+00     0.4882E+00     0.4891E+00     0.8268E+04     0.8268E+04     0.0000E+00     0.0000E+00     0.0000E+00     0.4287E+04     0.0000E+00     0.0000E+00     0.3729E+01     0.8310E+02     0.2953E+00     0.4850E+02     0.0000E+00     0.0000E+00     0.4826E+03     0.0000E+00     0.4817E+03     0.1250E+02     0.3944E+03     0.7051E+02     0.4366E+02     0.8424E+05
    67     3     8  1982      51      51  cha051               0.3220E+01     0.0000E+00     0.3212E+01     0.3220E+01     0.1156E+05     0.1156E+05     0.0000E+00     0.0000E+00     0.0000E+00     0.2715E+05     0.0000E+00     0.0000E+00     0.1094E+02     0.1210E+03     0.1482E+00     0.6900E+02     0.0000E+00     0.0000E+00     0.5285E+03     0.0000E+00     0.5272E+03     0.2408E+02     0.1117E+04     0.2343E+03     0.6760E+02     0.2141E+06
    67     3     8  1982      52      52  cha052               0.1313E+01     0.0000E+00     0.1312E+01     0.1313E+01     0.5110E+04     0.5109E+04     0.0000E+00     0.0000E+00     0.7471E+00     0.2991E+04     0.0000E+00     0.0000E+00     0.6781E+01     0.6788E+02     0.1218E+00     0.3951E+02     0.0000E+00     0.0000E+00     0.4784E+03     0.0000E+00     0.4779E+03     0.4001E+01     0.5095E+03     0.9914E+02     0.3558E+02     0.3816E+05
    67     3     8  1982      53      53  cha053               0.8777E+00     0.0000E+00     0.8771E+00     0.8777E+00     0.1067E+05     0.1067E+05     0.0000E+00     0.0000E+00     0.0000E+00     0.2530E+04     0.0000E+00     0.0000E+00     0.5307E+01     0.8833E+02     0.2206E+00     0.5155E+02     0.0000E+00     0.0000E+00     0.4810E+03     0.0000E+00     0.4807E+03     0.6170E+01     0.5994E+03     0.1123E+03     0.4631E+02     0.9025E+05
    67     3     8  1982      54      54  cha054               0.1928E+01     0.0000E+00     0.1924E+01     0.1928E+01     0.5623E+04     0.5623E+04     0.0000E+00     0.0000E+00     0.0000E+00     0.1852E+05     0.0000E+00     0.0000E+00     0.7834E+01     0.1299E+03     0.2073E+00     0.7404E+02     0.0000E+00     0.0000E+00     0.5522E+03     0.0000E+00     0.5511E+03     0.1012E+02     0.5458E+03     0.1086E+03     0.7325E+02     0.2807E+06
    67     3     8  1982      55      55  cha055               0.1811E+01     0.0000E+00     0.1807E+01     0.1811E+01     0.3861E+04     0.3861E+04     0.0000E+00     0.0000E+00     0.0000E+00     0.2719E+05     0.0000E+00     0.0000E+00     0.8139E+01     0.1441E+03     0.2906E+00     0.8428E+02     0.0000E+00     0.0000E+00     0.4867E+03     0.0000E+00     0.4855E+03     0.7597E+01     0.3963E+03     0.8382E+02     0.7587E+02     0.3808E+06
    67     3     8  1982      56      56  cha056               0.3240E+00     0.0000E+00     0.3238E+00     0.3295E+00     0.1291E+04     0.1291E+04     0.0000E+00     0.0000E+00     0.1953E+00     0.7191E+03     0.0000E+00     0.0000E+00     0.2927E+01     0.4813E+02     0.1860E+00     0.2804E+02     0.0000E+00     0.0000E+00     0.4789E+03     0.0000E+00     0.4785E+03     0.9013E+00     0.1285E+03     0.2380E+02     0.2523E+02     0.1646E+05
    67     3     8  1982      57      57  cha057               0.5996E+00     0.0000E+00     0.5990E+00     0.5996E+00     0.1227E+04     0.1227E+04     0.0000E+00     0.0000E+00     0.0000E+00     0.3104E+04     0.0000E+00     0.0000E+00     0.3797E+01     0.1032E+03     0.2900E+00     0.5809E+02     0.0000E+00     0.0000E+00     0.5742E+03     0.0000E+00     0.5736E+03     0.1067E+01     0.1241E+03     0.2308E+02     0.5904E+02     0.1695E+06
    67     3     8  1982      58      58  cha058               0.6920E+00     0.0000E+00     0.6909E+00     0.6920E+00     0.2498E+04     0.2498E+04     0.0000E+00     0.0000E+00     0.0000E+00     0.7967E+04     0.0000E+00     0.0000E+00     0.4610E+01     0.1202E+03     0.3941E+00     0.7007E+02     0.0000E+00     0.0000E+00     0.4796E+03     0.0000E+00     0.4788E+03     0.3295E+01     0.2512E+03     0.4810E+02     0.6311E+02     0.2535E+06
    67     3     8  1982      59      59  cha059               0.3600E+00     0.0000E+00     0.3599E+00     0.3600E+00     0.1524E+04     0.1524E+04     0.0000E+00     0.0000E+00     0.0000E+00     0.5497E+03     0.0000E+00     0.0000E+00     0.3123E+01     0.7373E+02     0.3100E+00     0.4296E+02     0.0000E+00     0.0000E+00     0.4775E+03     0.0000E+00     0.4773E+03     0.4086E+00     0.1516E+03     0.2724E+02     0.3866E+02     0.6185E+05
    67     3     8  1982      60      60  cha060               0.7577E+00     0.0000E+00     0.7562E+00     0.7577E+00     0.1914E+04     0.1914E+04     0.0000E+00     0.0000E+00     0.5015E+00     0.5706E+04     0.0000E+00     0.0000E+00     0.4370E+01     0.8542E+02     0.1942E+00     0.4839E+02     0.0000E+00     0.0000E+00     0.5741E+03     0.0000E+00     0.5729E+03     0.3594E+01     0.1867E+03     0.3585E+02     0.4867E+02     0.8766E+05
    67     3     8  1982      61      61  cha061               0.5407E+00     0.0000E+00     0.5398E+00     0.5407E+00     0.2204E+04     0.2204E+04     0.0000E+00     0.0000E+00     0.0000E+00     0.4492E+04     0.0000E+00     0.0000E+00     0.3982E+01     0.9123E+02     0.3149E+00     0.5319E+02     0.0000E+00     0.0000E+00     0.4783E+03     0.0000E+00     0.4776E+03     0.2852E+01     0.2183E+03     0.4170E+02     0.4787E+02     0.1107E+06
    67     3     8  1982      62      62  cha062               0.3112E+00     0.0000E+00     0.3111E+00     0.3294E+00     0.9523E+03     0.9523E+03     0.0000E+00     0.0000E+00     0.0000E+00     0.4891E+03     0.0000E+00     0.0000E+00     0.2839E+01     0.6599E+02     0.2796E+00     0.3854E+02     0.0000E+00     0.0000E+00     0.4838E+03     0.0000E+00     0.4836E+03     0.2812E+00     0.9603E+02     0.1764E+02     0.3467E+02     0.4401E+05
    67     3     8  1982      63      63  cha063               0.8037E+00     0.0000E+00     0.8009E+00     0.8037E+00     0.2846E+04     0.2846E+04     0.0000E+00     0.0000E+00     0.0000E+00     0.1260E+05     0.0000E+00     0.0000E+00     0.4813E+01     0.9722E+02     0.2418E+00     0.5592E+02     0.0000E+00     0.0000E+00     0.5183E+03     0.0000E+00     0.5165E+03     0.8646E+01     0.2779E+03     0.5566E+02     0.5352E+02     0.1285E+06
    67     3     8  1982      64      64  cha064               0.2961E+00     0.0000E+00     0.2961E+00     0.3254E+00     0.9731E+03     0.9729E+03     0.0000E+00     0.0000E+00     0.1451E+00     0.2166E+02     0.0000E+00     0.0000E+00     0.2759E+01     0.4486E+02     0.1667E+00     0.2616E+02     0.0000E+00     0.0000E+00     0.4828E+03     0.0000E+00     0.4828E+03     0.2244E-01     0.9766E+02     0.1753E+02     0.2356E+02     0.1299E+05
    67     3     8  1982      65      65  cha065               0.5739E+00     0.0000E+00     0.5725E+00     0.5739E+00     0.6060E+03     0.6059E+03     0.0000E+00     0.0000E+00     0.1684E+00     0.2382E+04     0.0000E+00     0.0000E+00     0.4052E+01     0.4654E+02     0.1194E+00     0.2730E+02     0.0000E+00     0.0000E+00     0.4930E+03     0.0000E+00     0.4919E+03     0.1110E+01     0.6618E+02     0.1475E+02     0.2456E+02     0.1343E+05
    67     3     8  1982      66      66  cha066               0.5309E+00     0.0000E+00     0.5299E+00     0.5309E+00     0.9532E+04     0.9532E+04     0.0000E+00     0.0000E+00     0.0000E+00     0.4742E+04     0.0000E+00     0.0000E+00     0.3925E+01     0.8573E+02     0.2922E+00     0.5000E+02     0.0000E+00     0.0000E+00     0.4809E+03     0.0000E+00     0.4800E+03     0.1448E+02     0.4866E+03     0.8750E+02     0.4502E+02     0.9126E+05
    67     3     8  1982      67      67  cha067               0.4019E+00     0.0000E+00     0.4015E+00     0.4019E+00     0.1945E+04     0.1945E+04     0.0000E+00     0.0000E+00     0.0000E+00     0.1617E+04     0.0000E+00     0.0000E+00     0.3177E+01     0.7833E+02     0.2792E+00     0.4399E+02     0.0000E+00     0.0000E+00     0.5179E+03     0.0000E+00     0.5175E+03     0.1519E+01     0.1327E+03     0.2863E+02     0.4319E+02     0.7538E+05
    67     3     8  1982      68      68  cha068               0.7074E+00     0.0000E+00     0.7058E+00     0.7074E+00     0.1107E+04     0.1107E+04     0.0000E+00     0.0000E+00     0.3032E+00     0.3104E+04     0.0000E+00     0.0000E+00     0.4610E+01     0.5213E+02     0.1218E+00     0.3049E+02     0.0000E+00     0.0000E+00     0.4902E+03     0.0000E+00     0.4891E+03     0.1965E+01     0.1172E+03     0.2449E+02     0.2747E+02     0.1838E+05
    67     3     8  1982      69      69  cha069               0.8817E+00     0.0000E+00     0.8799E+00     0.8817E+00     0.2617E+04     0.2617E+04     0.0000E+00     0.0000E+00     0.0000E+00     0.1112E+05     0.0000E+00     0.0000E+00     0.5312E+01     0.1200E+03     0.3400E+00     0.7000E+02     0.0000E+00     0.0000E+00     0.4825E+03     0.0000E+00     0.4815E+03     0.4200E+01     0.2658E+03     0.5211E+02     0.6307E+02     0.2404E+06
    67     3     8  1982      70      70  cha070               0.6825E+02     0.0000E+00     0.6824E+02     0.6825E+02     0.5250E+06     0.5250E+06     0.0000E+00     0.0000E+00     0.0000E+00     0.2311E+05     0.0000E+00     0.0000E+00     0.7242E+02     0.2461E+03     0.8284E-01     0.1101E+03     0.0000E+00     0.0000E+00     0.4800E+03     0.0000E+00     0.4799E+03     0.6657E+02     0.3646E+05     0.1254E+05     0.1552E+03     0.2259E+07
    67     3     8  1982      71      71  cha071               0.6699E+02     0.0000E+00     0.6690E+02     0.6699E+02     0.5198E+06     0.5198E+06     0.0000E+00     0.0000E+00     0.0000E+00     0.7110E+05     0.0000E+00     0.0000E+00     0.7155E+02     0.1180E+03     0.3282E-01     0.5436E+02     0.0000E+00     0.0000E+00     0.4808E+03     0.0000E+00     0.4801E+03     0.5575E+03     0.3589E+05     0.1235E+05     0.7332E+02     0.3347E+06
    67     3     8  1982      72      72  cha072               0.6551E+02     0.0000E+00     0.6545E+02     0.6551E+02     0.5137E+06     0.5137E+06     0.0000E+00     0.0000E+00     0.0000E+00     0.4909E+05     0.0000E+00     0.0000E+00     0.7054E+02     0.1261E+03     0.3549E-01     0.5744E+02     0.0000E+00     0.0000E+00     0.4814E+03     0.0000E+00     0.4809E+03     0.3565E+03     0.3529E+05     0.1171E+05     0.7877E+02     0.3916E+06
    67     3     8  1982      73      73  cha073               0.5759E+02     0.0000E+00     0.5753E+02     0.5759E+02     0.4904E+06     0.4904E+06     0.0000E+00     0.0000E+00     0.0000E+00     0.4300E+05     0.0000E+00     0.0000E+00     0.6554E+02     0.1127E+03     0.3206E-01     0.5130E+02     0.0000E+00     0.0000E+00     0.4783E+03     0.0000E+00     0.4778E+03     0.3795E+03     0.3285E+05     0.1083E+05     0.7038E+02     0.2847E+06
    67     3     8  1982      74      74  cha074               0.5719E+02     0.0000E+00     0.5714E+02     0.5719E+02     0.4894E+06     0.4894E+06     0.0000E+00     0.0000E+00     0.0000E+00     0.1947E+05     0.0000E+00     0.0000E+00     0.6529E+02     0.7859E+02     0.2120E-01     0.3719E+02     0.0000E+00     0.0000E+00     0.4780E+03     0.0000E+00     0.4777E+03     0.2705E+03     0.3274E+05     0.1047E+05     0.4799E+02     0.1172E+06
    67     3     8  1982      75      75  cha075               0.5682E+02     0.0000E+00     0.5672E+02     0.5682E+02     0.4883E+06     0.4883E+06     0.0000E+00     0.0000E+00     0.0000E+00     0.7972E+05     0.0000E+00     0.0000E+00     0.6497E+02     0.1221E+03     0.3561E-01     0.5532E+02     0.0000E+00     0.0000E+00     0.4789E+03     0.0000E+00     0.4780E+03     0.6319E+03     0.3259E+05     0.1018E+05     0.7645E+02     0.3467E+06
    67     3     8  1982      76      76  cha076               0.5251E+02     0.0000E+00     0.5239E+02     0.5251E+02     0.4768E+06     0.4768E+06     0.0000E+00     0.0000E+00     0.0000E+00     0.1046E+06     0.0000E+00     0.0000E+00     0.6206E+02     0.1321E+03     0.3996E-01     0.5909E+02     0.0000E+00     0.0000E+00     0.4776E+03     0.0000E+00     0.4765E+03     0.7720E+03     0.3136E+05     0.9428E+04     0.8327E+02     0.4147E+06
    67     3     8  1982      77      77  cha077               0.4973E+02     0.0000E+00     0.4971E+02     0.4973E+02     0.4689E+06     0.4689E+06     0.0000E+00     0.0000E+00     0.0000E+00     0.2695E+05     0.0000E+00     0.0000E+00     0.6024E+02     0.1498E+03     0.4744E-01     0.6632E+02     0.0000E+00     0.0000E+00     0.4754E+03     0.0000E+00     0.4752E+03     0.1707E+03     0.3059E+05     0.8719E+04     0.9498E+02     0.5676E+06
    67     3     8  1982      78      78  cha078               0.3315E+02     0.0000E+00     0.3305E+02     0.3315E+02     0.2786E+06     0.2786E+06     0.0000E+00     0.0000E+00     0.0000E+00     0.1391E+06     0.0000E+00     0.0000E+00     0.4926E+02     0.1764E+03     0.6189E-01     0.6993E+02     0.0000E+00     0.0000E+00     0.4432E+03     0.0000E+00     0.4418E+03     0.5971E+03     0.2092E+05     0.5867E+04     0.1154E+03     0.8282E+06
    67     3     8  1982      79      79  cha079               0.2519E+02     0.0000E+00     0.2514E+02     0.2519E+02     0.1682E+06     0.1682E+06     0.0000E+00     0.0000E+00     0.0000E+00     0.9065E+05     0.0000E+00     0.0000E+00     0.4338E+02     0.2257E+03     0.8819E-01     0.8227E+02     0.0000E+00     0.0000E+00     0.4163E+03     0.0000E+00     0.4154E+03     0.2095E+03     0.1520E+05     0.4233E+04     0.1508E+03     0.1620E+07
    67     3     8  1982      80      80  cha080               0.2414E+02     0.0000E+00     0.2411E+02     0.2414E+02     0.1621E+06     0.1621E+06     0.0000E+00     0.0000E+00     0.0000E+00     0.5916E+05     0.0000E+00     0.0000E+00     0.4277E+02     0.2403E+03     0.1038E+00     0.9089E+02     0.0000E+00     0.0000E+00     0.4083E+03     0.0000E+00     0.4079E+03     0.1155E+03     0.1476E+05     0.3953E+04     0.1583E+03     0.1948E+07
    67     3     8  1982      81      81  cha081               0.2326E+02     0.0000E+00     0.2323E+02     0.2326E+02     0.1584E+06     0.1584E+06     0.0000E+00     0.0000E+00     0.0000E+00     0.5443E+05     0.0000E+00     0.0000E+00     0.4199E+02     0.2127E+03     0.8803E-01     0.7925E+02     0.0000E+00     0.0000E+00     0.4059E+03     0.0000E+00     0.4054E+03     0.1284E+03     0.1442E+05     0.3762E+04     0.1408E+03     0.1374E+07
    67     3     8  1982      82      82  cha082               0.1667E+02     0.0000E+00     0.1662E+02     0.1667E+02     0.1911E+06     0.1911E+06     0.0000E+00     0.0000E+00     0.0000E+00     0.1632E+06     0.0000E+00     0.0000E+00     0.2829E+02     0.2077E+03     0.1315E+00     0.1125E+03     0.0000E+00     0.0000E+00     0.5618E+03     0.0000E+00     0.5602E+03     0.4589E+03     0.9653E+04     0.2702E+04     0.1229E+03     0.1094E+07
    67     3     8  1982      83      83  cha083               0.7843E+01     0.0000E+00     0.7812E+01     0.7843E+01     0.2283E+05     0.2283E+05     0.0000E+00     0.0000E+00     0.3077E+01     0.5040E+05     0.0000E+00     0.0000E+00     0.1904E+02     0.1099E+03     0.7291E-01     0.5332E+02     0.0000E+00     0.0000E+00     0.5114E+03     0.0000E+00     0.5094E+03     0.6810E+02     0.2393E+04     0.5237E+03     0.6515E+02     0.1652E+06
    67     3     8  1982      84      84  cha084               0.6705E+01     0.0000E+00     0.6695E+01     0.6705E+01     0.1050E+06     0.1050E+06     0.0000E+00     0.0000E+00     0.0000E+00     0.6471E+05     0.0000E+00     0.0000E+00     0.1617E+02     0.2255E+03     0.2310E+00     0.1258E+03     0.0000E+00     0.0000E+00     0.5740E+03     0.0000E+00     0.5731E+03     0.1449E+03     0.5208E+04     0.1107E+04     0.1305E+03     0.1412E+07
    67     3     8  1982      85      85  cha085               0.4428E+01     0.0000E+00     0.4414E+01     0.4428E+01     0.2012E+05     0.2010E+05     0.0000E+00     0.0000E+00     0.1120E+02     0.9856E+04     0.0000E+00     0.0000E+00     0.1264E+02     0.4812E+02     0.3353E-01     0.2724E+02     0.0000E+00     0.0000E+00     0.5715E+03     0.0000E+00     0.5698E+03     0.5134E+02     0.1260E+04     0.2642E+03     0.2731E+02     0.1444E+05
    67     3     8  1982      86      86  cha086               0.4020E+01     0.0000E+00     0.4017E+01     0.4020E+01     0.1053E+05     0.1053E+05     0.0000E+00     0.0000E+00     0.1381E+01     0.7253E+04     0.0000E+00     0.0000E+00     0.1273E+02     0.1037E+03     0.9179E-01     0.5127E+02     0.0000E+00     0.0000E+00     0.5124E+03     0.0000E+00     0.5120E+03     0.7346E+01     0.1116E+04     0.2331E+03     0.6089E+02     0.1349E+06
    67     3     8  1982      87      87  cha087               0.2983E+01     0.0000E+00     0.2979E+01     0.2983E+01     0.7963E+04     0.7962E+04     0.0000E+00     0.0000E+00     0.1078E+01     0.9634E+04     0.0000E+00     0.0000E+00     0.1104E+02     0.8342E+02     0.1040E+00     0.4826E+02     0.0000E+00     0.0000E+00     0.4824E+03     0.0000E+00     0.4816E+03     0.9217E+01     0.8072E+03     0.1740E+03     0.4415E+02     0.6909E+05
    67     3     8  1982      88      88  cha088               0.2890E+01     0.0000E+00     0.2878E+01     0.2890E+01     0.3999E+04     0.3996E+04     0.0000E+00     0.0000E+00     0.2201E+01     0.9457E+04     0.0000E+00     0.0000E+00     0.9772E+01     0.4697E+02     0.4017E-01     0.2663E+02     0.0000E+00     0.0000E+00     0.5725E+03     0.0000E+00     0.5703E+03     0.1380E+02     0.4203E+03     0.9301E+02     0.2659E+02     0.1291E+05
    67     3     8  1982      89      89  cha089               0.2950E+01     0.0000E+00     0.2942E+01     0.2950E+01     0.5924E+05     0.5922E+05     0.0000E+00     0.0000E+00     0.1476E+02     0.2632E+05     0.0000E+00     0.0000E+00     0.9887E+01     0.1123E+03     0.1325E+00     0.6333E+02     0.0000E+00     0.0000E+00     0.5732E+03     0.0000E+00     0.5716E+03     0.1527E+03     0.3097E+04     0.6391E+03     0.6417E+02     0.1717E+06
    67     3     8  1982      90      90  cha090               0.2099E+01     0.0000E+00     0.2085E+01     0.2099E+01     0.5449E+04     0.5448E+04     0.0000E+00     0.0000E+00     0.8200E+00     0.4629E+05     0.0000E+00     0.0000E+00     0.8732E+01     0.1104E+03     0.1855E+00     0.6453E+02     0.0000E+00     0.0000E+00     0.5016E+03     0.0000E+00     0.4983E+03     0.2573E+02     0.5631E+03     0.1188E+03     0.5809E+02     0.1620E+06
    67     3     8  1982      91      91  cha091               0.1651E+01     0.0000E+00     0.1647E+01     0.1651E+01     0.3615E+04     0.3615E+04     0.0000E+00     0.0000E+00     0.0000E+00     0.2140E+05     0.0000E+00     0.0000E+00     0.7707E+01     0.1208E+03     0.2377E+00     0.7067E+02     0.0000E+00     0.0000E+00     0.4860E+03     0.0000E+00     0.4846E+03     0.7754E+01     0.3692E+03     0.7988E+02     0.6355E+02     0.2206E+06
    67     3     8  1982      92      92  cha092               0.6498E+00     0.0000E+00     0.6483E+00     0.6498E+00     0.1641E+05     0.1641E+05     0.0000E+00     0.0000E+00     0.2295E+01     0.5621E+04     0.0000E+00     0.0000E+00     0.3985E+01     0.8269E+02     0.2037E+00     0.4665E+02     0.0000E+00     0.0000E+00     0.5741E+03     0.0000E+00     0.5728E+03     0.3551E+02     0.8326E+03     0.1582E+03     0.4723E+02     0.8183E+05
    67     3     8  1982      93      93  cha093               0.1054E+01     0.0000E+00     0.1050E+01     0.1054E+01     0.3080E+04     0.3080E+04     0.0000E+00     0.0000E+00     0.0000E+00     0.1296E+05     0.0000E+00     0.0000E+00     0.5913E+01     0.8987E+02     0.2051E+00     0.5245E+02     0.0000E+00     0.0000E+00     0.4823E+03     0.0000E+00     0.4806E+03     0.8047E+01     0.3133E+03     0.6340E+02     0.4721E+02     0.9352E+05
    67     3     8  1982      94      94  cha094               0.1111E+01     0.0000E+00     0.1108E+01     0.1111E+01     0.1573E+05     0.1572E+05     0.0000E+00     0.0000E+00     0.8611E+01     0.3905E+04     0.0000E+00     0.0000E+00     0.5496E+01     0.4997E+02     0.7300E-01     0.2819E+02     0.0000E+00     0.0000E+00     0.5742E+03     0.0000E+00     0.5728E+03     0.3628E+02     0.9631E+03     0.1956E+03     0.2850E+02     0.1573E+05
    67     3     8  1982      95      95  cha095               0.7550E+00     0.0000E+00     0.7524E+00     0.7550E+00     0.2442E+04     0.2442E+04     0.0000E+00     0.0000E+00     0.0000E+00     0.1052E+05     0.0000E+00     0.0000E+00     0.4848E+01     0.8918E+02     0.2472E+00     0.5205E+02     0.0000E+00     0.0000E+00     0.4812E+03     0.0000E+00     0.4795E+03     0.6428E+01     0.2453E+03     0.4951E+02     0.4682E+02     0.9632E+05
    67     3     8  1982      96      96  cha096               0.1545E+01     0.0000E+00     0.1537E+01     0.1545E+01     0.1978E+04     0.1977E+04     0.0000E+00     0.0000E+00     0.1469E+01     0.7402E+04     0.0000E+00     0.0000E+00     0.6700E+01     0.4018E+02     0.4549E-01     0.2264E+02     0.0000E+00     0.0000E+00     0.5743E+03     0.0000E+00     0.5713E+03     0.1032E+02     0.2125E+03     0.4508E+02     0.2285E+02     0.8167E+04
    67     3     8  1982      97      97  cha097               0.1335E+01     0.0000E+00     0.1332E+01     0.1335E+01     0.5772E+04     0.5771E+04     0.0000E+00     0.0000E+00     0.8676E+00     0.5482E+04     0.0000E+00     0.0000E+00     0.6863E+01     0.6698E+02     0.1191E+00     0.3900E+02     0.0000E+00     0.0000E+00     0.4767E+03     0.0000E+00     0.4758E+03     0.8392E+01     0.5702E+03     0.1124E+03     0.3507E+02     0.3665E+05
    67     3     8  1982      98      98  cha098               0.4898E+00     0.0000E+00     0.4890E+00     0.4898E+00     0.6336E+03     0.6334E+03     0.0000E+00     0.0000E+00     0.1659E+00     0.1291E+04     0.0000E+00     0.0000E+00     0.3362E+01     0.4318E+02     0.1044E+00     0.2444E+02     0.0000E+00     0.0000E+00     0.5743E+03     0.0000E+00     0.5734E+03     0.9421E+00     0.6695E+02     0.1345E+02     0.2459E+02     0.1143E+05
    67     3     8  1982      99      99  cha099               0.5467E+00     0.0000E+00     0.5461E+00     0.5467E+00     0.1596E+04     0.1596E+04     0.0000E+00     0.0000E+00     0.0000E+00     0.4322E+04     0.0000E+00     0.0000E+00     0.3982E+01     0.1118E+03     0.4123E+00     0.6523E+02     0.0000E+00     0.0000E+00     0.4836E+03     0.0000E+00     0.4831E+03     0.1455E+01     0.1616E+03     0.3084E+02     0.5883E+02     0.2125E+06
    67     3     8  1982     100     100  cha100               0.3185E+01     0.0000E+00     0.3184E+01     0.3185E+01     0.3341E+05     0.3341E+05     0.0000E+00     0.0000E+00     0.0000E+00     0.3146E+04     0.0000E+00     0.0000E+00     0.1036E+02     0.1957E+03     0.2669E+00     0.1095E+03     0.0000E+00     0.0000E+00     0.5722E+03     0.0000E+00     0.5721E+03     0.4331E+01     0.1682E+04     0.3298E+03     0.1129E+03     0.9673E+06
    67     3     8  1982     101     101  cha101               0.2466E+01     0.0000E+00     0.2461E+01     0.2466E+01     0.1820E+05     0.1820E+05     0.0000E+00     0.0000E+00     0.2368E+01     0.2177E+05     0.0000E+00     0.0000E+00     0.8879E+01     0.1282E+03     0.1734E+00     0.7232E+02     0.0000E+00     0.0000E+00     0.5732E+03     0.0000E+00     0.5720E+03     0.3562E+02     0.1134E+04     0.2327E+03     0.7329E+02     0.2626E+06
    67     3     8  1982     102     102  cha102               0.1608E+01     0.0000E+00     0.1606E+01     0.1608E+01     0.6641E+04     0.6639E+04     0.0000E+00     0.0000E+00     0.1812E+01     0.7513E+04     0.0000E+00     0.0000E+00     0.7279E+01     0.9540E+02     0.1549E+00     0.5364E+02     0.0000E+00     0.0000E+00     0.5206E+03     0.0000E+00     0.5199E+03     0.8036E+01     0.4583E+03     0.1046E+03     0.5265E+02     0.1082E+06
    67     3     8  1982     103     103  cha103               0.9354E+00     0.0000E+00     0.9342E+00     0.9354E+00     0.2231E+04     0.2231E+04     0.0000E+00     0.0000E+00     0.5772E+00     0.2474E+04     0.0000E+00     0.0000E+00     0.4959E+01     0.6246E+02     0.1100E+00     0.3517E+02     0.0000E+00     0.0000E+00     0.5740E+03     0.0000E+00     0.5733E+03     0.2521E+01     0.1687E+03     0.3376E+02     0.3566E+02     0.3172E+05
    67     3     8  1982     104     104  cha104               0.5549E+00     0.0000E+00     0.5542E+00     0.5549E+00     0.2187E+04     0.2187E+04     0.0000E+00     0.0000E+00     0.3212E+00     0.2442E+04     0.0000E+00     0.0000E+00     0.3840E+01     0.7274E+02     0.2024E+00     0.4087E+02     0.0000E+00     0.0000E+00     0.5214E+03     0.0000E+00     0.5207E+03     0.2420E+01     0.1526E+03     0.3363E+02     0.4017E+02     0.5531E+05
    67     3     8  1982     105     105  cha105               0.5936E+00     0.0000E+00     0.5930E+00     0.5936E+00     0.2126E+04     0.2126E+04     0.0000E+00     0.0000E+00     0.3107E+00     0.2590E+04     0.0000E+00     0.0000E+00     0.3991E+01     0.8081E+02     0.2233E+00     0.4543E+02     0.0000E+00     0.0000E+00     0.5232E+03     0.0000E+00     0.5226E+03     0.2050E+01     0.1493E+03     0.3298E+02     0.4468E+02     0.7612E+05
    67     3     8  1982     106     106  cha106               0.1172E+01     0.0000E+00     0.1166E+01     0.1172E+01     0.4548E+04     0.4548E+04     0.0000E+00     0.0000E+00     0.6937E+00     0.1460E+05     0.0000E+00     0.0000E+00     0.6340E+01     0.7551E+02     0.1516E+00     0.4394E+02     0.0000E+00     0.0000E+00     0.4773E+03     0.0000E+00     0.4750E+03     0.1640E+02     0.4579E+03     0.9313E+02     0.3961E+02     0.5369E+05
    67     3     8  1982     107     107  cha107               0.4755E+00     0.0000E+00     0.4747E+00     0.4755E+00     0.5514E+04     0.5512E+04     0.0000E+00     0.0000E+00     0.1445E+01     0.1899E+04     0.0000E+00     0.0000E+00     0.3303E+01     0.5471E+02     0.1437E+00     0.3072E+02     0.0000E+00     0.0000E+00     0.5743E+03     0.0000E+00     0.5734E+03     0.8821E+01     0.2978E+03     0.5715E+02     0.3133E+02     0.2398E+05
    67     3     8  1982     108     108  cha108               0.4096E+00     0.0000E+00     0.4088E+00     0.4096E+00     0.1640E+04     0.1639E+04     0.0000E+00     0.0000E+00     0.2497E+00     0.1324E+04     0.0000E+00     0.0000E+00     0.3374E+01     0.3887E+02     0.1204E+00     0.2261E+02     0.0000E+00     0.0000E+00     0.4777E+03     0.0000E+00     0.4767E+03     0.2598E+01     0.1632E+03     0.3149E+02     0.2038E+02     0.8207E+04
    67     3     8  1982     109     109  cha109               0.1136E+01     0.0000E+00     0.1134E+01     0.1136E+01     0.1497E+05     0.1497E+05     0.0000E+00     0.0000E+00     0.2091E+01     0.1146E+05     0.0000E+00     0.0000E+00     0.5571E+01     0.1285E+03     0.2634E+00     0.7199E+02     0.0000E+00     0.0000E+00     0.5742E+03     0.0000E+00     0.5732E+03     0.2443E+02     0.8250E+03     0.1559E+03     0.7369E+02     0.2984E+06
    67     3     8  1982     110     110  cha110               0.3493E+00     0.0000E+00     0.3491E+00     0.3564E+00     0.1710E+04     0.1710E+04     0.0000E+00     0.0000E+00     0.0000E+00     0.6580E+03     0.0000E+00     0.0000E+00     0.2919E+01     0.7547E+02     0.2877E+00     0.4239E+02     0.0000E+00     0.0000E+00     0.5184E+03     0.0000E+00     0.5182E+03     0.6084E+00     0.1167E+03     0.2461E+02     0.4162E+02     0.6881E+05
    67     3     8  1982     111     111  cha111               0.2949E+00     0.0000E+00     0.2949E+00     0.3233E+00     0.1049E+04     0.1049E+04     0.0000E+00     0.0000E+00     0.1577E+00     0.1046E+03     0.0000E+00     0.0000E+00     0.2764E+01     0.4902E+02     0.1888E+00     0.2857E+02     0.0000E+00     0.0000E+00     0.4794E+03     0.0000E+00     0.4794E+03     0.1029E+00     0.1056E+03     0.1890E+02     0.2570E+02     0.1713E+05
    67     3     8  1982     112     112  cha112               0.4012E+00     0.0000E+00     0.4011E+00     0.4012E+00     0.3083E+03     0.3082E+03     0.0000E+00     0.0000E+00     0.8073E-01     0.2573E+03     0.0000E+00     0.0000E+00     0.2983E+01     0.4116E+02     0.1128E+00     0.2316E+02     0.0000E+00     0.0000E+00     0.5744E+03     0.0000E+00     0.5742E+03     0.1070E+00     0.3555E+02     0.7347E+01     0.2353E+02     0.1034E+05
    67     3     8  1982     113     113  cha113               0.3764E+00     0.0000E+00     0.3764E+00     0.3923E+00     0.3836E+04     0.3836E+04     0.0000E+00     0.0000E+00     0.0000E+00     0.6323E+03     0.0000E+00     0.0000E+00     0.2873E+01     0.1461E+03     0.6229E+00     0.8308E+02     0.0000E+00     0.0000E+00     0.5738E+03     0.0000E+00     0.5737E+03     0.4994E+00     0.2066E+03     0.3425E+02     0.8310E+02     0.5812E+06
    67     3     8  1982     114     114  cha114               0.7342E+00     0.0000E+00     0.7324E+00     0.7342E+00     0.1387E+04     0.1387E+04     0.0000E+00     0.0000E+00     0.1897E+00     0.8418E+04     0.0000E+00     0.0000E+00     0.4288E+01     0.9827E+02     0.2375E+00     0.5525E+02     0.0000E+00     0.0000E+00     0.5742E+03     0.0000E+00     0.5728E+03     0.3271E+01     0.1376E+03     0.2758E+02     0.5625E+02     0.1383E+06
    67     3     8  1982     115     115  cha115               0.7111E+00     0.0000E+00     0.7098E+00     0.7111E+00     0.1424E+05     0.1424E+05     0.0000E+00     0.0000E+00     0.1989E+01     0.6452E+04     0.0000E+00     0.0000E+00     0.4207E+01     0.1006E+03     0.2525E+00     0.5685E+02     0.0000E+00     0.0000E+00     0.5739E+03     0.0000E+00     0.5729E+03     0.2462E+02     0.5263E+03     0.9134E+02     0.5741E+02     0.1498E+06
    67     3     8  1982     116     116  cha116               0.4356E+00     0.0000E+00     0.4353E+00     0.4356E+00     0.5762E+03     0.5759E+03     0.0000E+00     0.0000E+00     0.2707E+00     0.4588E+03     0.0000E+00     0.0000E+00     0.3134E+01     0.3205E+02     0.7857E-01     0.1826E+02     0.0000E+00     0.0000E+00     0.5743E+03     0.0000E+00     0.5738E+03     0.4877E+00     0.6108E+02     0.1190E+02     0.1818E+02     0.4753E+04
    67     3     8  1982     117     117  cha117               0.3161E+00     0.0000E+00     0.3158E+00     0.3245E+00     0.1769E+04     0.1769E+04     0.0000E+00     0.0000E+00     0.0000E+00     0.1062E+04     0.0000E+00     0.0000E+00     0.2906E+01     0.6313E+02     0.2695E+00     0.3675E+02     0.0000E+00     0.0000E+00     0.4727E+03     0.0000E+00     0.4723E+03     0.1228E+01     0.1722E+03     0.3154E+02     0.3303E+02     0.3846E+05
    67     3     8  1982     118     118  cha118               0.1513E+02     0.0000E+00     0.1511E+02     0.1513E+02     0.1827E+06     0.1827E+06     0.0000E+00     0.0000E+00     0.0000E+00     0.3072E+05     0.0000E+00     0.0000E+00     0.2671E+02     0.1172E+03     0.6440E-01     0.6439E+02     0.0000E+00     0.0000E+00     0.5607E+03     0.0000E+00     0.5600E+03     0.1937E+03     0.9007E+04     0.2372E+04     0.6849E+02     0.2083E+06
    67     3     8  1982     119     119  cha119               0.1415E+02     0.0000E+00     0.1414E+02     0.1415E+02     0.1763E+06     0.1763E+06     0.0000E+00     0.0000E+00     0.0000E+00     0.2758E+05     0.0000E+00     0.0000E+00     0.2562E+02     0.1451E+03     0.8787E-01     0.7949E+02     0.0000E+00     0.0000E+00     0.5626E+03     0.0000E+00     0.5621E+03     0.1291E+03     0.8610E+04     0.2194E+04     0.8517E+02     0.3796E+06
    67     3     8  1982     120     120  cha120               0.1312E+02     0.0000E+00     0.1305E+02     0.1312E+02     0.1545E+06     0.1545E+06     0.0000E+00     0.0000E+00     0.0000E+00     0.1174E+06     0.0000E+00     0.0000E+00     0.2437E+02     0.1298E+03     0.7879E-01     0.7147E+02     0.0000E+00     0.0000E+00     0.5664E+03     0.0000E+00     0.5638E+03     0.5950E+03     0.7699E+04     0.1967E+04     0.7590E+02     0.2735E+06
    67     3     8  1982     121     121  cha121               0.1001E+02     0.0000E+00     0.9992E+01     0.1001E+02     0.1350E+06     0.1350E+06     0.0000E+00     0.0000E+00     0.0000E+00     0.2845E+05     0.0000E+00     0.0000E+00     0.2068E+02     0.1246E+03     0.8207E-01     0.6842E+02     0.0000E+00     0.0000E+00     0.5682E+03     0.0000E+00     0.5674E+03     0.1568E+03     0.6665E+04     0.1530E+04     0.7304E+02     0.2368E+06
    67     3     8  1982     122     122  cha122               0.7773E+01     0.0000E+00     0.7751E+01     0.7773E+01     0.1021E+06     0.1021E+06     0.0000E+00     0.0000E+00     0.1225E+02     0.4452E+05     0.0000E+00     0.0000E+00     0.1777E+02     0.1184E+03     0.8540E-01     0.6524E+02     0.0000E+00     0.0000E+00     0.5687E+03     0.0000E+00     0.5671E+03     0.2339E+03     0.4902E+04     0.1100E+04     0.6919E+02     0.2004E+06
    67     3     8  1982     123     123  cha123               0.6750E+01     0.0000E+00     0.6744E+01     0.6750E+01     0.7024E+05     0.7022E+05     0.0000E+00     0.0000E+00     0.2101E+02     0.7201E+04     0.0000E+00     0.0000E+00     0.1633E+02     0.7564E+02     0.4957E-01     0.4204E+02     0.0000E+00     0.0000E+00     0.5684E+03     0.0000E+00     0.5679E+03     0.5389E+02     0.3632E+04     0.7862E+03     0.4375E+02     0.5414E+05
    67     3     8  1982     124     124  cha124               0.6185E+01     0.0000E+00     0.6152E+01     0.6185E+01     0.5240E+05     0.5238E+05     0.0000E+00     0.0000E+00     0.2043E+02     0.3282E+05     0.0000E+00     0.0000E+00     0.1545E+02     0.6659E+02     0.4416E-01     0.3737E+02     0.0000E+00     0.0000E+00     0.5709E+03     0.0000E+00     0.5679E+03     0.2313E+03     0.2901E+04     0.6342E+03     0.3818E+02     0.3732E+05
    67     3     8  1982     125     125  cha125               0.4714E+00     0.0000E+00     0.4708E+00     0.4714E+00     0.4514E+04     0.4513E+04     0.0000E+00     0.0000E+00     0.6275E+00     0.2704E+04     0.0000E+00     0.0000E+00     0.3288E+01     0.8069E+02     0.2492E+00     0.4606E+02     0.0000E+00     0.0000E+00     0.5737E+03     0.0000E+00     0.5730E+03     0.5598E+01     0.2550E+03     0.4558E+02     0.4579E+02     0.8152E+05
    67     3     8  1982     126     126  cha126               0.1219E+01     0.0000E+00     0.1218E+01     0.1219E+01     0.1480E+05     0.1480E+05     0.0000E+00     0.0000E+00     0.0000E+00     0.3915E+04     0.0000E+00     0.0000E+00     0.5978E+01     0.1250E+03     0.2438E+00     0.6972E+02     0.0000E+00     0.0000E+00     0.5478E+03     0.0000E+00     0.5474E+03     0.8079E+01     0.6035E+03     0.1342E+03     0.7115E+02     0.2670E+06
    67     3     8  1982     127     127  cha127               0.1803E+01     0.0000E+00     0.1795E+01     0.1803E+01     0.2344E+05     0.2344E+05     0.0000E+00     0.0000E+00     0.8002E+01     0.1517E+05     0.0000E+00     0.0000E+00     0.7350E+01     0.6988E+02     0.8694E-01     0.3917E+02     0.0000E+00     0.0000E+00     0.5742E+03     0.0000E+00     0.5717E+03     0.1007E+03     0.1297E+04     0.2687E+03     0.4002E+02     0.4165E+05
    67     3     8  1982     128     128  cha128               0.5610E+00     0.0000E+00     0.5594E+00     0.5610E+00     0.5724E+04     0.5719E+04     0.0000E+00     0.0000E+00     0.4919E+01     0.3564E+03     0.0000E+00     0.0000E+00     0.3745E+01     0.1135E+02     0.2104E-01     0.6257E+01     0.0000E+00     0.0000E+00     0.5497E+03     0.0000E+00     0.5481E+03     0.1464E+02     0.2398E+03     0.5462E+02     0.6376E+01     0.2771E+03
    67     3     8  1982     129     129  cha129               0.4947E+00     0.0000E+00     0.4939E+00     0.4947E+00     0.8888E+04     0.8881E+04     0.0000E+00     0.0000E+00     0.6977E+01     0.2767E+03     0.0000E+00     0.0000E+00     0.3510E+01     0.1370E+02     0.2784E-01     0.7567E+01     0.0000E+00     0.0000E+00     0.5401E+03     0.0000E+00     0.5391E+03     0.1406E+02     0.3437E+03     0.7120E+02     0.7643E+01     0.4416E+03
    67     3     8  1982     130     130  cha130               0.7789E+00     0.0000E+00     0.7770E+00     0.7789E+00     0.5364E+04     0.5362E+04     0.0000E+00     0.0000E+00     0.1425E+01     0.8506E+04     0.0000E+00     0.0000E+00     0.4440E+01     0.9916E+02     0.2384E+00     0.5659E+02     0.0000E+00     0.0000E+00     0.5746E+03     0.0000E+00     0.5732E+03     0.1137E+02     0.2967E+03     0.5924E+02     0.5503E+02     0.1342E+06
    67     3     8  1982     131     131  cha131               0.8985E+00     0.0000E+00     0.8955E+00     0.8985E+00     0.1683E+04     0.1682E+04     0.0000E+00     0.0000E+00     0.5522E+00     0.5000E+04     0.0000E+00     0.0000E+00     0.5333E+01     0.5144E+02     0.1030E+00     0.3008E+02     0.0000E+00     0.0000E+00     0.4884E+03     0.0000E+00     0.4868E+03     0.4309E+01     0.1748E+03     0.3674E+02     0.2709E+02     0.1714E+05
    67     3     8  1982     132     132  cha132               0.6009E+00     0.0000E+00     0.6003E+00     0.6009E+00     0.9954E+04     0.9951E+04     0.0000E+00     0.0000E+00     0.2608E+01     0.1959E+04     0.0000E+00     0.0000E+00     0.3802E+01     0.6971E+02     0.1680E+00     0.3901E+02     0.0000E+00     0.0000E+00     0.5743E+03     0.0000E+00     0.5736E+03     0.9889E+01     0.5006E+03     0.9220E+02     0.4000E+02     0.4862E+05
    67     3     8  1982     133     133  cha133               0.3598E+00     0.0000E+00     0.3593E+00     0.3598E+00     0.5184E+03     0.5181E+03     0.0000E+00     0.0000E+00     0.2225E+00     0.5094E+03     0.0000E+00     0.0000E+00     0.3071E+01     0.2475E+02     0.7415E-01     0.1447E+02     0.0000E+00     0.0000E+00     0.4908E+03     0.0000E+00     0.4900E+03     0.6592E+00     0.5475E+02     0.1145E+02     0.1304E+02     0.2209E+04
    67     3     8  1982     134     134  cha134               0.5427E+00     0.0000E+00     0.5418E+00     0.5427E+00     0.9117E+03     0.9117E+03     0.0000E+00     0.0000E+00     0.0000E+00     0.4567E+04     0.0000E+00     0.0000E+00     0.3577E+01     0.9556E+02     0.2776E+00     0.5363E+02     0.0000E+00     0.0000E+00     0.5740E+03     0.0000E+00     0.5730E+03     0.1424E+01     0.9077E+02     0.1810E+02     0.5476E+02     0.1359E+06
    67     3     8  1982     135     135  cha135               0.4773E+00     0.0000E+00     0.4769E+00     0.4773E+00     0.1245E+05     0.1244E+05     0.0000E+00     0.0000E+00     0.3263E+01     0.1009E+04     0.0000E+00     0.0000E+00     0.3312E+01     0.5221E+02     0.1376E+00     0.2974E+02     0.0000E+00     0.0000E+00     0.5741E+03     0.0000E+00     0.5735E+03     0.1078E+02     0.5232E+03     0.8793E+02     0.2964E+02     0.2062E+05
