 Prueba3                   SWAT+ Jul 2 2024        MODULAR Rev 2024.61.0.1                                
   jday   mon   day    yr   unit  gis_id  name                    flo_in          geo_bf         flo_out           peakr         sed_in        sed_out         washld          bedld            dep        deg_btm       deg_bank         hc_sed          width          depth          slope        deg_btm       deg_bank         hc_len      flo_in_mm       aqu_in_mm      flo_out_mm        sed_stor      n_tot          p_tot         dep_bf        velav_bf        
                                                                   m^3/s           m^3/s           m^3/s           m^3/s           tons           tons           tons           tons           tons           tons           tons           tons              m              m            m/m              m              m              m             mm              mm              mm            tons       kg_N           kg_P            m/s             m/s        
    67     3     8  1982       1       1  cha001               0.2639E+01     0.0000E+00     0.2635E+01     0.2639E+01     0.4421E+05     0.4420E+05     0.0000E+00     0.0000E+00     0.7635E+01     0.2189E+05     0.0000E+00     0.0000E+00     0.1399E+02     0.4541E+02     0.6270E-01     0.1308E+03     0.0000E+00     0.0000E+00     0.1521E+04     0.0000E+00     0.1518E+04     0.8004E+01     0.1644E+04     0.3165E+03     0.2316E+02     0.1521E+05
    67     3     8  1982       2       2  cha002               0.2324E+01     0.0000E+00     0.2314E+01     0.2324E+01     0.4067E+05     0.4067E+05     0.0000E+00     0.0000E+00     0.7381E+01     0.4349E+05     0.0000E+00     0.0000E+00     0.1290E+02     0.4183E+02     0.6002E-01     0.1212E+03     0.0000E+00     0.0000E+00     0.1534E+04     0.0000E+00     0.1527E+04     0.1779E+02     0.1492E+04     0.2804E+03     0.2124E+02     0.1187E+05
    67     3     8  1982       3       3  cha003               0.1151E+01     0.0000E+00     0.1140E+01     0.1151E+01     0.2195E+05     0.2194E+05     0.0000E+00     0.0000E+00     0.1671E+02     0.7484E+04     0.0000E+00     0.0000E+00     0.8914E+01     0.7321E+01     0.1654E-01     0.2670E+02     0.0000E+00     0.0000E+00     0.1406E+04     0.0000E+00     0.1392E+04     0.1658E+02     0.8892E+03     0.1563E+03     0.2723E+01     0.1264E+03
    67     3     8  1982       4       4  cha004               0.5960E+00     0.0000E+00     0.5913E+00     0.5960E+00     0.1285E+05     0.1284E+05     0.0000E+00     0.0000E+00     0.4948E+01     0.1210E+05     0.0000E+00     0.0000E+00     0.6039E+01     0.1811E+02     0.5214E-01     0.5556E+02     0.0000E+00     0.0000E+00     0.1393E+04     0.0000E+00     0.1382E+04     0.9450E+01     0.5198E+03     0.8186E+02     0.8312E+01     0.1049E+04
    67     3     8  1982       5       5  cha005               0.1904E+00     0.0000E+00     0.1903E+00     0.1943E+00     0.1697E+04     0.1697E+04     0.0000E+00     0.0000E+00     0.0000E+00     0.1799E+04     0.0000E+00     0.0000E+00     0.2920E+01     0.3042E+02     0.2301E+00     0.1050E+03     0.0000E+00     0.0000E+00     0.1495E+04     0.0000E+00     0.1494E+04     0.1449E+00     0.7439E+02     0.1030E+02     0.1281E+02     0.3962E+04
    67     3     8  1982       6       6  cha006               0.4295E+00     0.0000E+00     0.4273E+00     0.4295E+00     0.3376E+04     0.3376E+04     0.0000E+00     0.0000E+00     0.7486E+00     0.1677E+05     0.0000E+00     0.0000E+00     0.4749E+01     0.3002E+02     0.1342E+00     0.1044E+03     0.0000E+00     0.0000E+00     0.1498E+04     0.0000E+00     0.1491E+04     0.1812E+01     0.1509E+03     0.2362E+02     0.1253E+02     0.3579E+04
    67     3     8  1982       7       7  cha007               0.2348E+00     0.0000E+00     0.2343E+00     0.2348E+00     0.4140E+04     0.4139E+04     0.0000E+00     0.0000E+00     0.9563E+00     0.3499E+04     0.0000E+00     0.0000E+00     0.3408E+01     0.2302E+02     0.1349E+00     0.7529E+02     0.0000E+00     0.0000E+00     0.1424E+04     0.0000E+00     0.1421E+04     0.9789E+00     0.1696E+03     0.2426E+02     0.1009E+02     0.1820E+04
    67     3     8  1982       8       8  cha008               0.7059E+00     0.0000E+00     0.7005E+00     0.7059E+00     0.1276E+05     0.1276E+05     0.0000E+00     0.0000E+00     0.4695E+01     0.1469E+05     0.0000E+00     0.0000E+00     0.5476E+01     0.2031E+02     0.4579E-01     0.6605E+02     0.0000E+00     0.0000E+00     0.1942E+04     0.0000E+00     0.1928E+04     0.1161E+02     0.3461E+03     0.6273E+02     0.9708E+01     0.1271E+04
    67     3     8  1982       9       9  cha009               0.8695E+01     0.0000E+00     0.8681E+01     0.8695E+01     0.2313E+06     0.2313E+06     0.0000E+00     0.0000E+00     0.0000E+00     0.1646E+06     0.0000E+00     0.0000E+00     0.2335E+02     0.1981E+03     0.1071E+00     0.3613E+03     0.0000E+00     0.0000E+00     0.2133E+04     0.0000E+00     0.2130E+04     0.4615E+02     0.4323E+04     0.9426E+03     0.1336E+03     0.1049E+07
    67     3     8  1982      10      10  cha010               0.6187E+01     0.0000E+00     0.6152E+01     0.6187E+01     0.2066E+06     0.2066E+06     0.0000E+00     0.0000E+00     0.0000E+00     0.2407E+06     0.0000E+00     0.0000E+00     0.2125E+02     0.8056E+02     0.8309E-01     0.2330E+03     0.0000E+00     0.0000E+00     0.1777E+04     0.0000E+00     0.1767E+04     0.1215E+03     0.3649E+04     0.8074E+03     0.4245E+02     0.7793E+05
    67     3     8  1982      11      11  cha011               0.3961E+01     0.0000E+00     0.3940E+01     0.3961E+01     0.6485E+05     0.6484E+05     0.0000E+00     0.0000E+00     0.1117E+02     0.9848E+05     0.0000E+00     0.0000E+00     0.1785E+02     0.5581E+02     0.6714E-01     0.1576E+03     0.0000E+00     0.0000E+00     0.1521E+04     0.0000E+00     0.1513E+04     0.3143E+02     0.2386E+04     0.5035E+03     0.2896E+02     0.2884E+05
    67     3     8  1982      12      12  cha012               0.3347E+01     0.0000E+00     0.3335E+01     0.3347E+01     0.5331E+05     0.5330E+05     0.0000E+00     0.0000E+00     0.9421E+01     0.6352E+05     0.0000E+00     0.0000E+00     0.1624E+02     0.5274E+02     0.6846E-01     0.1496E+03     0.0000E+00     0.0000E+00     0.1504E+04     0.0000E+00     0.1498E+04     0.1956E+02     0.2020E+04     0.4030E+03     0.2716E+02     0.2405E+05
    67     3     8  1982      13      13  cha013               0.7804E+01     0.0000E+00     0.7740E+01     0.7804E+01     0.2983E+06     0.2983E+06     0.0000E+00     0.0000E+00     0.0000E+00     0.4592E+06     0.0000E+00     0.0000E+00     0.2350E+02     0.1582E+03     0.7429E-01     0.2611E+03     0.0000E+00     0.0000E+00     0.1895E+04     0.0000E+00     0.1880E+04     0.2695E+03     0.6451E+04     0.1413E+04     0.1100E+03     0.5559E+06
    67     3     8  1982      14      14  cha014               0.5274E+01     0.0000E+00     0.5266E+01     0.5274E+01     0.1884E+06     0.1884E+06     0.0000E+00     0.0000E+00     0.0000E+00     0.5000E+05     0.0000E+00     0.0000E+00     0.2090E+02     0.7073E+02     0.7136E-01     0.1896E+03     0.0000E+00     0.0000E+00     0.1557E+04     0.0000E+00     0.1554E+04     0.3088E+02     0.4981E+04     0.1018E+04     0.3913E+02     0.5909E+05
    67     3     8  1982      15      15  cha015               0.3672E+01     0.0000E+00     0.3652E+01     0.3672E+01     0.1278E+06     0.1278E+06     0.0000E+00     0.0000E+00     0.2472E+02     0.9157E+05     0.0000E+00     0.0000E+00     0.1800E+02     0.5492E+02     0.6878E-01     0.1422E+03     0.0000E+00     0.0000E+00     0.1390E+04     0.0000E+00     0.1382E+04     0.6040E+02     0.3875E+04     0.7740E+03     0.2943E+02     0.2977E+05
    67     3     8  1982      16      16  cha016               0.2428E+01     0.0000E+00     0.2417E+01     0.2428E+01     0.4336E+05     0.4335E+05     0.0000E+00     0.0000E+00     0.8392E+01     0.4885E+05     0.0000E+00     0.0000E+00     0.1406E+02     0.4898E+02     0.7210E-01     0.1285E+03     0.0000E+00     0.0000E+00     0.1388E+04     0.0000E+00     0.1381E+04     0.1650E+02     0.1839E+04     0.3255E+03     0.2596E+02     0.2010E+05
    67     3     8  1982      17      17  cha017               0.1451E+01     0.0000E+00     0.1450E+01     0.1451E+01     0.1576E+05     0.1576E+05     0.0000E+00     0.0000E+00     0.0000E+00     0.1467E+05     0.0000E+00     0.0000E+00     0.7121E+01     0.9777E+02     0.1892E+00     0.3021E+03     0.0000E+00     0.0000E+00     0.2578E+04     0.0000E+00     0.2576E+04     0.1206E+01     0.3082E+03     0.6397E+02     0.5146E+02     0.1157E+06
    67     3     8  1982      18      18  cha018               0.1413E+01     0.0000E+00     0.1410E+01     0.1413E+01     0.5639E+05     0.5638E+05     0.0000E+00     0.0000E+00     0.8379E+01     0.4253E+05     0.0000E+00     0.0000E+00     0.7355E+01     0.7493E+02     0.1295E+00     0.2289E+03     0.0000E+00     0.0000E+00     0.2378E+04     0.0000E+00     0.2373E+04     0.1941E+02     0.9275E+03     0.1735E+03     0.4098E+02     0.5432E+05
    67     3     8  1982      19      19  cha019               0.5792E+00     0.0000E+00     0.5780E+00     0.5792E+00     0.4423E+05     0.4423E+05     0.0000E+00     0.0000E+00     0.6938E+01     0.2196E+05     0.0000E+00     0.0000E+00     0.4269E+01     0.6679E+02     0.1894E+00     0.2069E+03     0.0000E+00     0.0000E+00     0.2414E+04     0.0000E+00     0.2409E+04     0.1549E+02     0.6174E+03     0.1086E+03     0.3629E+02     0.4249E+05
    67     3     8  1982      20      20  cha020               0.4688E+00     0.0000E+00     0.4684E+00     0.4688E+00     0.5537E+04     0.5537E+04     0.0000E+00     0.0000E+00     0.7576E+00     0.7688E+04     0.0000E+00     0.0000E+00     0.3276E+01     0.6968E+02     0.2027E+00     0.2087E+03     0.0000E+00     0.0000E+00     0.3037E+04     0.0000E+00     0.3035E+04     0.8704E+00     0.1046E+03     0.1932E+02     0.3972E+02     0.5130E+05
    67     3     8  1982      21      21  cha021               0.8739E+00     0.0000E+00     0.8613E+00     0.8739E+00     0.1700E+05     0.1699E+05     0.0000E+00     0.0000E+00     0.6465E+01     0.3198E+05     0.0000E+00     0.0000E+00     0.7572E+01     0.2226E+02     0.5190E-01     0.6623E+02     0.0000E+00     0.0000E+00     0.1401E+04     0.0000E+00     0.1381E+04     0.2084E+02     0.7026E+03     0.1148E+03     0.1055E+02     0.1942E+04
    67     3     8  1982      22      22  cha022               0.1322E+01     0.0000E+00     0.1296E+01     0.1322E+01     0.2149E+05     0.2148E+05     0.0000E+00     0.0000E+00     0.8012E+01     0.5430E+05     0.0000E+00     0.0000E+00     0.9648E+01     0.2183E+02     0.4206E-01     0.6688E+02     0.0000E+00     0.0000E+00     0.1416E+04     0.0000E+00     0.1387E+04     0.3462E+02     0.9292E+03     0.1530E+03     0.1010E+02     0.1965E+04
    67     3     8  1982      23      23  cha023               0.8928E+00     0.0000E+00     0.8905E+00     0.8928E+00     0.1025E+05     0.1025E+05     0.0000E+00     0.0000E+00     0.2761E+01     0.3391E+05     0.0000E+00     0.0000E+00     0.5320E+01     0.7003E+02     0.1589E+00     0.2164E+03     0.0000E+00     0.0000E+00     0.2578E+04     0.0000E+00     0.2571E+04     0.3991E+01     0.2012E+03     0.4085E+02     0.3686E+02     0.4407E+05
    67     3     8  1982      24      24  cha024               0.1105E+01     0.0000E+00     0.1104E+01     0.1105E+01     0.1572E+05     0.1572E+05     0.0000E+00     0.0000E+00     0.0000E+00     0.2303E+05     0.0000E+00     0.0000E+00     0.6063E+01     0.1167E+03     0.2829E+00     0.3605E+03     0.0000E+00     0.0000E+00     0.2565E+04     0.0000E+00     0.2563E+04     0.1701E+01     0.3010E+03     0.5991E+02     0.6130E+02     0.2094E+06
    67     3     8  1982      25      25  cha025               0.8749E+00     0.0000E+00     0.8672E+00     0.8749E+00     0.7651E+05     0.7649E+05     0.0000E+00     0.0000E+00     0.1730E+02     0.4576E+05     0.0000E+00     0.0000E+00     0.7500E+01     0.3847E+02     0.1004E+00     0.1126E+03     0.0000E+00     0.0000E+00     0.1425E+04     0.0000E+00     0.1413E+04     0.6322E+02     0.1720E+04     0.3211E+03     0.1874E+02     0.8506E+04
    67     3     8  1982      26      26  cha026               0.1893E+00     0.0000E+00     0.1891E+00     0.1893E+00     0.3498E+04     0.3498E+04     0.0000E+00     0.0000E+00     0.0000E+00     0.3483E+04     0.0000E+00     0.0000E+00     0.3002E+01     0.3624E+02     0.2574E+00     0.1110E+03     0.0000E+00     0.0000E+00     0.1418E+04     0.0000E+00     0.1417E+04     0.5236E+00     0.1424E+03     0.1977E+02     0.1698E+02     0.7496E+04
    67     3     8  1982      27      27  cha027               0.5465E+00     0.0000E+00     0.5459E+00     0.5465E+00     0.7664E+04     0.7664E+04     0.0000E+00     0.0000E+00     0.0000E+00     0.1445E+05     0.0000E+00     0.0000E+00     0.3971E+01     0.7614E+02     0.2432E+00     0.2354E+03     0.0000E+00     0.0000E+00     0.2570E+04     0.0000E+00     0.2566E+04     0.1473E+01     0.1475E+03     0.2845E+02     0.4003E+02     0.6236E+05
    67     3     8  1982      28      28  cha028               0.5025E+00     0.0000E+00     0.5017E+00     0.5025E+00     0.6336E+04     0.6336E+04     0.0000E+00     0.0000E+00     0.0000E+00     0.1492E+05     0.0000E+00     0.0000E+00     0.3771E+01     0.6880E+02     0.2238E+00     0.2128E+03     0.0000E+00     0.0000E+00     0.2575E+04     0.0000E+00     0.2570E+04     0.1545E+01     0.1229E+03     0.2416E+02     0.3618E+02     0.4612E+05
    67     3     8  1982      29      29  cha029               0.1751E+00     0.0000E+00     0.1750E+00     0.1872E+00     0.2267E+04     0.2267E+04     0.0000E+00     0.0000E+00     0.0000E+00     0.1534E+04     0.0000E+00     0.0000E+00     0.2818E+01     0.4405E+02     0.3411E+00     0.1407E+03     0.0000E+00     0.0000E+00     0.1458E+04     0.0000E+00     0.1457E+04     0.1072E+00     0.9586E+02     0.1278E+02     0.2005E+02     0.1292E+05
    67     3     8  1982      30      30  cha030               0.5260E+00     0.0000E+00     0.5250E+00     0.5260E+00     0.4877E+04     0.4877E+04     0.0000E+00     0.0000E+00     0.0000E+00     0.1910E+05     0.0000E+00     0.0000E+00     0.3857E+01     0.7369E+02     0.2374E+00     0.2287E+03     0.0000E+00     0.0000E+00     0.2596E+04     0.0000E+00     0.2591E+04     0.1350E+01     0.9545E+02     0.1967E+02     0.3883E+02     0.5681E+05
    67     3     8  1982      31      31  cha031               0.7915E+02     0.0000E+00     0.7915E+02     0.7915E+02     0.3022E+07     0.3019E+07     0.0000E+00     0.0000E+00     0.3022E+04     0.0000E+00     0.1868E-01     0.0000E+00     0.7896E+02     0.2019E+01     0.1000E-04     0.0000E+00     0.1928E-02     0.0000E+00     0.2549E+04     0.0000E+00     0.2549E+04     0.2462E+01     0.4010E+05     0.1689E+05     0.1778E+01     0.1369E+02
    67     3     8  1982      32      32  cha032               0.7850E+02     0.0000E+00     0.7818E+02     0.7850E+02     0.3012E+07     0.3012E+07     0.0000E+00     0.0000E+00     0.0000E+00     0.7114E+06     0.0000E+00     0.0000E+00     0.7847E+02     0.8420E+02     0.2095E-01     0.2134E+03     0.0000E+00     0.0000E+00     0.2555E+04     0.0000E+00     0.2544E+04     0.1612E+04     0.3981E+05     0.1683E+05     0.5118E+02     0.1550E+06
    67     3     8  1982      33      33  cha033               0.7675E+02     0.0000E+00     0.7658E+02     0.7675E+02     0.2969E+07     0.2969E+07     0.0000E+00     0.0000E+00     0.0000E+00     0.7126E+06     0.0000E+00     0.0000E+00     0.7739E+02     0.1358E+03     0.3704E-01     0.3279E+03     0.0000E+00     0.0000E+00     0.2556E+04     0.0000E+00     0.2551E+04     0.8762E+03     0.3934E+05     0.1534E+05     0.8473E+02     0.4944E+06
    67     3     8  1982      34      34  cha034               0.7252E+02     0.0000E+00     0.7249E+02     0.7252E+02     0.2879E+07     0.2879E+07     0.0000E+00     0.0000E+00     0.0000E+00     0.1839E+06     0.0000E+00     0.0000E+00     0.7495E+02     0.1667E+03     0.4841E-01     0.3959E+03     0.0000E+00     0.0000E+00     0.2548E+04     0.0000E+00     0.2547E+04     0.1739E+03     0.3797E+05     0.1419E+05     0.1050E+03     0.8201E+06
    67     3     8  1982      35      35  cha035               0.6938E+02     0.0000E+00     0.6911E+02     0.6938E+02     0.2809E+07     0.2809E+07     0.0000E+00     0.0000E+00     0.0000E+00     0.7426E+06     0.0000E+00     0.0000E+00     0.7316E+02     0.9406E+02     0.2509E-01     0.2358E+03     0.0000E+00     0.0000E+00     0.2538E+04     0.0000E+00     0.2528E+04     0.1461E+04     0.3690E+05     0.1375E+05     0.5749E+02     0.1941E+06
    67     3     8  1982      36      36  cha036               0.1993E+02     0.0000E+00     0.1984E+02     0.1993E+02     0.7717E+06     0.7717E+06     0.0000E+00     0.0000E+00     0.0000E+00     0.5110E+06     0.0000E+00     0.0000E+00     0.3905E+02     0.1550E+03     0.5820E-01     0.2873E+03     0.0000E+00     0.0000E+00     0.2075E+04     0.0000E+00     0.2066E+04     0.3856E+03     0.1319E+05     0.3370E+04     0.1040E+03     0.5607E+06
    67     3     8  1982      37      37  cha037               0.1825E+02     0.0000E+00     0.1822E+02     0.1825E+02     0.6935E+06     0.6935E+06     0.0000E+00     0.0000E+00     0.0000E+00     0.1776E+06     0.0000E+00     0.0000E+00     0.3738E+02     0.1277E+03     0.4533E-01     0.2317E+03     0.0000E+00     0.0000E+00     0.2045E+04     0.0000E+00     0.2041E+04     0.1710E+03     0.1224E+05     0.2886E+04     0.8618E+02     0.3256E+06
    67     3     8  1982      38      38  cha038               0.1697E+02     0.0000E+00     0.1694E+02     0.1697E+02     0.6355E+06     0.6355E+06     0.0000E+00     0.0000E+00     0.0000E+00     0.1637E+06     0.0000E+00     0.0000E+00     0.3606E+02     0.1576E+03     0.5803E-01     0.2745E+03     0.0000E+00     0.0000E+00     0.2018E+04     0.0000E+00     0.2015E+04     0.1183E+03     0.1159E+05     0.2604E+04     0.1079E+03     0.5762E+06
    67     3     8  1982      39      39  cha039               0.5243E+01     0.0000E+00     0.5232E+01     0.5243E+01     0.7555E+05     0.7554E+05     0.0000E+00     0.0000E+00     0.1025E+02     0.1235E+06     0.0000E+00     0.0000E+00     0.1548E+02     0.9967E+02     0.1033E+00     0.3042E+03     0.0000E+00     0.0000E+00     0.2553E+04     0.0000E+00     0.2547E+04     0.2150E+02     0.1447E+04     0.3149E+03     0.5287E+02     0.1191E+06
    67     3     8  1982      40      40  cha040               0.3475E+01     0.0000E+00     0.3467E+01     0.3475E+01     0.6797E+05     0.6795E+05     0.0000E+00     0.0000E+00     0.1607E+02     0.1037E+06     0.0000E+00     0.0000E+00     0.1159E+02     0.1029E+03     0.9690E-01     0.2718E+03     0.0000E+00     0.0000E+00     0.2740E+04     0.0000E+00     0.2733E+04     0.2706E+02     0.1171E+04     0.2539E+03     0.6046E+02     0.1319E+06
    67     3     8  1982      41      41  cha041               0.2841E+01     0.0000E+00     0.2838E+01     0.2841E+01     0.4122E+05     0.4122E+05     0.0000E+00     0.0000E+00     0.0000E+00     0.5938E+05     0.0000E+00     0.0000E+00     0.1072E+02     0.1263E+03     0.1907E+00     0.3870E+03     0.0000E+00     0.0000E+00     0.2553E+04     0.0000E+00     0.2550E+04     0.5847E+01     0.7920E+03     0.1661E+03     0.6680E+02     0.2420E+06
    67     3     8  1982      42      42  cha042               0.2354E+01     0.0000E+00     0.2352E+01     0.2354E+01     0.3058E+05     0.3058E+05     0.0000E+00     0.0000E+00     0.0000E+00     0.6516E+05     0.0000E+00     0.0000E+00     0.9562E+01     0.1553E+03     0.2779E+00     0.4769E+03     0.0000E+00     0.0000E+00     0.2558E+04     0.0000E+00     0.2556E+04     0.3967E+01     0.5944E+03     0.1250E+03     0.8198E+02     0.4649E+06
    67     3     8  1982      43      43  cha043               0.2398E+01     0.0000E+00     0.2394E+01     0.2398E+01     0.4461E+05     0.4460E+05     0.0000E+00     0.0000E+00     0.6337E+01     0.5455E+05     0.0000E+00     0.0000E+00     0.9711E+01     0.8602E+02     0.1227E+00     0.2641E+03     0.0000E+00     0.0000E+00     0.2540E+04     0.0000E+00     0.2535E+04     0.1125E+02     0.8329E+03     0.1713E+03     0.4529E+02     0.7585E+05
    67     3     8  1982      44      44  cha044               0.8195E+00     0.0000E+00     0.8165E+00     0.8195E+00     0.2184E+05     0.2183E+05     0.0000E+00     0.0000E+00     0.6056E+01     0.3437E+05     0.0000E+00     0.0000E+00     0.5070E+01     0.6093E+02     0.1297E+00     0.1824E+03     0.0000E+00     0.0000E+00     0.2564E+04     0.0000E+00     0.2555E+04     0.1216E+02     0.2823E+03     0.6442E+02     0.3303E+02     0.2957E+05
    67     3     8  1982      45      45  cha045               0.3034E+01     0.0000E+00     0.3022E+01     0.3034E+01     0.7886E+05     0.7883E+05     0.0000E+00     0.0000E+00     0.2152E+02     0.1606E+06     0.0000E+00     0.0000E+00     0.1069E+02     0.1028E+03     0.1246E+00     0.3047E+03     0.0000E+00     0.0000E+00     0.2736E+04     0.0000E+00     0.2725E+04     0.4498E+02     0.1008E+04     0.2412E+03     0.5679E+02     0.1303E+06
    67     3     8  1982      46      46  cha046               0.9391E+00     0.0000E+00     0.9349E+00     0.9391E+00     0.2426E+05     0.2425E+05     0.0000E+00     0.0000E+00     0.3594E+01     0.7734E+05     0.0000E+00     0.0000E+00     0.5292E+01     0.9239E+02     0.2022E+00     0.2742E+03     0.0000E+00     0.0000E+00     0.2735E+04     0.0000E+00     0.2723E+04     0.1631E+02     0.3118E+03     0.7257E+02     0.5095E+02     0.1060E+06
    67     3     8  1982      47      47  cha047               0.1213E+01     0.0000E+00     0.1207E+01     0.1213E+01     0.1488E+05     0.1488E+05     0.0000E+00     0.0000E+00     0.0000E+00     0.1038E+06     0.0000E+00     0.0000E+00     0.6404E+01     0.9602E+02     0.2074E+00     0.2968E+03     0.0000E+00     0.0000E+00     0.2570E+04     0.0000E+00     0.2559E+04     0.9398E+01     0.2916E+03     0.6063E+02     0.5050E+02     0.1129E+06
    67     3     8  1982      48      48  cha048               0.9896E+00     0.0000E+00     0.9854E+00     0.9896E+00     0.1106E+05     0.1106E+05     0.0000E+00     0.0000E+00     0.0000E+00     0.8462E+05     0.0000E+00     0.0000E+00     0.5661E+01     0.9491E+02     0.2288E+00     0.2936E+03     0.0000E+00     0.0000E+00     0.2576E+04     0.0000E+00     0.2566E+04     0.6563E+01     0.2178E+03     0.4542E+02     0.4993E+02     0.1121E+06
    67     3     8  1982      49      49  cha049               0.1163E+01     0.0000E+00     0.1160E+01     0.1163E+01     0.2054E+05     0.2054E+05     0.0000E+00     0.0000E+00     0.0000E+00     0.6917E+05     0.0000E+00     0.0000E+00     0.6290E+01     0.1079E+03     0.2508E+00     0.3331E+03     0.0000E+00     0.0000E+00     0.2540E+04     0.0000E+00     0.2533E+04     0.7230E+01     0.3952E+03     0.7741E+02     0.5664E+02     0.1636E+06
    67     3     8  1982      50      50  cha050               0.4891E+00     0.0000E+00     0.4882E+00     0.4891E+00     0.4374E+05     0.4374E+05     0.0000E+00     0.0000E+00     0.0000E+00     0.2268E+05     0.0000E+00     0.0000E+00     0.3729E+01     0.8310E+02     0.2953E+00     0.2565E+03     0.0000E+00     0.0000E+00     0.2553E+04     0.0000E+00     0.2548E+04     0.1250E+02     0.3944E+03     0.7051E+02     0.4366E+02     0.8424E+05
    67     3     8  1982      51      51  cha051               0.3220E+01     0.0000E+00     0.3212E+01     0.3220E+01     0.6117E+05     0.6117E+05     0.0000E+00     0.0000E+00     0.0000E+00     0.1436E+06     0.0000E+00     0.0000E+00     0.1094E+02     0.1210E+03     0.1482E+00     0.3650E+03     0.0000E+00     0.0000E+00     0.2796E+04     0.0000E+00     0.2789E+04     0.2408E+02     0.1117E+04     0.2343E+03     0.6760E+02     0.2141E+06
    67     3     8  1982      52      52  cha052               0.1313E+01     0.0000E+00     0.1312E+01     0.1313E+01     0.2703E+05     0.2703E+05     0.0000E+00     0.0000E+00     0.3952E+01     0.1582E+05     0.0000E+00     0.0000E+00     0.6781E+01     0.6788E+02     0.1218E+00     0.2090E+03     0.0000E+00     0.0000E+00     0.2530E+04     0.0000E+00     0.2528E+04     0.4001E+01     0.5095E+03     0.9914E+02     0.3558E+02     0.3816E+05
    67     3     8  1982      53      53  cha053               0.8777E+00     0.0000E+00     0.8771E+00     0.8777E+00     0.5643E+05     0.5643E+05     0.0000E+00     0.0000E+00     0.0000E+00     0.1339E+05     0.0000E+00     0.0000E+00     0.5307E+01     0.8833E+02     0.2206E+00     0.2727E+03     0.0000E+00     0.0000E+00     0.2545E+04     0.0000E+00     0.2543E+04     0.6170E+01     0.5994E+03     0.1123E+03     0.4631E+02     0.9025E+05
    67     3     8  1982      54      54  cha054               0.1928E+01     0.0000E+00     0.1924E+01     0.1928E+01     0.2975E+05     0.2975E+05     0.0000E+00     0.0000E+00     0.0000E+00     0.9799E+05     0.0000E+00     0.0000E+00     0.7834E+01     0.1299E+03     0.2073E+00     0.3916E+03     0.0000E+00     0.0000E+00     0.2921E+04     0.0000E+00     0.2915E+04     0.1012E+02     0.5458E+03     0.1086E+03     0.7325E+02     0.2807E+06
    67     3     8  1982      55      55  cha055               0.1811E+01     0.0000E+00     0.1807E+01     0.1811E+01     0.2043E+05     0.2043E+05     0.0000E+00     0.0000E+00     0.0000E+00     0.1439E+06     0.0000E+00     0.0000E+00     0.8139E+01     0.1441E+03     0.2906E+00     0.4458E+03     0.0000E+00     0.0000E+00     0.2575E+04     0.0000E+00     0.2568E+04     0.7597E+01     0.3963E+03     0.8382E+02     0.7587E+02     0.3808E+06
    67     3     8  1982      56      56  cha056               0.3240E+00     0.0000E+00     0.3238E+00     0.3295E+00     0.6831E+04     0.6830E+04     0.0000E+00     0.0000E+00     0.1033E+01     0.3804E+04     0.0000E+00     0.0000E+00     0.2927E+01     0.4813E+02     0.1860E+00     0.1483E+03     0.0000E+00     0.0000E+00     0.2533E+04     0.0000E+00     0.2531E+04     0.9013E+00     0.1285E+03     0.2380E+02     0.2523E+02     0.1646E+05
    67     3     8  1982      57      57  cha057               0.5996E+00     0.0000E+00     0.5990E+00     0.5996E+00     0.6488E+04     0.6488E+04     0.0000E+00     0.0000E+00     0.0000E+00     0.1642E+05     0.0000E+00     0.0000E+00     0.3797E+01     0.1032E+03     0.2900E+00     0.3073E+03     0.0000E+00     0.0000E+00     0.3037E+04     0.0000E+00     0.3034E+04     0.1067E+01     0.1241E+03     0.2308E+02     0.5904E+02     0.1695E+06
    67     3     8  1982      58      58  cha058               0.6920E+00     0.0000E+00     0.6909E+00     0.6920E+00     0.1321E+05     0.1321E+05     0.0000E+00     0.0000E+00     0.0000E+00     0.4214E+05     0.0000E+00     0.0000E+00     0.4610E+01     0.1202E+03     0.3941E+00     0.3706E+03     0.0000E+00     0.0000E+00     0.2537E+04     0.0000E+00     0.2533E+04     0.3295E+01     0.2512E+03     0.4810E+02     0.6311E+02     0.2535E+06
    67     3     8  1982      59      59  cha059               0.3600E+00     0.0000E+00     0.3599E+00     0.3600E+00     0.8062E+04     0.8062E+04     0.0000E+00     0.0000E+00     0.0000E+00     0.2908E+04     0.0000E+00     0.0000E+00     0.3123E+01     0.7373E+02     0.3100E+00     0.2273E+03     0.0000E+00     0.0000E+00     0.2526E+04     0.0000E+00     0.2525E+04     0.4086E+00     0.1516E+03     0.2724E+02     0.3866E+02     0.6185E+05
    67     3     8  1982      60      60  cha060               0.7577E+00     0.0000E+00     0.7562E+00     0.7577E+00     0.1013E+05     0.1012E+05     0.0000E+00     0.0000E+00     0.2653E+01     0.3019E+05     0.0000E+00     0.0000E+00     0.4370E+01     0.8542E+02     0.1942E+00     0.2560E+03     0.0000E+00     0.0000E+00     0.3037E+04     0.0000E+00     0.3031E+04     0.3594E+01     0.1867E+03     0.3585E+02     0.4867E+02     0.8766E+05
    67     3     8  1982      61      61  cha061               0.5407E+00     0.0000E+00     0.5398E+00     0.5407E+00     0.1166E+05     0.1166E+05     0.0000E+00     0.0000E+00     0.0000E+00     0.2376E+05     0.0000E+00     0.0000E+00     0.3982E+01     0.9123E+02     0.3149E+00     0.2814E+03     0.0000E+00     0.0000E+00     0.2530E+04     0.0000E+00     0.2526E+04     0.2852E+01     0.2183E+03     0.4170E+02     0.4787E+02     0.1107E+06
    67     3     8  1982      62      62  cha062               0.3112E+00     0.0000E+00     0.3111E+00     0.3294E+00     0.5038E+04     0.5038E+04     0.0000E+00     0.0000E+00     0.0000E+00     0.2587E+04     0.0000E+00     0.0000E+00     0.2839E+01     0.6599E+02     0.2796E+00     0.2039E+03     0.0000E+00     0.0000E+00     0.2559E+04     0.0000E+00     0.2558E+04     0.2812E+00     0.9603E+02     0.1764E+02     0.3467E+02     0.4401E+05
    67     3     8  1982      63      63  cha063               0.8037E+00     0.0000E+00     0.8009E+00     0.8037E+00     0.1505E+05     0.1505E+05     0.0000E+00     0.0000E+00     0.0000E+00     0.6666E+05     0.0000E+00     0.0000E+00     0.4813E+01     0.9722E+02     0.2418E+00     0.2958E+03     0.0000E+00     0.0000E+00     0.2742E+04     0.0000E+00     0.2732E+04     0.8646E+01     0.2779E+03     0.5566E+02     0.5352E+02     0.1285E+06
    67     3     8  1982      64      64  cha064               0.2961E+00     0.0000E+00     0.2961E+00     0.3254E+00     0.5147E+04     0.5147E+04     0.0000E+00     0.0000E+00     0.7676E+00     0.1146E+03     0.0000E+00     0.0000E+00     0.2759E+01     0.4486E+02     0.1667E+00     0.1384E+03     0.0000E+00     0.0000E+00     0.2554E+04     0.0000E+00     0.2554E+04     0.2244E-01     0.9766E+02     0.1753E+02     0.2356E+02     0.1299E+05
    67     3     8  1982      65      65  cha065               0.5739E+00     0.0000E+00     0.5725E+00     0.5739E+00     0.3206E+04     0.3205E+04     0.0000E+00     0.0000E+00     0.8910E+00     0.1260E+05     0.0000E+00     0.0000E+00     0.4052E+01     0.4654E+02     0.1194E+00     0.1444E+03     0.0000E+00     0.0000E+00     0.2608E+04     0.0000E+00     0.2602E+04     0.1110E+01     0.6618E+02     0.1475E+02     0.2456E+02     0.1343E+05
    67     3     8  1982      66      66  cha066               0.5309E+00     0.0000E+00     0.5299E+00     0.5309E+00     0.5042E+05     0.5042E+05     0.0000E+00     0.0000E+00     0.0000E+00     0.2508E+05     0.0000E+00     0.0000E+00     0.3925E+01     0.8573E+02     0.2922E+00     0.2645E+03     0.0000E+00     0.0000E+00     0.2544E+04     0.0000E+00     0.2539E+04     0.1448E+02     0.4866E+03     0.8750E+02     0.4502E+02     0.9126E+05
    67     3     8  1982      67      67  cha067               0.4019E+00     0.0000E+00     0.4015E+00     0.4019E+00     0.1029E+05     0.1029E+05     0.0000E+00     0.0000E+00     0.0000E+00     0.8552E+04     0.0000E+00     0.0000E+00     0.3177E+01     0.7833E+02     0.2792E+00     0.2327E+03     0.0000E+00     0.0000E+00     0.2740E+04     0.0000E+00     0.2737E+04     0.1519E+01     0.1327E+03     0.2863E+02     0.4319E+02     0.7538E+05
    67     3     8  1982      68      68  cha068               0.7074E+00     0.0000E+00     0.7058E+00     0.7074E+00     0.5856E+04     0.5854E+04     0.0000E+00     0.0000E+00     0.1604E+01     0.1642E+05     0.0000E+00     0.0000E+00     0.4610E+01     0.5213E+02     0.1218E+00     0.1613E+03     0.0000E+00     0.0000E+00     0.2593E+04     0.0000E+00     0.2587E+04     0.1965E+01     0.1172E+03     0.2449E+02     0.2747E+02     0.1838E+05
    67     3     8  1982      69      69  cha069               0.8817E+00     0.0000E+00     0.8799E+00     0.8817E+00     0.1384E+05     0.1384E+05     0.0000E+00     0.0000E+00     0.0000E+00     0.5883E+05     0.0000E+00     0.0000E+00     0.5312E+01     0.1200E+03     0.3400E+00     0.3703E+03     0.0000E+00     0.0000E+00     0.2552E+04     0.0000E+00     0.2547E+04     0.4200E+01     0.2658E+03     0.5211E+02     0.6307E+02     0.2404E+06
    67     3     8  1982      70      70  cha070               0.6825E+02     0.0000E+00     0.6824E+02     0.6825E+02     0.2777E+07     0.2777E+07     0.0000E+00     0.0000E+00     0.0000E+00     0.1222E+06     0.0000E+00     0.0000E+00     0.7242E+02     0.2461E+03     0.8284E-01     0.5827E+03     0.0000E+00     0.0000E+00     0.2539E+04     0.0000E+00     0.2539E+04     0.6657E+02     0.3646E+05     0.1254E+05     0.1552E+03     0.2259E+07
    67     3     8  1982      71      71  cha071               0.6699E+02     0.0000E+00     0.6690E+02     0.6699E+02     0.2750E+07     0.2750E+07     0.0000E+00     0.0000E+00     0.0000E+00     0.3761E+06     0.0000E+00     0.0000E+00     0.7155E+02     0.1180E+03     0.3282E-01     0.2876E+03     0.0000E+00     0.0000E+00     0.2543E+04     0.0000E+00     0.2539E+04     0.5575E+03     0.3589E+05     0.1235E+05     0.7332E+02     0.3347E+06
    67     3     8  1982      72      72  cha072               0.6551E+02     0.0000E+00     0.6545E+02     0.6551E+02     0.2717E+07     0.2717E+07     0.0000E+00     0.0000E+00     0.0000E+00     0.2597E+06     0.0000E+00     0.0000E+00     0.7054E+02     0.1261E+03     0.3549E-01     0.3039E+03     0.0000E+00     0.0000E+00     0.2546E+04     0.0000E+00     0.2544E+04     0.3565E+03     0.3529E+05     0.1171E+05     0.7877E+02     0.3916E+06
    67     3     8  1982      73      73  cha073               0.5759E+02     0.0000E+00     0.5753E+02     0.5759E+02     0.2594E+07     0.2594E+07     0.0000E+00     0.0000E+00     0.0000E+00     0.2275E+06     0.0000E+00     0.0000E+00     0.6554E+02     0.1127E+03     0.3206E-01     0.2714E+03     0.0000E+00     0.0000E+00     0.2530E+04     0.0000E+00     0.2528E+04     0.3795E+03     0.3285E+05     0.1083E+05     0.7038E+02     0.2847E+06
    67     3     8  1982      74      74  cha074               0.5719E+02     0.0000E+00     0.5714E+02     0.5719E+02     0.2589E+07     0.2589E+07     0.0000E+00     0.0000E+00     0.0000E+00     0.1030E+06     0.0000E+00     0.0000E+00     0.6529E+02     0.7859E+02     0.2120E-01     0.1967E+03     0.0000E+00     0.0000E+00     0.2529E+04     0.0000E+00     0.2527E+04     0.2705E+03     0.3274E+05     0.1047E+05     0.4799E+02     0.1172E+06
    67     3     8  1982      75      75  cha075               0.5682E+02     0.0000E+00     0.5672E+02     0.5682E+02     0.2583E+07     0.2583E+07     0.0000E+00     0.0000E+00     0.0000E+00     0.4217E+06     0.0000E+00     0.0000E+00     0.6497E+02     0.1221E+03     0.3561E-01     0.2926E+03     0.0000E+00     0.0000E+00     0.2533E+04     0.0000E+00     0.2529E+04     0.6319E+03     0.3259E+05     0.1018E+05     0.7645E+02     0.3467E+06
    67     3     8  1982      76      76  cha076               0.5251E+02     0.0000E+00     0.5239E+02     0.5251E+02     0.2522E+07     0.2522E+07     0.0000E+00     0.0000E+00     0.0000E+00     0.5534E+06     0.0000E+00     0.0000E+00     0.6206E+02     0.1321E+03     0.3996E-01     0.3126E+03     0.0000E+00     0.0000E+00     0.2526E+04     0.0000E+00     0.2521E+04     0.7720E+03     0.3136E+05     0.9428E+04     0.8327E+02     0.4147E+06
    67     3     8  1982      77      77  cha077               0.4973E+02     0.0000E+00     0.4971E+02     0.4973E+02     0.2480E+07     0.2480E+07     0.0000E+00     0.0000E+00     0.0000E+00     0.1426E+06     0.0000E+00     0.0000E+00     0.6024E+02     0.1498E+03     0.4744E-01     0.3508E+03     0.0000E+00     0.0000E+00     0.2515E+04     0.0000E+00     0.2514E+04     0.1707E+03     0.3059E+05     0.8719E+04     0.9498E+02     0.5676E+06
    67     3     8  1982      78      78  cha078               0.3315E+02     0.0000E+00     0.3305E+02     0.3315E+02     0.1474E+07     0.1474E+07     0.0000E+00     0.0000E+00     0.0000E+00     0.7361E+06     0.0000E+00     0.0000E+00     0.4926E+02     0.1764E+03     0.6189E-01     0.3699E+03     0.0000E+00     0.0000E+00     0.2344E+04     0.0000E+00     0.2337E+04     0.5971E+03     0.2092E+05     0.5867E+04     0.1154E+03     0.8282E+06
    67     3     8  1982      79      79  cha079               0.2519E+02     0.0000E+00     0.2514E+02     0.2519E+02     0.8895E+06     0.8895E+06     0.0000E+00     0.0000E+00     0.0000E+00     0.4795E+06     0.0000E+00     0.0000E+00     0.4338E+02     0.2257E+03     0.8819E-01     0.4352E+03     0.0000E+00     0.0000E+00     0.2202E+04     0.0000E+00     0.2198E+04     0.2095E+03     0.1520E+05     0.4233E+04     0.1508E+03     0.1620E+07
    67     3     8  1982      80      80  cha080               0.2414E+02     0.0000E+00     0.2411E+02     0.2414E+02     0.8577E+06     0.8577E+06     0.0000E+00     0.0000E+00     0.0000E+00     0.3130E+06     0.0000E+00     0.0000E+00     0.4277E+02     0.2403E+03     0.1038E+00     0.4808E+03     0.0000E+00     0.0000E+00     0.2160E+04     0.0000E+00     0.2157E+04     0.1155E+03     0.1476E+05     0.3953E+04     0.1583E+03     0.1948E+07
    67     3     8  1982      81      81  cha081               0.2326E+02     0.0000E+00     0.2323E+02     0.2326E+02     0.8378E+06     0.8378E+06     0.0000E+00     0.0000E+00     0.0000E+00     0.2879E+06     0.0000E+00     0.0000E+00     0.4199E+02     0.2127E+03     0.8803E-01     0.4192E+03     0.0000E+00     0.0000E+00     0.2147E+04     0.0000E+00     0.2144E+04     0.1284E+03     0.1442E+05     0.3762E+04     0.1408E+03     0.1374E+07
    67     3     8  1982      82      82  cha082               0.1667E+02     0.0000E+00     0.1662E+02     0.1667E+02     0.1011E+07     0.1011E+07     0.0000E+00     0.0000E+00     0.0000E+00     0.8632E+06     0.0000E+00     0.0000E+00     0.2829E+02     0.2077E+03     0.1315E+00     0.5952E+03     0.0000E+00     0.0000E+00     0.2972E+04     0.0000E+00     0.2963E+04     0.4589E+03     0.9653E+04     0.2702E+04     0.1229E+03     0.1094E+07
    67     3     8  1982      83      83  cha083               0.7843E+01     0.0000E+00     0.7812E+01     0.7843E+01     0.1208E+06     0.1207E+06     0.0000E+00     0.0000E+00     0.1628E+02     0.2666E+06     0.0000E+00     0.0000E+00     0.1904E+02     0.1099E+03     0.7291E-01     0.2821E+03     0.0000E+00     0.0000E+00     0.2705E+04     0.0000E+00     0.2695E+04     0.6810E+02     0.2393E+04     0.5237E+03     0.6515E+02     0.1652E+06
    67     3     8  1982      84      84  cha084               0.6705E+01     0.0000E+00     0.6695E+01     0.6705E+01     0.5553E+06     0.5553E+06     0.0000E+00     0.0000E+00     0.0000E+00     0.3423E+06     0.0000E+00     0.0000E+00     0.1617E+02     0.2255E+03     0.2310E+00     0.6655E+03     0.0000E+00     0.0000E+00     0.3036E+04     0.0000E+00     0.3032E+04     0.1449E+03     0.5208E+04     0.1107E+04     0.1305E+03     0.1412E+07
    67     3     8  1982      85      85  cha085               0.4428E+01     0.0000E+00     0.4414E+01     0.4428E+01     0.1064E+06     0.1063E+06     0.0000E+00     0.0000E+00     0.5926E+02     0.5214E+05     0.0000E+00     0.0000E+00     0.1264E+02     0.4812E+02     0.3353E-01     0.1441E+03     0.0000E+00     0.0000E+00     0.3023E+04     0.0000E+00     0.3014E+04     0.5134E+02     0.1260E+04     0.2642E+03     0.2731E+02     0.1444E+05
    67     3     8  1982      86      86  cha086               0.4020E+01     0.0000E+00     0.4017E+01     0.4020E+01     0.5571E+05     0.5571E+05     0.0000E+00     0.0000E+00     0.7305E+01     0.3837E+05     0.0000E+00     0.0000E+00     0.1273E+02     0.1037E+03     0.9179E-01     0.2712E+03     0.0000E+00     0.0000E+00     0.2711E+04     0.0000E+00     0.2708E+04     0.7346E+01     0.1116E+04     0.2331E+03     0.6089E+02     0.1349E+06
    67     3     8  1982      87      87  cha087               0.2983E+01     0.0000E+00     0.2979E+01     0.2983E+01     0.4212E+05     0.4212E+05     0.0000E+00     0.0000E+00     0.5701E+01     0.5096E+05     0.0000E+00     0.0000E+00     0.1104E+02     0.8342E+02     0.1040E+00     0.2553E+03     0.0000E+00     0.0000E+00     0.2552E+04     0.0000E+00     0.2548E+04     0.9217E+01     0.8072E+03     0.1740E+03     0.4415E+02     0.6909E+05
    67     3     8  1982      88      88  cha088               0.2890E+01     0.0000E+00     0.2878E+01     0.2890E+01     0.2115E+05     0.2114E+05     0.0000E+00     0.0000E+00     0.1165E+02     0.5003E+05     0.0000E+00     0.0000E+00     0.9772E+01     0.4697E+02     0.4017E-01     0.1409E+03     0.0000E+00     0.0000E+00     0.3029E+04     0.0000E+00     0.3017E+04     0.1380E+02     0.4203E+03     0.9301E+02     0.2659E+02     0.1291E+05
    67     3     8  1982      89      89  cha089               0.2950E+01     0.0000E+00     0.2942E+01     0.2950E+01     0.3134E+06     0.3133E+06     0.0000E+00     0.0000E+00     0.7809E+02     0.1392E+06     0.0000E+00     0.0000E+00     0.9887E+01     0.1123E+03     0.1325E+00     0.3350E+03     0.0000E+00     0.0000E+00     0.3032E+04     0.0000E+00     0.3024E+04     0.1527E+03     0.3097E+04     0.6391E+03     0.6417E+02     0.1717E+06
    67     3     8  1982      90      90  cha090               0.2099E+01     0.0000E+00     0.2085E+01     0.2099E+01     0.2882E+05     0.2882E+05     0.0000E+00     0.0000E+00     0.4338E+01     0.2449E+06     0.0000E+00     0.0000E+00     0.8732E+01     0.1104E+03     0.1855E+00     0.3413E+03     0.0000E+00     0.0000E+00     0.2654E+04     0.0000E+00     0.2636E+04     0.2573E+02     0.5631E+03     0.1188E+03     0.5809E+02     0.1620E+06
    67     3     8  1982      91      91  cha091               0.1651E+01     0.0000E+00     0.1647E+01     0.1651E+01     0.1912E+05     0.1912E+05     0.0000E+00     0.0000E+00     0.0000E+00     0.1132E+06     0.0000E+00     0.0000E+00     0.7707E+01     0.1208E+03     0.2377E+00     0.3738E+03     0.0000E+00     0.0000E+00     0.2571E+04     0.0000E+00     0.2563E+04     0.7754E+01     0.3692E+03     0.7988E+02     0.6355E+02     0.2206E+06
    67     3     8  1982      92      92  cha092               0.6498E+00     0.0000E+00     0.6483E+00     0.6498E+00     0.8682E+05     0.8681E+05     0.0000E+00     0.0000E+00     0.1214E+02     0.2974E+05     0.0000E+00     0.0000E+00     0.3985E+01     0.8269E+02     0.2037E+00     0.2468E+03     0.0000E+00     0.0000E+00     0.3037E+04     0.0000E+00     0.3030E+04     0.3551E+02     0.8326E+03     0.1582E+03     0.4723E+02     0.8183E+05
    67     3     8  1982      93      93  cha093               0.1054E+01     0.0000E+00     0.1050E+01     0.1054E+01     0.1629E+05     0.1629E+05     0.0000E+00     0.0000E+00     0.0000E+00     0.6854E+05     0.0000E+00     0.0000E+00     0.5913E+01     0.8987E+02     0.2051E+00     0.2774E+03     0.0000E+00     0.0000E+00     0.2551E+04     0.0000E+00     0.2542E+04     0.8047E+01     0.3133E+03     0.6340E+02     0.4721E+02     0.9352E+05
    67     3     8  1982      94      94  cha094               0.1111E+01     0.0000E+00     0.1108E+01     0.1111E+01     0.8321E+05     0.8316E+05     0.0000E+00     0.0000E+00     0.4555E+02     0.2066E+05     0.0000E+00     0.0000E+00     0.5496E+01     0.4997E+02     0.7300E-01     0.1491E+03     0.0000E+00     0.0000E+00     0.3037E+04     0.0000E+00     0.3030E+04     0.3628E+02     0.9631E+03     0.1956E+03     0.2850E+02     0.1573E+05
    67     3     8  1982      95      95  cha095               0.7550E+00     0.0000E+00     0.7524E+00     0.7550E+00     0.1292E+05     0.1292E+05     0.0000E+00     0.0000E+00     0.0000E+00     0.5567E+05     0.0000E+00     0.0000E+00     0.4848E+01     0.8918E+02     0.2472E+00     0.2754E+03     0.0000E+00     0.0000E+00     0.2545E+04     0.0000E+00     0.2537E+04     0.6428E+01     0.2453E+03     0.4951E+02     0.4682E+02     0.9632E+05
    67     3     8  1982      96      96  cha096               0.1545E+01     0.0000E+00     0.1537E+01     0.1545E+01     0.1047E+05     0.1046E+05     0.0000E+00     0.0000E+00     0.7772E+01     0.3916E+05     0.0000E+00     0.0000E+00     0.6700E+01     0.4018E+02     0.4549E-01     0.1198E+03     0.0000E+00     0.0000E+00     0.3038E+04     0.0000E+00     0.3022E+04     0.1032E+02     0.2125E+03     0.4508E+02     0.2285E+02     0.8167E+04
    67     3     8  1982      97      97  cha097               0.1335E+01     0.0000E+00     0.1332E+01     0.1335E+01     0.3053E+05     0.3053E+05     0.0000E+00     0.0000E+00     0.4590E+01     0.2900E+05     0.0000E+00     0.0000E+00     0.6863E+01     0.6698E+02     0.1191E+00     0.2063E+03     0.0000E+00     0.0000E+00     0.2521E+04     0.0000E+00     0.2517E+04     0.8392E+01     0.5702E+03     0.1124E+03     0.3507E+02     0.3665E+05
    67     3     8  1982      98      98  cha098               0.4898E+00     0.0000E+00     0.4890E+00     0.4898E+00     0.3352E+04     0.3351E+04     0.0000E+00     0.0000E+00     0.8777E+00     0.6828E+04     0.0000E+00     0.0000E+00     0.3362E+01     0.4318E+02     0.1044E+00     0.1293E+03     0.0000E+00     0.0000E+00     0.3038E+04     0.0000E+00     0.3033E+04     0.9421E+00     0.6695E+02     0.1345E+02     0.2459E+02     0.1143E+05
    67     3     8  1982      99      99  cha099               0.5467E+00     0.0000E+00     0.5461E+00     0.5467E+00     0.8445E+04     0.8445E+04     0.0000E+00     0.0000E+00     0.0000E+00     0.2286E+05     0.0000E+00     0.0000E+00     0.3982E+01     0.1118E+03     0.4123E+00     0.3451E+03     0.0000E+00     0.0000E+00     0.2558E+04     0.0000E+00     0.2555E+04     0.1455E+01     0.1616E+03     0.3084E+02     0.5883E+02     0.2125E+06
    67     3     8  1982     100     100  cha100               0.3185E+01     0.0000E+00     0.3184E+01     0.3185E+01     0.1767E+06     0.1767E+06     0.0000E+00     0.0000E+00     0.0000E+00     0.1664E+05     0.0000E+00     0.0000E+00     0.1036E+02     0.1957E+03     0.2669E+00     0.5791E+03     0.0000E+00     0.0000E+00     0.3027E+04     0.0000E+00     0.3026E+04     0.4331E+01     0.1682E+04     0.3298E+03     0.1129E+03     0.9673E+06
    67     3     8  1982     101     101  cha101               0.2466E+01     0.0000E+00     0.2461E+01     0.2466E+01     0.9626E+05     0.9625E+05     0.0000E+00     0.0000E+00     0.1253E+02     0.1152E+06     0.0000E+00     0.0000E+00     0.8879E+01     0.1282E+03     0.1734E+00     0.3826E+03     0.0000E+00     0.0000E+00     0.3032E+04     0.0000E+00     0.3026E+04     0.3562E+02     0.1134E+04     0.2327E+03     0.7329E+02     0.2626E+06
    67     3     8  1982     102     102  cha102               0.1608E+01     0.0000E+00     0.1606E+01     0.1608E+01     0.3513E+05     0.3512E+05     0.0000E+00     0.0000E+00     0.9586E+01     0.3974E+05     0.0000E+00     0.0000E+00     0.7279E+01     0.9540E+02     0.1549E+00     0.2837E+03     0.0000E+00     0.0000E+00     0.2754E+04     0.0000E+00     0.2750E+04     0.8036E+01     0.4583E+03     0.1046E+03     0.5265E+02     0.1082E+06
    67     3     8  1982     103     103  cha103               0.9354E+00     0.0000E+00     0.9342E+00     0.9354E+00     0.1180E+05     0.1180E+05     0.0000E+00     0.0000E+00     0.3053E+01     0.1309E+05     0.0000E+00     0.0000E+00     0.4959E+01     0.6246E+02     0.1100E+00     0.1860E+03     0.0000E+00     0.0000E+00     0.3036E+04     0.0000E+00     0.3033E+04     0.2521E+01     0.1687E+03     0.3376E+02     0.3566E+02     0.3172E+05
    67     3     8  1982     104     104  cha104               0.5549E+00     0.0000E+00     0.5542E+00     0.5549E+00     0.1157E+05     0.1157E+05     0.0000E+00     0.0000E+00     0.1699E+01     0.1292E+05     0.0000E+00     0.0000E+00     0.3840E+01     0.7274E+02     0.2024E+00     0.2162E+03     0.0000E+00     0.0000E+00     0.2758E+04     0.0000E+00     0.2755E+04     0.2420E+01     0.1526E+03     0.3363E+02     0.4017E+02     0.5531E+05
    67     3     8  1982     105     105  cha105               0.5936E+00     0.0000E+00     0.5930E+00     0.5936E+00     0.1125E+05     0.1125E+05     0.0000E+00     0.0000E+00     0.1643E+01     0.1370E+05     0.0000E+00     0.0000E+00     0.3991E+01     0.8081E+02     0.2233E+00     0.2403E+03     0.0000E+00     0.0000E+00     0.2768E+04     0.0000E+00     0.2765E+04     0.2050E+01     0.1493E+03     0.3298E+02     0.4468E+02     0.7612E+05
    67     3     8  1982     106     106  cha106               0.1172E+01     0.0000E+00     0.1166E+01     0.1172E+01     0.2406E+05     0.2406E+05     0.0000E+00     0.0000E+00     0.3670E+01     0.7726E+05     0.0000E+00     0.0000E+00     0.6340E+01     0.7551E+02     0.1516E+00     0.2324E+03     0.0000E+00     0.0000E+00     0.2525E+04     0.0000E+00     0.2513E+04     0.1640E+02     0.4579E+03     0.9313E+02     0.3961E+02     0.5369E+05
    67     3     8  1982     107     107  cha107               0.4755E+00     0.0000E+00     0.4747E+00     0.4755E+00     0.2917E+05     0.2916E+05     0.0000E+00     0.0000E+00     0.7643E+01     0.1004E+05     0.0000E+00     0.0000E+00     0.3303E+01     0.5471E+02     0.1437E+00     0.1625E+03     0.0000E+00     0.0000E+00     0.3038E+04     0.0000E+00     0.3033E+04     0.8821E+01     0.2978E+03     0.5715E+02     0.3133E+02     0.2398E+05
    67     3     8  1982     108     108  cha108               0.4096E+00     0.0000E+00     0.4088E+00     0.4096E+00     0.8673E+04     0.8672E+04     0.0000E+00     0.0000E+00     0.1321E+01     0.7004E+04     0.0000E+00     0.0000E+00     0.3374E+01     0.3887E+02     0.1204E+00     0.1196E+03     0.0000E+00     0.0000E+00     0.2527E+04     0.0000E+00     0.2522E+04     0.2598E+01     0.1632E+03     0.3149E+02     0.2038E+02     0.8207E+04
    67     3     8  1982     109     109  cha109               0.1136E+01     0.0000E+00     0.1134E+01     0.1136E+01     0.7921E+05     0.7920E+05     0.0000E+00     0.0000E+00     0.1106E+02     0.6064E+05     0.0000E+00     0.0000E+00     0.5571E+01     0.1285E+03     0.2634E+00     0.3808E+03     0.0000E+00     0.0000E+00     0.3037E+04     0.0000E+00     0.3032E+04     0.2443E+02     0.8250E+03     0.1559E+03     0.7369E+02     0.2984E+06
    67     3     8  1982     110     110  cha110               0.3493E+00     0.0000E+00     0.3491E+00     0.3564E+00     0.9048E+04     0.9048E+04     0.0000E+00     0.0000E+00     0.0000E+00     0.3481E+04     0.0000E+00     0.0000E+00     0.2919E+01     0.7547E+02     0.2877E+00     0.2242E+03     0.0000E+00     0.0000E+00     0.2742E+04     0.0000E+00     0.2741E+04     0.6084E+00     0.1167E+03     0.2461E+02     0.4162E+02     0.6881E+05
    67     3     8  1982     111     111  cha111               0.2949E+00     0.0000E+00     0.2949E+00     0.3233E+00     0.5548E+04     0.5547E+04     0.0000E+00     0.0000E+00     0.8344E+00     0.5531E+03     0.0000E+00     0.0000E+00     0.2764E+01     0.4902E+02     0.1888E+00     0.1511E+03     0.0000E+00     0.0000E+00     0.2536E+04     0.0000E+00     0.2536E+04     0.1029E+00     0.1056E+03     0.1890E+02     0.2570E+02     0.1713E+05
    67     3     8  1982     112     112  cha112               0.4012E+00     0.0000E+00     0.4011E+00     0.4012E+00     0.1631E+04     0.1631E+04     0.0000E+00     0.0000E+00     0.4270E+00     0.1361E+04     0.0000E+00     0.0000E+00     0.2983E+01     0.4116E+02     0.1128E+00     0.1225E+03     0.0000E+00     0.0000E+00     0.3038E+04     0.0000E+00     0.3037E+04     0.1070E+00     0.3555E+02     0.7347E+01     0.2353E+02     0.1034E+05
    67     3     8  1982     113     113  cha113               0.3764E+00     0.0000E+00     0.3764E+00     0.3923E+00     0.2029E+05     0.2029E+05     0.0000E+00     0.0000E+00     0.0000E+00     0.3345E+04     0.0000E+00     0.0000E+00     0.2873E+01     0.1461E+03     0.6229E+00     0.4395E+03     0.0000E+00     0.0000E+00     0.3035E+04     0.0000E+00     0.3035E+04     0.4994E+00     0.2066E+03     0.3425E+02     0.8310E+02     0.5812E+06
    67     3     8  1982     114     114  cha114               0.7342E+00     0.0000E+00     0.7324E+00     0.7342E+00     0.7335E+04     0.7334E+04     0.0000E+00     0.0000E+00     0.1003E+01     0.4453E+05     0.0000E+00     0.0000E+00     0.4288E+01     0.9827E+02     0.2375E+00     0.2923E+03     0.0000E+00     0.0000E+00     0.3037E+04     0.0000E+00     0.3030E+04     0.3271E+01     0.1376E+03     0.2758E+02     0.5625E+02     0.1383E+06
    67     3     8  1982     115     115  cha115               0.7111E+00     0.0000E+00     0.7098E+00     0.7111E+00     0.7535E+05     0.7534E+05     0.0000E+00     0.0000E+00     0.1052E+02     0.3413E+05     0.0000E+00     0.0000E+00     0.4207E+01     0.1006E+03     0.2525E+00     0.3007E+03     0.0000E+00     0.0000E+00     0.3036E+04     0.0000E+00     0.3030E+04     0.2462E+02     0.5263E+03     0.9134E+02     0.5741E+02     0.1498E+06
    67     3     8  1982     116     116  cha116               0.4356E+00     0.0000E+00     0.4353E+00     0.4356E+00     0.3048E+04     0.3046E+04     0.0000E+00     0.0000E+00     0.1432E+01     0.2427E+04     0.0000E+00     0.0000E+00     0.3134E+01     0.3205E+02     0.7857E-01     0.9657E+02     0.0000E+00     0.0000E+00     0.3038E+04     0.0000E+00     0.3035E+04     0.4877E+00     0.6108E+02     0.1190E+02     0.1818E+02     0.4753E+04
    67     3     8  1982     117     117  cha117               0.3161E+00     0.0000E+00     0.3158E+00     0.3245E+00     0.9357E+04     0.9357E+04     0.0000E+00     0.0000E+00     0.0000E+00     0.5617E+04     0.0000E+00     0.0000E+00     0.2906E+01     0.6313E+02     0.2695E+00     0.1944E+03     0.0000E+00     0.0000E+00     0.2500E+04     0.0000E+00     0.2498E+04     0.1228E+01     0.1722E+03     0.3154E+02     0.3303E+02     0.3846E+05
    67     3     8  1982     118     118  cha118               0.1513E+02     0.0000E+00     0.1511E+02     0.1513E+02     0.9664E+06     0.9664E+06     0.0000E+00     0.0000E+00     0.0000E+00     0.1625E+06     0.0000E+00     0.0000E+00     0.2671E+02     0.1172E+03     0.6440E-01     0.3406E+03     0.0000E+00     0.0000E+00     0.2966E+04     0.0000E+00     0.2962E+04     0.1937E+03     0.9007E+04     0.2372E+04     0.6849E+02     0.2083E+06
    67     3     8  1982     119     119  cha119               0.1415E+02     0.0000E+00     0.1414E+02     0.1415E+02     0.9325E+06     0.9325E+06     0.0000E+00     0.0000E+00     0.0000E+00     0.1459E+06     0.0000E+00     0.0000E+00     0.2562E+02     0.1451E+03     0.8787E-01     0.4205E+03     0.0000E+00     0.0000E+00     0.2976E+04     0.0000E+00     0.2973E+04     0.1291E+03     0.8610E+04     0.2194E+04     0.8517E+02     0.3796E+06
    67     3     8  1982     120     120  cha120               0.1312E+02     0.0000E+00     0.1305E+02     0.1312E+02     0.8171E+06     0.8171E+06     0.0000E+00     0.0000E+00     0.0000E+00     0.6210E+06     0.0000E+00     0.0000E+00     0.2437E+02     0.1298E+03     0.7879E-01     0.3781E+03     0.0000E+00     0.0000E+00     0.2996E+04     0.0000E+00     0.2983E+04     0.5950E+03     0.7699E+04     0.1967E+04     0.7590E+02     0.2735E+06
    67     3     8  1982     121     121  cha121               0.1001E+02     0.0000E+00     0.9992E+01     0.1001E+02     0.7139E+06     0.7139E+06     0.0000E+00     0.0000E+00     0.0000E+00     0.1505E+06     0.0000E+00     0.0000E+00     0.2068E+02     0.1246E+03     0.8207E-01     0.3619E+03     0.0000E+00     0.0000E+00     0.3006E+04     0.0000E+00     0.3002E+04     0.1568E+03     0.6665E+04     0.1530E+04     0.7304E+02     0.2368E+06
    67     3     8  1982     122     122  cha122               0.7773E+01     0.0000E+00     0.7751E+01     0.7773E+01     0.5403E+06     0.5402E+06     0.0000E+00     0.0000E+00     0.6480E+02     0.2355E+06     0.0000E+00     0.0000E+00     0.1777E+02     0.1184E+03     0.8540E-01     0.3451E+03     0.0000E+00     0.0000E+00     0.3008E+04     0.0000E+00     0.3000E+04     0.2339E+03     0.4902E+04     0.1100E+04     0.6919E+02     0.2004E+06
    67     3     8  1982     123     123  cha123               0.6750E+01     0.0000E+00     0.6744E+01     0.6750E+01     0.3716E+06     0.3715E+06     0.0000E+00     0.0000E+00     0.1111E+03     0.3809E+05     0.0000E+00     0.0000E+00     0.1633E+02     0.7564E+02     0.4957E-01     0.2224E+03     0.0000E+00     0.0000E+00     0.3007E+04     0.0000E+00     0.3004E+04     0.5389E+02     0.3632E+04     0.7862E+03     0.4375E+02     0.5414E+05
    67     3     8  1982     124     124  cha124               0.6185E+01     0.0000E+00     0.6152E+01     0.6185E+01     0.2772E+06     0.2771E+06     0.0000E+00     0.0000E+00     0.1081E+03     0.1736E+06     0.0000E+00     0.0000E+00     0.1545E+02     0.6659E+02     0.4416E-01     0.1977E+03     0.0000E+00     0.0000E+00     0.3020E+04     0.0000E+00     0.3004E+04     0.2313E+03     0.2901E+04     0.6342E+03     0.3818E+02     0.3732E+05
    67     3     8  1982     125     125  cha125               0.4714E+00     0.0000E+00     0.4708E+00     0.4714E+00     0.2388E+05     0.2388E+05     0.0000E+00     0.0000E+00     0.3320E+01     0.1431E+05     0.0000E+00     0.0000E+00     0.3288E+01     0.8069E+02     0.2492E+00     0.2436E+03     0.0000E+00     0.0000E+00     0.3035E+04     0.0000E+00     0.3031E+04     0.5598E+01     0.2550E+03     0.4558E+02     0.4579E+02     0.8152E+05
    67     3     8  1982     126     126  cha126               0.1219E+01     0.0000E+00     0.1218E+01     0.1219E+01     0.7827E+05     0.7827E+05     0.0000E+00     0.0000E+00     0.0000E+00     0.2071E+05     0.0000E+00     0.0000E+00     0.5978E+01     0.1250E+03     0.2438E+00     0.3688E+03     0.0000E+00     0.0000E+00     0.2898E+04     0.0000E+00     0.2896E+04     0.8079E+01     0.6035E+03     0.1342E+03     0.7115E+02     0.2670E+06
    67     3     8  1982     127     127  cha127               0.1803E+01     0.0000E+00     0.1795E+01     0.1803E+01     0.1240E+06     0.1240E+06     0.0000E+00     0.0000E+00     0.4233E+02     0.8024E+05     0.0000E+00     0.0000E+00     0.7350E+01     0.6988E+02     0.8694E-01     0.2072E+03     0.0000E+00     0.0000E+00     0.3037E+04     0.0000E+00     0.3024E+04     0.1007E+03     0.1297E+04     0.2687E+03     0.4002E+02     0.4165E+05
    67     3     8  1982     128     128  cha128               0.5610E+00     0.0000E+00     0.5594E+00     0.5610E+00     0.3028E+05     0.3025E+05     0.0000E+00     0.0000E+00     0.2602E+02     0.1885E+04     0.0000E+00     0.0000E+00     0.3745E+01     0.1135E+02     0.2104E-01     0.3310E+02     0.0000E+00     0.0000E+00     0.2908E+04     0.0000E+00     0.2900E+04     0.1464E+02     0.2398E+03     0.5462E+02     0.6376E+01     0.2771E+03
    67     3     8  1982     129     129  cha129               0.4947E+00     0.0000E+00     0.4939E+00     0.4947E+00     0.4701E+05     0.4698E+05     0.0000E+00     0.0000E+00     0.3691E+02     0.1464E+04     0.0000E+00     0.0000E+00     0.3510E+01     0.1370E+02     0.2784E-01     0.4003E+02     0.0000E+00     0.0000E+00     0.2857E+04     0.0000E+00     0.2852E+04     0.1406E+02     0.3437E+03     0.7120E+02     0.7643E+01     0.4416E+03
    67     3     8  1982     130     130  cha130               0.7789E+00     0.0000E+00     0.7770E+00     0.7789E+00     0.2837E+05     0.2837E+05     0.0000E+00     0.0000E+00     0.7540E+01     0.4500E+05     0.0000E+00     0.0000E+00     0.4440E+01     0.9916E+02     0.2384E+00     0.2994E+03     0.0000E+00     0.0000E+00     0.3040E+04     0.0000E+00     0.3032E+04     0.1137E+02     0.2967E+03     0.5924E+02     0.5503E+02     0.1342E+06
    67     3     8  1982     131     131  cha131               0.8985E+00     0.0000E+00     0.8955E+00     0.8985E+00     0.8901E+04     0.8898E+04     0.0000E+00     0.0000E+00     0.2921E+01     0.2645E+05     0.0000E+00     0.0000E+00     0.5333E+01     0.5144E+02     0.1030E+00     0.1591E+03     0.0000E+00     0.0000E+00     0.2584E+04     0.0000E+00     0.2575E+04     0.4309E+01     0.1748E+03     0.3674E+02     0.2709E+02     0.1714E+05
    67     3     8  1982     132     132  cha132               0.6009E+00     0.0000E+00     0.6003E+00     0.6009E+00     0.5265E+05     0.5264E+05     0.0000E+00     0.0000E+00     0.1380E+02     0.1036E+05     0.0000E+00     0.0000E+00     0.3802E+01     0.6971E+02     0.1680E+00     0.2063E+03     0.0000E+00     0.0000E+00     0.3038E+04     0.0000E+00     0.3034E+04     0.9889E+01     0.5006E+03     0.9220E+02     0.4000E+02     0.4862E+05
    67     3     8  1982     133     133  cha133               0.3598E+00     0.0000E+00     0.3593E+00     0.3598E+00     0.2742E+04     0.2741E+04     0.0000E+00     0.0000E+00     0.1177E+01     0.2695E+04     0.0000E+00     0.0000E+00     0.3071E+01     0.2475E+02     0.7415E-01     0.7655E+02     0.0000E+00     0.0000E+00     0.2596E+04     0.0000E+00     0.2592E+04     0.6592E+00     0.5475E+02     0.1145E+02     0.1304E+02     0.2209E+04
    67     3     8  1982     134     134  cha134               0.5427E+00     0.0000E+00     0.5418E+00     0.5427E+00     0.4823E+04     0.4823E+04     0.0000E+00     0.0000E+00     0.0000E+00     0.2416E+05     0.0000E+00     0.0000E+00     0.3577E+01     0.9556E+02     0.2776E+00     0.2837E+03     0.0000E+00     0.0000E+00     0.3036E+04     0.0000E+00     0.3031E+04     0.1424E+01     0.9077E+02     0.1810E+02     0.5476E+02     0.1359E+06
    67     3     8  1982     135     135  cha135               0.4773E+00     0.0000E+00     0.4769E+00     0.4773E+00     0.6585E+05     0.6583E+05     0.0000E+00     0.0000E+00     0.1726E+02     0.5336E+04     0.0000E+00     0.0000E+00     0.3312E+01     0.5221E+02     0.1376E+00     0.1573E+03     0.0000E+00     0.0000E+00     0.3037E+04     0.0000E+00     0.3034E+04     0.1078E+02     0.5232E+03     0.8793E+02     0.2964E+02     0.2062E+05
