 Prueba3                  
  SWAT+ Jul 2 2024        MODULAR Rev 2024.61.0.1                               
  
                                                                            --YIELD (kg/ha)--
  jday   mon   day    yr    unit PLANTNM                         MASS          C           N           P
    67     3     8  1982       1    shrb                                                0.000       0.000       0.000       0.000
    67     3     8  1982       2    shrb                                                0.000       0.000       0.000       0.000
    67     3     8  1982       3    shrb                                                0.000       0.000       0.000       0.000
    67     3     8  1982       4    shrb                                                0.000       0.000       0.000       0.000
    67     3     8  1982       5    shrb                                                0.000       0.000       0.000       0.000
    67     3     8  1982       6    shrb                                                0.000       0.000       0.000       0.000
    67     3     8  1982       7    shrb                                                0.000       0.000       0.000       0.000
    67     3     8  1982       8    shrb                                                0.000       0.000       0.000       0.000
    67     3     8  1982       9    shrb                                                0.000       0.000       0.000       0.000
    67     3     8  1982      10    shrb                                                0.000       0.000       0.000       0.000
    67     3     8  1982      11    shrb                                                0.000       0.000       0.000       0.000
    67     3     8  1982      12    shrb                                                0.000       0.000       0.000       0.000
    67     3     8  1982      13    shrb                                                0.000       0.000       0.000       0.000
    67     3     8  1982      14    shrb                                                0.000       0.000       0.000       0.000
    67     3     8  1982      15    shrb                                                0.000       0.000       0.000       0.000
    67     3     8  1982      16    shrb                                                0.000       0.000       0.000       0.000
    67     3     8  1982      17    shrb                                                0.000       0.000       0.000       0.000
    67     3     8  1982      18    shrb                                                0.000       0.000       0.000       0.000
    67     3     8  1982      19    shrb                                                0.000       0.000       0.000       0.000
    67     3     8  1982      20    shrb                                                0.000       0.000       0.000       0.000
    67     3     8  1982      21    shrb                                                0.000       0.000       0.000       0.000
    67     3     8  1982      22    shrb                                                0.000       0.000       0.000       0.000
    67     3     8  1982      23    shrb                                                0.000       0.000       0.000       0.000
    67     3     8  1982      24    shrb                                                0.000       0.000       0.000       0.000
    67     3     8  1982      25    shrb                                                0.000       0.000       0.000       0.000
    67     3     8  1982      26    shrb                                                0.000       0.000       0.000       0.000
    67     3     8  1982      27    shrb                                                0.000       0.000       0.000       0.000
    67     3     8  1982      28    shrb                                                0.000       0.000       0.000       0.000
    67     3     8  1982      29    shrb                                                0.000       0.000       0.000       0.000
    67     3     8  1982      30    shrb                                                0.000       0.000       0.000       0.000
    67     3     8  1982      31    shrb                                                0.000       0.000       0.000       0.000
    67     3     8  1982      32    shrb                                                0.000       0.000       0.000       0.000
    67     3     8  1982      33    shrb                                                0.000       0.000       0.000       0.000
    67     3     8  1982      34    tuwo                                                0.000       0.000       0.000       0.000
    67     3     8  1982      35    shrb                                                0.000       0.000       0.000       0.000
    67     3     8  1982      36    tuwo                                                0.000       0.000       0.000       0.000
    67     3     8  1982      37    tuwo                                                0.000       0.000       0.000       0.000
    67     3     8  1982      38    shrb                                                0.000       0.000       0.000       0.000
    67     3     8  1982      39    shrb                                                0.000       0.000       0.000       0.000
    67     3     8  1982      40    shrb                                                0.000       0.000       0.000       0.000
    67     3     8  1982      41    shrb                                                0.000       0.000       0.000       0.000
    67     3     8  1982      42    shrb                                                0.000       0.000       0.000       0.000
    67     3     8  1982      43    shrb                                                0.000       0.000       0.000       0.000
    67     3     8  1982      44    shrb                                                0.000       0.000       0.000       0.000
    67     3     8  1982      45    shrb                                                0.000       0.000       0.000       0.000
    67     3     8  1982      46    tuwo                                                0.000       0.000       0.000       0.000
    67     3     8  1982      47    shrb                                                0.000       0.000       0.000       0.000
    67     3     8  1982      48    shrb                                                0.000       0.000       0.000       0.000
    67     3     8  1982      49    shrb                                                0.000       0.000       0.000       0.000
    67     3     8  1982      50    shrb                                                0.000       0.000       0.000       0.000
    67     3     8  1982      51    shrb                                                0.000       0.000       0.000       0.000
    67     3     8  1982      52    shrb                                                0.000       0.000       0.000       0.000
    67     3     8  1982      53    shrb                                                0.000       0.000       0.000       0.000
    67     3     8  1982      54    tuwo                                                0.000       0.000       0.000       0.000
    67     3     8  1982      55    shrb                                                0.000       0.000       0.000       0.000
    67     3     8  1982      56    shrb                                                0.000       0.000       0.000       0.000
    67     3     8  1982      57    shrb                                                0.000       0.000       0.000       0.000
    67     3     8  1982      58    shrb                                                0.000       0.000       0.000       0.000
    67     3     8  1982      59    shrb                                                0.000       0.000       0.000       0.000
    67     3     8  1982      60    shrb                                                0.000       0.000       0.000       0.000
    67     3     8  1982      61    shrb                                                0.000       0.000       0.000       0.000
    67     3     8  1982      62    shrb                                                0.000       0.000       0.000       0.000
    67     3     8  1982      63    shrb                                                0.000       0.000       0.000       0.000
    67     3     8  1982      64    shrb                                                0.000       0.000       0.000       0.000
    67     3     8  1982      65    shrb                                                0.000       0.000       0.000       0.000
    67     3     8  1982      66    shrb                                                0.000       0.000       0.000       0.000
    67     3     8  1982      67    shrb                                                0.000       0.000       0.000       0.000
    67     3     8  1982      68    shrb                                                0.000       0.000       0.000       0.000
    67     3     8  1982      69    shrb                                                0.000       0.000       0.000       0.000
    67     3     8  1982      70    shrb                                                0.000       0.000       0.000       0.000
    67     3     8  1982      71    shrb                                                0.000       0.000       0.000       0.000
    67     3     8  1982      72    shrb                                                0.000       0.000       0.000       0.000
    67     3     8  1982      73    shrb                                                0.000       0.000       0.000       0.000
    67     3     8  1982      74    shrb                                                0.000       0.000       0.000       0.000
    67     3     8  1982      75    shrb                                                0.000       0.000       0.000       0.000
    67     3     8  1982      76    shrb                                                0.000       0.000       0.000       0.000
    67     3     8  1982      77    shrb                                                0.000       0.000       0.000       0.000
    67     3     8  1982      78    shrb                                                0.000       0.000       0.000       0.000
    67     3     8  1982      79    shrb                                                0.000       0.000       0.000       0.000
    67     3     8  1982      80    shrb                                                0.000       0.000       0.000       0.000
    67     3     8  1982      81    shrb                                                0.000       0.000       0.000       0.000
    67     3     8  1982      82    shrb                                                0.000       0.000       0.000       0.000
    67     3     8  1982      83    tuwo                                                0.000       0.000       0.000       0.000
    67     3     8  1982      84    shrb                                                0.000       0.000       0.000       0.000
    67     3     8  1982      85    shrb                                                0.000       0.000       0.000       0.000
    67     3     8  1982      86    tuwo                                                0.000       0.000       0.000       0.000
    67     3     8  1982      87    shrb                                                0.000       0.000       0.000       0.000
    67     3     8  1982      88    shrb                                                0.000       0.000       0.000       0.000
    67     3     8  1982      89    tuwo                                                0.000       0.000       0.000       0.000
    67     3     8  1982      90    shrb                                                0.000       0.000       0.000       0.000
    67     3     8  1982      91    shrb                                                0.000       0.000       0.000       0.000
    67     3     8  1982      92    shrb                                                0.000       0.000       0.000       0.000
    67     3     8  1982      93    shrb                                                0.000       0.000       0.000       0.000
    67     3     8  1982      94    shrb                                                0.000       0.000       0.000       0.000
    67     3     8  1982      95    shrb                                                0.000       0.000       0.000       0.000
    67     3     8  1982      96    shrb                                                0.000       0.000       0.000       0.000
    67     3     8  1982      97    shrb                                                0.000       0.000       0.000       0.000
    67     3     8  1982      98    shrb                                                0.000       0.000       0.000       0.000
    67     3     8  1982      99    shrb                                                0.000       0.000       0.000       0.000
    67     3     8  1982     100    tuwo                                                0.000       0.000       0.000       0.000
    67     3     8  1982     101    shrb                                                0.000       0.000       0.000       0.000
    67     3     8  1982     102    shrb                                                0.000       0.000       0.000       0.000
    67     3     8  1982     103    shrb                                                0.000       0.000       0.000       0.000
    67     3     8  1982     104    shrb                                                0.000       0.000       0.000       0.000
    67     3     8  1982     105    shrb                                                0.000       0.000       0.000       0.000
    67     3     8  1982     106    shrb                                                0.000       0.000       0.000       0.000
    67     3     8  1982     107    shrb                                                0.000       0.000       0.000       0.000
    67     3     8  1982     108    shrb                                                0.000       0.000       0.000       0.000
    67     3     8  1982     109    shrb                                                0.000       0.000       0.000       0.000
    67     3     8  1982     110    shrb                                                0.000       0.000       0.000       0.000
    67     3     8  1982     111    shrb                                                0.000       0.000       0.000       0.000
    67     3     8  1982     112    shrb                                                0.000       0.000       0.000       0.000
    67     3     8  1982     113    shrb                                                0.000       0.000       0.000       0.000
    67     3     8  1982     114    shrb                                                0.000       0.000       0.000       0.000
    67     3     8  1982     115    shrb                                                0.000       0.000       0.000       0.000
    67     3     8  1982     116    tuwo                                                0.000       0.000       0.000       0.000
    67     3     8  1982     117    shrb                                                0.000       0.000       0.000       0.000
    67     3     8  1982     118    shrb                                                0.000       0.000       0.000       0.000
    67     3     8  1982     119    shrb                                                0.000       0.000       0.000       0.000
    67     3     8  1982     120    shrb                                                0.000       0.000       0.000       0.000
    67     3     8  1982     121    shrb                                                0.000       0.000       0.000       0.000
    67     3     8  1982     122    shrb                                                0.000       0.000       0.000       0.000
    67     3     8  1982     123    shrb                                                0.000       0.000       0.000       0.000
    67     3     8  1982     124    shrb                                                0.000       0.000       0.000       0.000
    67     3     8  1982     125    tuwo                                                0.000       0.000       0.000       0.000
    67     3     8  1982     126    tuwo                                                0.000       0.000       0.000       0.000
    67     3     8  1982     127    tuwo                                                0.000       0.000       0.000       0.000
    67     3     8  1982     128    tuwo                                                0.000       0.000       0.000       0.000
    67     3     8  1982     129    shrb                                                0.000       0.000       0.000       0.000
    67     3     8  1982     130    shrb                                                0.000       0.000       0.000       0.000
    67     3     8  1982     131    shrb                                                0.000       0.000       0.000       0.000
    67     3     8  1982     132    tuwo                                                0.000       0.000       0.000       0.000
    67     3     8  1982     133    tuwo                                                0.000       0.000       0.000       0.000
    67     3     8  1982     134    shrb                                                0.000       0.000       0.000       0.000
    67     3     8  1982     135    shrb                                                0.000       0.000       0.000       0.000
    67     3     8  1982     136    shrb                                                0.000       0.000       0.000       0.000
    67     3     8  1982     137    shrb                                                0.000       0.000       0.000       0.000
    67     3     8  1982     138    shrb                                                0.000       0.000       0.000       0.000
    67     3     8  1982     139    tuwo                                                0.000       0.000       0.000       0.000
    67     3     8  1982     140    tuwo                                                0.000       0.000       0.000       0.000
    67     3     8  1982     141    shrb                                                0.000       0.000       0.000       0.000
    67     3     8  1982     142    shrb                                                0.000       0.000       0.000       0.000
    67     3     8  1982     143    tuwo                                                0.000       0.000       0.000       0.000
    67     3     8  1982     144    tuwo                                                0.000       0.000       0.000       0.000
    67     3     8  1982     145    tuwo                                                0.000       0.000       0.000       0.000
    67     3     8  1982     146    shrb                                                0.000       0.000       0.000       0.000
    67     3     8  1982     147    shrb                                                0.000       0.000       0.000       0.000
    67     3     8  1982     148    tuwo                                                0.000       0.000       0.000       0.000
    67     3     8  1982     149    tuwo                                                0.000       0.000       0.000       0.000
    67     3     8  1982     150    tuwo                                                0.000       0.000       0.000       0.000
    67     3     8  1982     151    tuwo                                                0.000       0.000       0.000       0.000
    67     3     8  1982     152    tuwo                                                0.000       0.000       0.000       0.000
    67     3     8  1982     153    tuwo                                                0.000       0.000       0.000       0.000
    67     3     8  1982     154    shrb                                                0.000       0.000       0.000       0.000
    67     3     8  1982     155    shrb                                                0.000       0.000       0.000       0.000
    67     3     8  1982     156    shrb                                                0.000       0.000       0.000       0.000
    67     3     8  1982     157    shrb                                                0.000       0.000       0.000       0.000
    67     3     8  1982     158    shrb                                                0.000       0.000       0.000       0.000
    67     3     8  1982     159    shrb                                                0.000       0.000       0.000       0.000
    67     3     8  1982     160    shrb                                                0.000       0.000       0.000       0.000
    67     3     8  1982     161    shrb                                                0.000       0.000       0.000       0.000
    67     3     8  1982     162    shrb                                                0.000       0.000       0.000       0.000
    67     3     8  1982     163    tuwo                                                0.000       0.000       0.000       0.000
    67     3     8  1982     164    tuwo                                                0.000       0.000       0.000       0.000
    67     3     8  1982     165    tuwo                                                0.000       0.000       0.000       0.000
    67     3     8  1982     166    tuwo                                                0.000       0.000       0.000       0.000
    67     3     8  1982     167    tuwo                                                0.000       0.000       0.000       0.000
    67     3     8  1982     168    shrb                                                0.000       0.000       0.000       0.000
    67     3     8  1982     169    tuwo                                                0.000       0.000       0.000       0.000
    67     3     8  1982     170    tuwo                                                0.000       0.000       0.000       0.000
    67     3     8  1982     171    tuwo                                                0.000       0.000       0.000       0.000
    67     3     8  1982     172    shrb                                                0.000       0.000       0.000       0.000
    67     3     8  1982     173    shrb                                                0.000       0.000       0.000       0.000
    67     3     8  1982     174    shrb                                                0.000       0.000       0.000       0.000
    67     3     8  1982     175    shrb                                                0.000       0.000       0.000       0.000
    67     3     8  1982     176    shrb                                                0.000       0.000       0.000       0.000
    67     3     8  1982     177    tuwo                                                0.000       0.000       0.000       0.000
    67     3     8  1982     178    tuwo                                                0.000       0.000       0.000       0.000
    67     3     8  1982     179    shrb                                                0.000       0.000       0.000       0.000
    67     3     8  1982     180    shrb                                                0.000       0.000       0.000       0.000
    67     3     8  1982     181    tuwo                                                0.000       0.000       0.000       0.000
    67     3     8  1982     182    shrb                                                0.000       0.000       0.000       0.000
    67     3     8  1982     183    shrb                                                0.000       0.000       0.000       0.000
    67     3     8  1982     184    shrb                                                0.000       0.000       0.000       0.000
    67     3     8  1982     185    shrb                                                0.000       0.000       0.000       0.000
    67     3     8  1982     186    shrb                                                0.000       0.000       0.000       0.000
    67     3     8  1982     187    tuwo                                                0.000       0.000       0.000       0.000
    67     3     8  1982     188    tuwo                                                0.000       0.000       0.000       0.000
    67     3     8  1982     189    tuwo                                                0.000       0.000       0.000       0.000
    67     3     8  1982     190    tuwo                                                0.000       0.000       0.000       0.000
    67     3     8  1982     191    shrb                                                0.000       0.000       0.000       0.000
    67     3     8  1982     192    shrb                                                0.000       0.000       0.000       0.000
    67     3     8  1982     193    bsvg                                                0.000       0.000       0.000       0.000
    67     3     8  1982     194    shrb                                                0.000       0.000       0.000       0.000
    67     3     8  1982     195    shrb                                                0.000       0.000       0.000       0.000
    67     3     8  1982     196    shrb                                                0.000       0.000       0.000       0.000
    67     3     8  1982     197    shrb                                                0.000       0.000       0.000       0.000
    67     3     8  1982     198    shrb                                                0.000       0.000       0.000       0.000
    67     3     8  1982     199    bsvg                                                0.000       0.000       0.000       0.000
    67     3     8  1982     200    bsvg                                                0.000       0.000       0.000       0.000
    67     3     8  1982     201    shrb                                                0.000       0.000       0.000       0.000
    67     3     8  1982     202    bsvg                                                0.000       0.000       0.000       0.000
    67     3     8  1982     203    shrb                                                0.000       0.000       0.000       0.000
    67     3     8  1982     204    shrb                                                0.000       0.000       0.000       0.000
    67     3     8  1982     205    bsvg                                                0.000       0.000       0.000       0.000
    67     3     8  1982     206    bsvg                                                0.000       0.000       0.000       0.000
    67     3     8  1982     207    shrb                                                0.000       0.000       0.000       0.000
    67     3     8  1982     208    shrb                                                0.000       0.000       0.000       0.000
    67     3     8  1982     209    shrb                                                0.000       0.000       0.000       0.000
    67     3     8  1982     210    shrb                                                0.000       0.000       0.000       0.000
    67     3     8  1982     211    bsvg                                                0.000       0.000       0.000       0.000
    67     3     8  1982     212    bsvg                                                0.000       0.000       0.000       0.000
    67     3     8  1982     213    bsvg                                                0.000       0.000       0.000       0.000
    67     3     8  1982     214    shrb                                                0.000       0.000       0.000       0.000
    67     3     8  1982     215    bsvg                                                0.000       0.000       0.000       0.000
    67     3     8  1982     216    shrb                                                0.000       0.000       0.000       0.000
    67     3     8  1982     217    bsvg                                                0.000       0.000       0.000       0.000
    67     3     8  1982     218    bsvg                                                0.000       0.000       0.000       0.000
    67     3     8  1982     219    bsvg                                                0.000       0.000       0.000       0.000
    67     3     8  1982     220    bsvg                                                0.000       0.000       0.000       0.000
    67     3     8  1982     221    tuwo                                                0.000       0.000       0.000       0.000
    67     3     8  1982     222    tuwo                                                0.000       0.000       0.000       0.000
    67     3     8  1982     223    shrb                                                0.000       0.000       0.000       0.000
    67     3     8  1982     224    shrb                                                0.000       0.000       0.000       0.000
    67     3     8  1982     225    tuwo                                                0.000       0.000       0.000       0.000
    67     3     8  1982     226    shrb                                                0.000       0.000       0.000       0.000
    67     3     8  1982     227    shrb                                                0.000       0.000       0.000       0.000
    67     3     8  1982     228    shrb                                                0.000       0.000       0.000       0.000
    67     3     8  1982     229    tuwo                                                0.000       0.000       0.000       0.000
    67     3     8  1982     230    tuwo                                                0.000       0.000       0.000       0.000
    67     3     8  1982     231    tuwo                                                0.000       0.000       0.000       0.000
    67     3     8  1982     232    shrb                                                0.000       0.000       0.000       0.000
    67     3     8  1982     233    shrb                                                0.000       0.000       0.000       0.000
    67     3     8  1982     234    tuwo                                                0.000       0.000       0.000       0.000
    67     3     8  1982     235    tuwo                                                0.000       0.000       0.000       0.000
    67     3     8  1982     236    shrb                                                0.000       0.000       0.000       0.000
    67     3     8  1982     237    tuwo                                                0.000       0.000       0.000       0.000
    67     3     8  1982     238    tuwo                                                0.000       0.000       0.000       0.000
    67     3     8  1982     239    tuwo                                                0.000       0.000       0.000       0.000
    67     3     8  1982     240    shrb                                                0.000       0.000       0.000       0.000
    67     3     8  1982     241    tuwo                                                0.000       0.000       0.000       0.000
    67     3     8  1982     242    shrb                                                0.000       0.000       0.000       0.000
    67     3     8  1982     243    shrb                                                0.000       0.000       0.000       0.000
    67     3     8  1982     244    shrb                                                0.000       0.000       0.000       0.000
    67     3     8  1982     245    shrb                                                0.000       0.000       0.000       0.000
    67     3     8  1982     246    shrb                                                0.000       0.000       0.000       0.000
    67     3     8  1982     247    shrb                                                0.000       0.000       0.000       0.000
    67     3     8  1982     248    shrb                                                0.000       0.000       0.000       0.000
    67     3     8  1982     249    shrb                                                0.000       0.000       0.000       0.000
    67     3     8  1982     250    shrb                                                0.000       0.000       0.000       0.000
    67     3     8  1982     251    shrb                                                0.000       0.000       0.000       0.000
    67     3     8  1982     252    shrb                                                0.000       0.000       0.000       0.000
    67     3     8  1982     253    shrb                                                0.000       0.000       0.000       0.000
    67     3     8  1982     254    shrb                                                0.000       0.000       0.000       0.000
    67     3     8  1982     255    shrb                                                0.000       0.000       0.000       0.000
    67     3     8  1982     256    shrb                                                0.000       0.000       0.000       0.000
    67     3     8  1982     257    shrb                                                0.000       0.000       0.000       0.000
    67     3     8  1982     258    shrb                                                0.000       0.000       0.000       0.000
    67     3     8  1982     259    shrb                                                0.000       0.000       0.000       0.000
    67     3     8  1982     260    shrb                                                0.000       0.000       0.000       0.000
    67     3     8  1982     261    shrb                                                0.000       0.000       0.000       0.000
    67     3     8  1982     262    shrb                                                0.000       0.000       0.000       0.000
    67     3     8  1982     263    shrb                                                0.000       0.000       0.000       0.000
    67     3     8  1982     264    shrb                                                0.000       0.000       0.000       0.000
    67     3     8  1982     265    shrb                                                0.000       0.000       0.000       0.000
    67     3     8  1982     266    shrb                                                0.000       0.000       0.000       0.000
    67     3     8  1982     267    shrb                                                0.000       0.000       0.000       0.000
    67     3     8  1982     268    shrb                                                0.000       0.000       0.000       0.000
    67     3     8  1982     269    shrb                                                0.000       0.000       0.000       0.000
    67     3     8  1982     270    shrb                                                0.000       0.000       0.000       0.000
    67     3     8  1982     271    shrb                                                0.000       0.000       0.000       0.000
