           1 cha001            0.0000000E+00  0.0000000E+00  0.0000000E+00
           2 cha002            0.0000000E+00  0.0000000E+00  0.0000000E+00
           3 cha003            0.0000000E+00  0.0000000E+00  0.0000000E+00
           4 cha004            0.0000000E+00  0.0000000E+00  0.0000000E+00
           5 cha005            0.0000000E+00  0.0000000E+00  0.0000000E+00
           6 cha006            0.0000000E+00  0.0000000E+00  0.0000000E+00
           7 cha007            0.0000000E+00  0.0000000E+00  0.0000000E+00
           8 cha008            0.0000000E+00  0.0000000E+00  0.0000000E+00
           9 cha009            0.0000000E+00  0.0000000E+00  0.0000000E+00
          10 cha010            0.0000000E+00  0.0000000E+00  0.0000000E+00
          11 cha011            0.0000000E+00  0.0000000E+00  0.0000000E+00
          12 cha012            0.0000000E+00  0.0000000E+00  0.0000000E+00
          13 cha013            0.0000000E+00  0.0000000E+00  0.0000000E+00
          14 cha014            0.0000000E+00  0.0000000E+00  0.0000000E+00
          15 cha015            0.0000000E+00  0.0000000E+00  0.0000000E+00
          16 cha016            0.0000000E+00  0.0000000E+00  0.0000000E+00
          17 cha017            0.0000000E+00  0.0000000E+00  0.0000000E+00
          18 cha018            0.0000000E+00  0.0000000E+00  0.0000000E+00
          19 cha019            0.0000000E+00  0.0000000E+00  0.0000000E+00
          20 cha020            0.0000000E+00  0.0000000E+00  0.0000000E+00
          21 cha021            0.0000000E+00  0.0000000E+00  0.0000000E+00
          22 cha022            0.0000000E+00  0.0000000E+00  0.0000000E+00
          23 cha023            0.0000000E+00  0.0000000E+00  0.0000000E+00
          24 cha024            0.0000000E+00  0.0000000E+00  0.0000000E+00
          25 cha025            0.0000000E+00  0.0000000E+00  0.0000000E+00
          26 cha026            0.0000000E+00  0.0000000E+00  0.0000000E+00
          27 cha027            0.0000000E+00  0.0000000E+00  0.0000000E+00
          28 cha028            0.0000000E+00  0.0000000E+00  0.0000000E+00
          29 cha029            0.0000000E+00  0.0000000E+00  0.0000000E+00
          30 cha030            0.0000000E+00  0.0000000E+00  0.0000000E+00
          31 cha031            0.0000000E+00  0.0000000E+00  0.0000000E+00
          32 cha032            0.0000000E+00  0.0000000E+00  0.0000000E+00
          33 cha033            0.0000000E+00  0.0000000E+00  0.0000000E+00
          34 cha034            0.0000000E+00  0.0000000E+00  0.0000000E+00
          35 cha035            0.0000000E+00  0.0000000E+00  0.0000000E+00
          36 cha036            0.0000000E+00  0.0000000E+00  0.0000000E+00
          37 cha037            0.0000000E+00  0.0000000E+00  0.0000000E+00
          38 cha038            0.0000000E+00  0.0000000E+00  0.0000000E+00
          39 cha039            0.0000000E+00  0.0000000E+00  0.0000000E+00
          40 cha040            0.0000000E+00  0.0000000E+00  0.0000000E+00
          41 cha041            0.0000000E+00  0.0000000E+00  0.0000000E+00
          42 cha042            0.0000000E+00  0.0000000E+00  0.0000000E+00
          43 cha043            0.0000000E+00  0.0000000E+00  0.0000000E+00
          44 cha044            0.0000000E+00  0.0000000E+00  0.0000000E+00
          45 cha045            0.0000000E+00  0.0000000E+00  0.0000000E+00
          46 cha046            0.0000000E+00  0.0000000E+00  0.0000000E+00
          47 cha047            0.0000000E+00  0.0000000E+00  0.0000000E+00
          48 cha048            0.0000000E+00  0.0000000E+00  0.0000000E+00
          49 cha049            0.0000000E+00  0.0000000E+00  0.0000000E+00
          50 cha050            0.0000000E+00  0.0000000E+00  0.0000000E+00
          51 cha051            0.0000000E+00  0.0000000E+00  0.0000000E+00
          52 cha052            0.0000000E+00  0.0000000E+00  0.0000000E+00
          53 cha053            0.0000000E+00  0.0000000E+00  0.0000000E+00
          54 cha054            0.0000000E+00  0.0000000E+00  0.0000000E+00
          55 cha055            0.0000000E+00  0.0000000E+00  0.0000000E+00
          56 cha056            0.0000000E+00  0.0000000E+00  0.0000000E+00
          57 cha057            0.0000000E+00  0.0000000E+00  0.0000000E+00
          58 cha058            0.0000000E+00  0.0000000E+00  0.0000000E+00
          59 cha059            0.0000000E+00  0.0000000E+00  0.0000000E+00
          60 cha060            0.0000000E+00  0.0000000E+00  0.0000000E+00
          61 cha061            0.0000000E+00  0.0000000E+00  0.0000000E+00
          62 cha062            0.0000000E+00  0.0000000E+00  0.0000000E+00
          63 cha063            0.0000000E+00  0.0000000E+00  0.0000000E+00
          64 cha064            0.0000000E+00  0.0000000E+00  0.0000000E+00
          65 cha065            0.0000000E+00  0.0000000E+00  0.0000000E+00
          66 cha066            0.0000000E+00  0.0000000E+00  0.0000000E+00
          67 cha067            0.0000000E+00  0.0000000E+00  0.0000000E+00
          68 cha068            0.0000000E+00  0.0000000E+00  0.0000000E+00
          69 cha069            0.0000000E+00  0.0000000E+00  0.0000000E+00
          70 cha070            0.0000000E+00  0.0000000E+00  0.0000000E+00
          71 cha071            0.0000000E+00  0.0000000E+00  0.0000000E+00
          72 cha072            0.0000000E+00  0.0000000E+00  0.0000000E+00
          73 cha073            0.0000000E+00  0.0000000E+00  0.0000000E+00
          74 cha074            0.0000000E+00  0.0000000E+00  0.0000000E+00
          75 cha075            0.0000000E+00  0.0000000E+00  0.0000000E+00
          76 cha076            0.0000000E+00  0.0000000E+00  0.0000000E+00
          77 cha077            0.0000000E+00  0.0000000E+00  0.0000000E+00
          78 cha078            0.0000000E+00  0.0000000E+00  0.0000000E+00
          79 cha079            0.0000000E+00  0.0000000E+00  0.0000000E+00
          80 cha080            0.0000000E+00  0.0000000E+00  0.0000000E+00
          81 cha081            0.0000000E+00  0.0000000E+00  0.0000000E+00
          82 cha082            0.0000000E+00  0.0000000E+00  0.0000000E+00
          83 cha083            0.0000000E+00  0.0000000E+00  0.0000000E+00
          84 cha084            0.0000000E+00  0.0000000E+00  0.0000000E+00
          85 cha085            0.0000000E+00  0.0000000E+00  0.0000000E+00
          86 cha086            0.0000000E+00  0.0000000E+00  0.0000000E+00
          87 cha087            0.0000000E+00  0.0000000E+00  0.0000000E+00
          88 cha088            0.0000000E+00  0.0000000E+00  0.0000000E+00
          89 cha089            0.0000000E+00  0.0000000E+00  0.0000000E+00
          90 cha090            0.0000000E+00  0.0000000E+00  0.0000000E+00
          91 cha091            0.0000000E+00  0.0000000E+00  0.0000000E+00
          92 cha092            0.0000000E+00  0.0000000E+00  0.0000000E+00
          93 cha093            0.0000000E+00  0.0000000E+00  0.0000000E+00
          94 cha094            0.0000000E+00  0.0000000E+00  0.0000000E+00
          95 cha095            0.0000000E+00  0.0000000E+00  0.0000000E+00
          96 cha096            0.0000000E+00  0.0000000E+00  0.0000000E+00
          97 cha097            0.0000000E+00  0.0000000E+00  0.0000000E+00
          98 cha098            0.0000000E+00  0.0000000E+00  0.0000000E+00
          99 cha099            0.0000000E+00  0.0000000E+00  0.0000000E+00
         100 cha100            0.0000000E+00  0.0000000E+00  0.0000000E+00
         101 cha101            0.0000000E+00  0.0000000E+00  0.0000000E+00
         102 cha102            0.0000000E+00  0.0000000E+00  0.0000000E+00
         103 cha103            0.0000000E+00  0.0000000E+00  0.0000000E+00
         104 cha104            0.0000000E+00  0.0000000E+00  0.0000000E+00
         105 cha105            0.0000000E+00  0.0000000E+00  0.0000000E+00
         106 cha106            0.0000000E+00  0.0000000E+00  0.0000000E+00
         107 cha107            0.0000000E+00  0.0000000E+00  0.0000000E+00
         108 cha108            0.0000000E+00  0.0000000E+00  0.0000000E+00
         109 cha109            0.0000000E+00  0.0000000E+00  0.0000000E+00
         110 cha110            0.0000000E+00  0.0000000E+00  0.0000000E+00
         111 cha111            0.0000000E+00  0.0000000E+00  0.0000000E+00
         112 cha112            0.0000000E+00  0.0000000E+00  0.0000000E+00
         113 cha113            0.0000000E+00  0.0000000E+00  0.0000000E+00
         114 cha114            0.0000000E+00  0.0000000E+00  0.0000000E+00
         115 cha115            0.0000000E+00  0.0000000E+00  0.0000000E+00
         116 cha116            0.0000000E+00  0.0000000E+00  0.0000000E+00
         117 cha117            0.0000000E+00  0.0000000E+00  0.0000000E+00
         118 cha118            0.0000000E+00  0.0000000E+00  0.0000000E+00
         119 cha119            0.0000000E+00  0.0000000E+00  0.0000000E+00
         120 cha120            0.0000000E+00  0.0000000E+00  0.0000000E+00
         121 cha121            0.0000000E+00  0.0000000E+00  0.0000000E+00
         122 cha122            0.0000000E+00  0.0000000E+00  0.0000000E+00
         123 cha123            0.0000000E+00  0.0000000E+00  0.0000000E+00
         124 cha124            0.0000000E+00  0.0000000E+00  0.0000000E+00
         125 cha125            0.0000000E+00  0.0000000E+00  0.0000000E+00
         126 cha126            0.0000000E+00  0.0000000E+00  0.0000000E+00
         127 cha127            0.0000000E+00  0.0000000E+00  0.0000000E+00
         128 cha128            0.0000000E+00  0.0000000E+00  0.0000000E+00
         129 cha129            0.0000000E+00  0.0000000E+00  0.0000000E+00
         130 cha130            0.0000000E+00  0.0000000E+00  0.0000000E+00
         131 cha131            0.0000000E+00  0.0000000E+00  0.0000000E+00
         132 cha132            0.0000000E+00  0.0000000E+00  0.0000000E+00
         133 cha133            0.0000000E+00  0.0000000E+00  0.0000000E+00
         134 cha134            0.0000000E+00  0.0000000E+00  0.0000000E+00
         135 cha135            0.0000000E+00  0.0000000E+00  0.0000000E+00
