 Prueba3                   SWAT+ Jul 2 2024        MODULAR Rev 2024.61.0.1                                
        jday        mon        day         yr            unit              gis_id     name                plant_c    res_decay_c    harv_stov_c         emit_c
                                                                                                          kg C/ha        kg C/ha        kg C/ha        kg C/ha
          67           3           8        1982           1                     1 hru001            0.0000000E+00  0.0000000E+00  0.0000000E+00  0.0000000E+00
          67           3           8        1982           2                     2 hru002            0.0000000E+00  0.0000000E+00  0.0000000E+00  0.0000000E+00
          67           3           8        1982           3                     3 hru003            0.0000000E+00  0.0000000E+00  0.0000000E+00  0.0000000E+00
          67           3           8        1982           4                     4 hru004            0.0000000E+00  0.0000000E+00  0.0000000E+00  0.0000000E+00
          67           3           8        1982           5                     5 hru005            0.0000000E+00  0.0000000E+00  0.0000000E+00  0.0000000E+00
          67           3           8        1982           6                     6 hru006            0.0000000E+00  0.0000000E+00  0.0000000E+00  0.0000000E+00
          67           3           8        1982           7                     7 hru007            0.0000000E+00  0.0000000E+00  0.0000000E+00  0.0000000E+00
          67           3           8        1982           8                     8 hru008            0.0000000E+00  0.0000000E+00  0.0000000E+00  0.0000000E+00
          67           3           8        1982           9                     9 hru009            0.0000000E+00  0.0000000E+00  0.0000000E+00  0.0000000E+00
          67           3           8        1982          10                    10 hru010            0.0000000E+00  0.0000000E+00  0.0000000E+00  0.0000000E+00
          67           3           8        1982          11                    11 hru011            0.0000000E+00  0.0000000E+00  0.0000000E+00  0.0000000E+00
          67           3           8        1982          12                    12 hru012            0.0000000E+00  0.0000000E+00  0.0000000E+00  0.0000000E+00
          67           3           8        1982          13                    13 hru013            0.0000000E+00  0.0000000E+00  0.0000000E+00  0.0000000E+00
          67           3           8        1982          14                    14 hru014            0.0000000E+00  0.0000000E+00  0.0000000E+00  0.0000000E+00
          67           3           8        1982          15                    15 hru015            0.0000000E+00  0.0000000E+00  0.0000000E+00  0.0000000E+00
          67           3           8        1982          16                    16 hru016            0.0000000E+00  0.0000000E+00  0.0000000E+00  0.0000000E+00
          67           3           8        1982          17                    17 hru017            0.0000000E+00  0.0000000E+00  0.0000000E+00  0.0000000E+00
          67           3           8        1982          18                    18 hru018            0.0000000E+00  0.0000000E+00  0.0000000E+00  0.0000000E+00
          67           3           8        1982          19                    19 hru019            0.0000000E+00  0.0000000E+00  0.0000000E+00  0.0000000E+00
          67           3           8        1982          20                    20 hru020            0.0000000E+00  0.0000000E+00  0.0000000E+00  0.0000000E+00
          67           3           8        1982          21                    21 hru021            0.0000000E+00  0.0000000E+00  0.0000000E+00  0.0000000E+00
          67           3           8        1982          22                    22 hru022            0.0000000E+00  0.0000000E+00  0.0000000E+00  0.0000000E+00
          67           3           8        1982          23                    23 hru023            0.0000000E+00  0.0000000E+00  0.0000000E+00  0.0000000E+00
          67           3           8        1982          24                    24 hru024            0.0000000E+00  0.0000000E+00  0.0000000E+00  0.0000000E+00
          67           3           8        1982          25                    25 hru025            0.0000000E+00  0.0000000E+00  0.0000000E+00  0.0000000E+00
          67           3           8        1982          26                    26 hru026            0.0000000E+00  0.0000000E+00  0.0000000E+00  0.0000000E+00
          67           3           8        1982          27                    27 hru027            0.0000000E+00  0.0000000E+00  0.0000000E+00  0.0000000E+00
          67           3           8        1982          28                    28 hru028            0.0000000E+00  0.0000000E+00  0.0000000E+00  0.0000000E+00
          67           3           8        1982          29                    29 hru029            0.0000000E+00  0.0000000E+00  0.0000000E+00  0.0000000E+00
          67           3           8        1982          30                    30 hru030            0.0000000E+00  0.0000000E+00  0.0000000E+00  0.0000000E+00
          67           3           8        1982          31                    31 hru031            0.0000000E+00  0.0000000E+00  0.0000000E+00  0.0000000E+00
          67           3           8        1982          32                    32 hru032            0.0000000E+00  0.0000000E+00  0.0000000E+00  0.0000000E+00
          67           3           8        1982          33                    33 hru033            0.0000000E+00  0.0000000E+00  0.0000000E+00  0.0000000E+00
          67           3           8        1982          34                    34 hru034            0.0000000E+00  0.0000000E+00  0.0000000E+00  0.0000000E+00
          67           3           8        1982          35                    35 hru035            0.0000000E+00  0.0000000E+00  0.0000000E+00  0.0000000E+00
          67           3           8        1982          36                    36 hru036            0.0000000E+00  0.0000000E+00  0.0000000E+00  0.0000000E+00
          67           3           8        1982          37                    37 hru037            0.0000000E+00  0.0000000E+00  0.0000000E+00  0.0000000E+00
          67           3           8        1982          38                    38 hru038            0.0000000E+00  0.0000000E+00  0.0000000E+00  0.0000000E+00
          67           3           8        1982          39                    39 hru039            0.0000000E+00  0.0000000E+00  0.0000000E+00  0.0000000E+00
          67           3           8        1982          40                    40 hru040            0.0000000E+00  0.0000000E+00  0.0000000E+00  0.0000000E+00
          67           3           8        1982          41                    41 hru041            0.0000000E+00  0.0000000E+00  0.0000000E+00  0.0000000E+00
          67           3           8        1982          42                    42 hru042            0.0000000E+00  0.0000000E+00  0.0000000E+00  0.0000000E+00
          67           3           8        1982          43                    43 hru043            0.0000000E+00  0.0000000E+00  0.0000000E+00  0.0000000E+00
          67           3           8        1982          44                    44 hru044            0.0000000E+00  0.0000000E+00  0.0000000E+00  0.0000000E+00
          67           3           8        1982          45                    45 hru045            0.0000000E+00  0.0000000E+00  0.0000000E+00  0.0000000E+00
          67           3           8        1982          46                    46 hru046            0.0000000E+00  0.0000000E+00  0.0000000E+00  0.0000000E+00
          67           3           8        1982          47                    47 hru047            0.0000000E+00  0.0000000E+00  0.0000000E+00  0.0000000E+00
          67           3           8        1982          48                    48 hru048            0.0000000E+00  0.0000000E+00  0.0000000E+00  0.0000000E+00
          67           3           8        1982          49                    49 hru049            0.0000000E+00  0.0000000E+00  0.0000000E+00  0.0000000E+00
          67           3           8        1982          50                    50 hru050            0.0000000E+00  0.0000000E+00  0.0000000E+00  0.0000000E+00
          67           3           8        1982          51                    51 hru051            0.0000000E+00  0.0000000E+00  0.0000000E+00  0.0000000E+00
          67           3           8        1982          52                    52 hru052            0.0000000E+00  0.0000000E+00  0.0000000E+00  0.0000000E+00
          67           3           8        1982          53                    53 hru053            0.0000000E+00  0.0000000E+00  0.0000000E+00  0.0000000E+00
          67           3           8        1982          54                    54 hru054            0.0000000E+00  0.0000000E+00  0.0000000E+00  0.0000000E+00
          67           3           8        1982          55                    55 hru055            0.0000000E+00  0.0000000E+00  0.0000000E+00  0.0000000E+00
          67           3           8        1982          56                    56 hru056            0.0000000E+00  0.0000000E+00  0.0000000E+00  0.0000000E+00
          67           3           8        1982          57                    57 hru057            0.0000000E+00  0.0000000E+00  0.0000000E+00  0.0000000E+00
          67           3           8        1982          58                    58 hru058            0.0000000E+00  0.0000000E+00  0.0000000E+00  0.0000000E+00
          67           3           8        1982          59                    59 hru059            0.0000000E+00  0.0000000E+00  0.0000000E+00  0.0000000E+00
          67           3           8        1982          60                    60 hru060            0.0000000E+00  0.0000000E+00  0.0000000E+00  0.0000000E+00
          67           3           8        1982          61                    61 hru061            0.0000000E+00  0.0000000E+00  0.0000000E+00  0.0000000E+00
          67           3           8        1982          62                    62 hru062            0.0000000E+00  0.0000000E+00  0.0000000E+00  0.0000000E+00
          67           3           8        1982          63                    63 hru063            0.0000000E+00  0.0000000E+00  0.0000000E+00  0.0000000E+00
          67           3           8        1982          64                    64 hru064            0.0000000E+00  0.0000000E+00  0.0000000E+00  0.0000000E+00
          67           3           8        1982          65                    65 hru065            0.0000000E+00  0.0000000E+00  0.0000000E+00  0.0000000E+00
          67           3           8        1982          66                    66 hru066            0.0000000E+00  0.0000000E+00  0.0000000E+00  0.0000000E+00
          67           3           8        1982          67                    67 hru067            0.0000000E+00  0.0000000E+00  0.0000000E+00  0.0000000E+00
          67           3           8        1982          68                    68 hru068            0.0000000E+00  0.0000000E+00  0.0000000E+00  0.0000000E+00
          67           3           8        1982          69                    69 hru069            0.0000000E+00  0.0000000E+00  0.0000000E+00  0.0000000E+00
          67           3           8        1982          70                    70 hru070            0.0000000E+00  0.0000000E+00  0.0000000E+00  0.0000000E+00
          67           3           8        1982          71                    71 hru071            0.0000000E+00  0.0000000E+00  0.0000000E+00  0.0000000E+00
          67           3           8        1982          72                    72 hru072            0.0000000E+00  0.0000000E+00  0.0000000E+00  0.0000000E+00
          67           3           8        1982          73                    73 hru073            0.0000000E+00  0.0000000E+00  0.0000000E+00  0.0000000E+00
          67           3           8        1982          74                    74 hru074            0.0000000E+00  0.0000000E+00  0.0000000E+00  0.0000000E+00
          67           3           8        1982          75                    75 hru075            0.0000000E+00  0.0000000E+00  0.0000000E+00  0.0000000E+00
          67           3           8        1982          76                    76 hru076            0.0000000E+00  0.0000000E+00  0.0000000E+00  0.0000000E+00
          67           3           8        1982          77                    77 hru077            0.0000000E+00  0.0000000E+00  0.0000000E+00  0.0000000E+00
          67           3           8        1982          78                    78 hru078            0.0000000E+00  0.0000000E+00  0.0000000E+00  0.0000000E+00
          67           3           8        1982          79                    79 hru079            0.0000000E+00  0.0000000E+00  0.0000000E+00  0.0000000E+00
          67           3           8        1982          80                    80 hru080            0.0000000E+00  0.0000000E+00  0.0000000E+00  0.0000000E+00
          67           3           8        1982          81                    81 hru081            0.0000000E+00  0.0000000E+00  0.0000000E+00  0.0000000E+00
          67           3           8        1982          82                    82 hru082            0.0000000E+00  0.0000000E+00  0.0000000E+00  0.0000000E+00
          67           3           8        1982          83                    83 hru083            0.0000000E+00  0.0000000E+00  0.0000000E+00  0.0000000E+00
          67           3           8        1982          84                    84 hru084            0.0000000E+00  0.0000000E+00  0.0000000E+00  0.0000000E+00
          67           3           8        1982          85                    85 hru085            0.0000000E+00  0.0000000E+00  0.0000000E+00  0.0000000E+00
          67           3           8        1982          86                    86 hru086            0.0000000E+00  0.0000000E+00  0.0000000E+00  0.0000000E+00
          67           3           8        1982          87                    87 hru087            0.0000000E+00  0.0000000E+00  0.0000000E+00  0.0000000E+00
          67           3           8        1982          88                    88 hru088            0.0000000E+00  0.0000000E+00  0.0000000E+00  0.0000000E+00
          67           3           8        1982          89                    89 hru089            0.0000000E+00  0.0000000E+00  0.0000000E+00  0.0000000E+00
          67           3           8        1982          90                    90 hru090            0.0000000E+00  0.0000000E+00  0.0000000E+00  0.0000000E+00
          67           3           8        1982          91                    91 hru091            0.0000000E+00  0.0000000E+00  0.0000000E+00  0.0000000E+00
          67           3           8        1982          92                    92 hru092            0.0000000E+00  0.0000000E+00  0.0000000E+00  0.0000000E+00
          67           3           8        1982          93                    93 hru093            0.0000000E+00  0.0000000E+00  0.0000000E+00  0.0000000E+00
          67           3           8        1982          94                    94 hru094            0.0000000E+00  0.0000000E+00  0.0000000E+00  0.0000000E+00
          67           3           8        1982          95                    95 hru095            0.0000000E+00  0.0000000E+00  0.0000000E+00  0.0000000E+00
          67           3           8        1982          96                    96 hru096            0.0000000E+00  0.0000000E+00  0.0000000E+00  0.0000000E+00
          67           3           8        1982          97                    97 hru097            0.0000000E+00  0.0000000E+00  0.0000000E+00  0.0000000E+00
          67           3           8        1982          98                    98 hru098            0.0000000E+00  0.0000000E+00  0.0000000E+00  0.0000000E+00
          67           3           8        1982          99                    99 hru099            0.0000000E+00  0.0000000E+00  0.0000000E+00  0.0000000E+00
          67           3           8        1982         100                   100 hru100            0.0000000E+00  0.0000000E+00  0.0000000E+00  0.0000000E+00
          67           3           8        1982         101                   101 hru101            0.0000000E+00  0.0000000E+00  0.0000000E+00  0.0000000E+00
          67           3           8        1982         102                   102 hru102            0.0000000E+00  0.0000000E+00  0.0000000E+00  0.0000000E+00
          67           3           8        1982         103                   103 hru103            0.0000000E+00  0.0000000E+00  0.0000000E+00  0.0000000E+00
          67           3           8        1982         104                   104 hru104            0.0000000E+00  0.0000000E+00  0.0000000E+00  0.0000000E+00
          67           3           8        1982         105                   105 hru105            0.0000000E+00  0.0000000E+00  0.0000000E+00  0.0000000E+00
          67           3           8        1982         106                   106 hru106            0.0000000E+00  0.0000000E+00  0.0000000E+00  0.0000000E+00
          67           3           8        1982         107                   107 hru107            0.0000000E+00  0.0000000E+00  0.0000000E+00  0.0000000E+00
          67           3           8        1982         108                   108 hru108            0.0000000E+00  0.0000000E+00  0.0000000E+00  0.0000000E+00
          67           3           8        1982         109                   109 hru109            0.0000000E+00  0.0000000E+00  0.0000000E+00  0.0000000E+00
          67           3           8        1982         110                   110 hru110            0.0000000E+00  0.0000000E+00  0.0000000E+00  0.0000000E+00
          67           3           8        1982         111                   111 hru111            0.0000000E+00  0.0000000E+00  0.0000000E+00  0.0000000E+00
          67           3           8        1982         112                   112 hru112            0.0000000E+00  0.0000000E+00  0.0000000E+00  0.0000000E+00
          67           3           8        1982         113                   113 hru113            0.0000000E+00  0.0000000E+00  0.0000000E+00  0.0000000E+00
          67           3           8        1982         114                   114 hru114            0.0000000E+00  0.0000000E+00  0.0000000E+00  0.0000000E+00
          67           3           8        1982         115                   115 hru115            0.0000000E+00  0.0000000E+00  0.0000000E+00  0.0000000E+00
          67           3           8        1982         116                   116 hru116            0.0000000E+00  0.0000000E+00  0.0000000E+00  0.0000000E+00
          67           3           8        1982         117                   117 hru117            0.0000000E+00  0.0000000E+00  0.0000000E+00  0.0000000E+00
          67           3           8        1982         118                   118 hru118            0.0000000E+00  0.0000000E+00  0.0000000E+00  0.0000000E+00
          67           3           8        1982         119                   119 hru119            0.0000000E+00  0.0000000E+00  0.0000000E+00  0.0000000E+00
          67           3           8        1982         120                   120 hru120            0.0000000E+00  0.0000000E+00  0.0000000E+00  0.0000000E+00
          67           3           8        1982         121                   121 hru121            0.0000000E+00  0.0000000E+00  0.0000000E+00  0.0000000E+00
          67           3           8        1982         122                   122 hru122            0.0000000E+00  0.0000000E+00  0.0000000E+00  0.0000000E+00
          67           3           8        1982         123                   123 hru123            0.0000000E+00  0.0000000E+00  0.0000000E+00  0.0000000E+00
          67           3           8        1982         124                   124 hru124            0.0000000E+00  0.0000000E+00  0.0000000E+00  0.0000000E+00
          67           3           8        1982         125                   125 hru125            0.0000000E+00  0.0000000E+00  0.0000000E+00  0.0000000E+00
          67           3           8        1982         126                   126 hru126            0.0000000E+00  0.0000000E+00  0.0000000E+00  0.0000000E+00
          67           3           8        1982         127                   127 hru127            0.0000000E+00  0.0000000E+00  0.0000000E+00  0.0000000E+00
          67           3           8        1982         128                   128 hru128            0.0000000E+00  0.0000000E+00  0.0000000E+00  0.0000000E+00
          67           3           8        1982         129                   129 hru129            0.0000000E+00  0.0000000E+00  0.0000000E+00  0.0000000E+00
          67           3           8        1982         130                   130 hru130            0.0000000E+00  0.0000000E+00  0.0000000E+00  0.0000000E+00
          67           3           8        1982         131                   131 hru131            0.0000000E+00  0.0000000E+00  0.0000000E+00  0.0000000E+00
          67           3           8        1982         132                   132 hru132            0.0000000E+00  0.0000000E+00  0.0000000E+00  0.0000000E+00
          67           3           8        1982         133                   133 hru133            0.0000000E+00  0.0000000E+00  0.0000000E+00  0.0000000E+00
          67           3           8        1982         134                   134 hru134            0.0000000E+00  0.0000000E+00  0.0000000E+00  0.0000000E+00
          67           3           8        1982         135                   135 hru135            0.0000000E+00  0.0000000E+00  0.0000000E+00  0.0000000E+00
          67           3           8        1982         136                   136 hru136            0.0000000E+00  0.0000000E+00  0.0000000E+00  0.0000000E+00
          67           3           8        1982         137                   137 hru137            0.0000000E+00  0.0000000E+00  0.0000000E+00  0.0000000E+00
          67           3           8        1982         138                   138 hru138            0.0000000E+00  0.0000000E+00  0.0000000E+00  0.0000000E+00
          67           3           8        1982         139                   139 hru139            0.0000000E+00  0.0000000E+00  0.0000000E+00  0.0000000E+00
          67           3           8        1982         140                   140 hru140            0.0000000E+00  0.0000000E+00  0.0000000E+00  0.0000000E+00
          67           3           8        1982         141                   141 hru141            0.0000000E+00  0.0000000E+00  0.0000000E+00  0.0000000E+00
          67           3           8        1982         142                   142 hru142            0.0000000E+00  0.0000000E+00  0.0000000E+00  0.0000000E+00
          67           3           8        1982         143                   143 hru143            0.0000000E+00  0.0000000E+00  0.0000000E+00  0.0000000E+00
          67           3           8        1982         144                   144 hru144            0.0000000E+00  0.0000000E+00  0.0000000E+00  0.0000000E+00
          67           3           8        1982         145                   145 hru145            0.0000000E+00  0.0000000E+00  0.0000000E+00  0.0000000E+00
          67           3           8        1982         146                   146 hru146            0.0000000E+00  0.0000000E+00  0.0000000E+00  0.0000000E+00
          67           3           8        1982         147                   147 hru147            0.0000000E+00  0.0000000E+00  0.0000000E+00  0.0000000E+00
          67           3           8        1982         148                   148 hru148            0.0000000E+00  0.0000000E+00  0.0000000E+00  0.0000000E+00
          67           3           8        1982         149                   149 hru149            0.0000000E+00  0.0000000E+00  0.0000000E+00  0.0000000E+00
          67           3           8        1982         150                   150 hru150            0.0000000E+00  0.0000000E+00  0.0000000E+00  0.0000000E+00
          67           3           8        1982         151                   151 hru151            0.0000000E+00  0.0000000E+00  0.0000000E+00  0.0000000E+00
          67           3           8        1982         152                   152 hru152            0.0000000E+00  0.0000000E+00  0.0000000E+00  0.0000000E+00
          67           3           8        1982         153                   153 hru153            0.0000000E+00  0.0000000E+00  0.0000000E+00  0.0000000E+00
          67           3           8        1982         154                   154 hru154            0.0000000E+00  0.0000000E+00  0.0000000E+00  0.0000000E+00
          67           3           8        1982         155                   155 hru155            0.0000000E+00  0.0000000E+00  0.0000000E+00  0.0000000E+00
          67           3           8        1982         156                   156 hru156            0.0000000E+00  0.0000000E+00  0.0000000E+00  0.0000000E+00
          67           3           8        1982         157                   157 hru157            0.0000000E+00  0.0000000E+00  0.0000000E+00  0.0000000E+00
          67           3           8        1982         158                   158 hru158            0.0000000E+00  0.0000000E+00  0.0000000E+00  0.0000000E+00
          67           3           8        1982         159                   159 hru159            0.0000000E+00  0.0000000E+00  0.0000000E+00  0.0000000E+00
          67           3           8        1982         160                   160 hru160            0.0000000E+00  0.0000000E+00  0.0000000E+00  0.0000000E+00
          67           3           8        1982         161                   161 hru161            0.0000000E+00  0.0000000E+00  0.0000000E+00  0.0000000E+00
          67           3           8        1982         162                   162 hru162            0.0000000E+00  0.0000000E+00  0.0000000E+00  0.0000000E+00
          67           3           8        1982         163                   163 hru163            0.0000000E+00  0.0000000E+00  0.0000000E+00  0.0000000E+00
          67           3           8        1982         164                   164 hru164            0.0000000E+00  0.0000000E+00  0.0000000E+00  0.0000000E+00
          67           3           8        1982         165                   165 hru165            0.0000000E+00  0.0000000E+00  0.0000000E+00  0.0000000E+00
          67           3           8        1982         166                   166 hru166            0.0000000E+00  0.0000000E+00  0.0000000E+00  0.0000000E+00
          67           3           8        1982         167                   167 hru167            0.0000000E+00  0.0000000E+00  0.0000000E+00  0.0000000E+00
          67           3           8        1982         168                   168 hru168            0.0000000E+00  0.0000000E+00  0.0000000E+00  0.0000000E+00
          67           3           8        1982         169                   169 hru169            0.0000000E+00  0.0000000E+00  0.0000000E+00  0.0000000E+00
          67           3           8        1982         170                   170 hru170            0.0000000E+00  0.0000000E+00  0.0000000E+00  0.0000000E+00
          67           3           8        1982         171                   171 hru171            0.0000000E+00  0.0000000E+00  0.0000000E+00  0.0000000E+00
          67           3           8        1982         172                   172 hru172            0.0000000E+00  0.0000000E+00  0.0000000E+00  0.0000000E+00
          67           3           8        1982         173                   173 hru173            0.0000000E+00  0.0000000E+00  0.0000000E+00  0.0000000E+00
          67           3           8        1982         174                   174 hru174            0.0000000E+00  0.0000000E+00  0.0000000E+00  0.0000000E+00
          67           3           8        1982         175                   175 hru175            0.0000000E+00  0.0000000E+00  0.0000000E+00  0.0000000E+00
          67           3           8        1982         176                   176 hru176            0.0000000E+00  0.0000000E+00  0.0000000E+00  0.0000000E+00
          67           3           8        1982         177                   177 hru177            0.0000000E+00  0.0000000E+00  0.0000000E+00  0.0000000E+00
          67           3           8        1982         178                   178 hru178            0.0000000E+00  0.0000000E+00  0.0000000E+00  0.0000000E+00
          67           3           8        1982         179                   179 hru179            0.0000000E+00  0.0000000E+00  0.0000000E+00  0.0000000E+00
          67           3           8        1982         180                   180 hru180            0.0000000E+00  0.0000000E+00  0.0000000E+00  0.0000000E+00
          67           3           8        1982         181                   181 hru181            0.0000000E+00  0.0000000E+00  0.0000000E+00  0.0000000E+00
          67           3           8        1982         182                   182 hru182            0.0000000E+00  0.0000000E+00  0.0000000E+00  0.0000000E+00
          67           3           8        1982         183                   183 hru183            0.0000000E+00  0.0000000E+00  0.0000000E+00  0.0000000E+00
          67           3           8        1982         184                   184 hru184            0.0000000E+00  0.0000000E+00  0.0000000E+00  0.0000000E+00
          67           3           8        1982         185                   185 hru185            0.0000000E+00  0.0000000E+00  0.0000000E+00  0.0000000E+00
          67           3           8        1982         186                   186 hru186            0.0000000E+00  0.0000000E+00  0.0000000E+00  0.0000000E+00
          67           3           8        1982         187                   187 hru187            0.0000000E+00  0.0000000E+00  0.0000000E+00  0.0000000E+00
          67           3           8        1982         188                   188 hru188            0.0000000E+00  0.0000000E+00  0.0000000E+00  0.0000000E+00
          67           3           8        1982         189                   189 hru189            0.0000000E+00  0.0000000E+00  0.0000000E+00  0.0000000E+00
          67           3           8        1982         190                   190 hru190            0.0000000E+00  0.0000000E+00  0.0000000E+00  0.0000000E+00
          67           3           8        1982         191                   191 hru191            0.0000000E+00  0.0000000E+00  0.0000000E+00  0.0000000E+00
          67           3           8        1982         192                   192 hru192            0.0000000E+00  0.0000000E+00  0.0000000E+00  0.0000000E+00
          67           3           8        1982         193                   193 hru193            0.0000000E+00  0.0000000E+00  0.0000000E+00  0.0000000E+00
          67           3           8        1982         194                   194 hru194            0.0000000E+00  0.0000000E+00  0.0000000E+00  0.0000000E+00
          67           3           8        1982         195                   195 hru195            0.0000000E+00  0.0000000E+00  0.0000000E+00  0.0000000E+00
          67           3           8        1982         196                   196 hru196            0.0000000E+00  0.0000000E+00  0.0000000E+00  0.0000000E+00
          67           3           8        1982         197                   197 hru197            0.0000000E+00  0.0000000E+00  0.0000000E+00  0.0000000E+00
          67           3           8        1982         198                   198 hru198            0.0000000E+00  0.0000000E+00  0.0000000E+00  0.0000000E+00
          67           3           8        1982         199                   199 hru199            0.0000000E+00  0.0000000E+00  0.0000000E+00  0.0000000E+00
          67           3           8        1982         200                   200 hru200            0.0000000E+00  0.0000000E+00  0.0000000E+00  0.0000000E+00
          67           3           8        1982         201                   201 hru201            0.0000000E+00  0.0000000E+00  0.0000000E+00  0.0000000E+00
          67           3           8        1982         202                   202 hru202            0.0000000E+00  0.0000000E+00  0.0000000E+00  0.0000000E+00
          67           3           8        1982         203                   203 hru203            0.0000000E+00  0.0000000E+00  0.0000000E+00  0.0000000E+00
          67           3           8        1982         204                   204 hru204            0.0000000E+00  0.0000000E+00  0.0000000E+00  0.0000000E+00
          67           3           8        1982         205                   205 hru205            0.0000000E+00  0.0000000E+00  0.0000000E+00  0.0000000E+00
          67           3           8        1982         206                   206 hru206            0.0000000E+00  0.0000000E+00  0.0000000E+00  0.0000000E+00
          67           3           8        1982         207                   207 hru207            0.0000000E+00  0.0000000E+00  0.0000000E+00  0.0000000E+00
          67           3           8        1982         208                   208 hru208            0.0000000E+00  0.0000000E+00  0.0000000E+00  0.0000000E+00
          67           3           8        1982         209                   209 hru209            0.0000000E+00  0.0000000E+00  0.0000000E+00  0.0000000E+00
          67           3           8        1982         210                   210 hru210            0.0000000E+00  0.0000000E+00  0.0000000E+00  0.0000000E+00
          67           3           8        1982         211                   211 hru211            0.0000000E+00  0.0000000E+00  0.0000000E+00  0.0000000E+00
          67           3           8        1982         212                   212 hru212            0.0000000E+00  0.0000000E+00  0.0000000E+00  0.0000000E+00
          67           3           8        1982         213                   213 hru213            0.0000000E+00  0.0000000E+00  0.0000000E+00  0.0000000E+00
          67           3           8        1982         214                   214 hru214            0.0000000E+00  0.0000000E+00  0.0000000E+00  0.0000000E+00
          67           3           8        1982         215                   215 hru215            0.0000000E+00  0.0000000E+00  0.0000000E+00  0.0000000E+00
          67           3           8        1982         216                   216 hru216            0.0000000E+00  0.0000000E+00  0.0000000E+00  0.0000000E+00
          67           3           8        1982         217                   217 hru217            0.0000000E+00  0.0000000E+00  0.0000000E+00  0.0000000E+00
          67           3           8        1982         218                   218 hru218            0.0000000E+00  0.0000000E+00  0.0000000E+00  0.0000000E+00
          67           3           8        1982         219                   219 hru219            0.0000000E+00  0.0000000E+00  0.0000000E+00  0.0000000E+00
          67           3           8        1982         220                   220 hru220            0.0000000E+00  0.0000000E+00  0.0000000E+00  0.0000000E+00
          67           3           8        1982         221                   221 hru221            0.0000000E+00  0.0000000E+00  0.0000000E+00  0.0000000E+00
          67           3           8        1982         222                   222 hru222            0.0000000E+00  0.0000000E+00  0.0000000E+00  0.0000000E+00
          67           3           8        1982         223                   223 hru223            0.0000000E+00  0.0000000E+00  0.0000000E+00  0.0000000E+00
          67           3           8        1982         224                   224 hru224            0.0000000E+00  0.0000000E+00  0.0000000E+00  0.0000000E+00
          67           3           8        1982         225                   225 hru225            0.0000000E+00  0.0000000E+00  0.0000000E+00  0.0000000E+00
          67           3           8        1982         226                   226 hru226            0.0000000E+00  0.0000000E+00  0.0000000E+00  0.0000000E+00
          67           3           8        1982         227                   227 hru227            0.0000000E+00  0.0000000E+00  0.0000000E+00  0.0000000E+00
          67           3           8        1982         228                   228 hru228            0.0000000E+00  0.0000000E+00  0.0000000E+00  0.0000000E+00
          67           3           8        1982         229                   229 hru229            0.0000000E+00  0.0000000E+00  0.0000000E+00  0.0000000E+00
          67           3           8        1982         230                   230 hru230            0.0000000E+00  0.0000000E+00  0.0000000E+00  0.0000000E+00
          67           3           8        1982         231                   231 hru231            0.0000000E+00  0.0000000E+00  0.0000000E+00  0.0000000E+00
          67           3           8        1982         232                   232 hru232            0.0000000E+00  0.0000000E+00  0.0000000E+00  0.0000000E+00
          67           3           8        1982         233                   233 hru233            0.0000000E+00  0.0000000E+00  0.0000000E+00  0.0000000E+00
          67           3           8        1982         234                   234 hru234            0.0000000E+00  0.0000000E+00  0.0000000E+00  0.0000000E+00
          67           3           8        1982         235                   235 hru235            0.0000000E+00  0.0000000E+00  0.0000000E+00  0.0000000E+00
          67           3           8        1982         236                   236 hru236            0.0000000E+00  0.0000000E+00  0.0000000E+00  0.0000000E+00
          67           3           8        1982         237                   237 hru237            0.0000000E+00  0.0000000E+00  0.0000000E+00  0.0000000E+00
          67           3           8        1982         238                   238 hru238            0.0000000E+00  0.0000000E+00  0.0000000E+00  0.0000000E+00
          67           3           8        1982         239                   239 hru239            0.0000000E+00  0.0000000E+00  0.0000000E+00  0.0000000E+00
          67           3           8        1982         240                   240 hru240            0.0000000E+00  0.0000000E+00  0.0000000E+00  0.0000000E+00
          67           3           8        1982         241                   241 hru241            0.0000000E+00  0.0000000E+00  0.0000000E+00  0.0000000E+00
          67           3           8        1982         242                   242 hru242            0.0000000E+00  0.0000000E+00  0.0000000E+00  0.0000000E+00
          67           3           8        1982         243                   243 hru243            0.0000000E+00  0.0000000E+00  0.0000000E+00  0.0000000E+00
          67           3           8        1982         244                   244 hru244            0.0000000E+00  0.0000000E+00  0.0000000E+00  0.0000000E+00
          67           3           8        1982         245                   245 hru245            0.0000000E+00  0.0000000E+00  0.0000000E+00  0.0000000E+00
          67           3           8        1982         246                   246 hru246            0.0000000E+00  0.0000000E+00  0.0000000E+00  0.0000000E+00
          67           3           8        1982         247                   247 hru247            0.0000000E+00  0.0000000E+00  0.0000000E+00  0.0000000E+00
          67           3           8        1982         248                   248 hru248            0.0000000E+00  0.0000000E+00  0.0000000E+00  0.0000000E+00
          67           3           8        1982         249                   249 hru249            0.0000000E+00  0.0000000E+00  0.0000000E+00  0.0000000E+00
          67           3           8        1982         250                   250 hru250            0.0000000E+00  0.0000000E+00  0.0000000E+00  0.0000000E+00
          67           3           8        1982         251                   251 hru251            0.0000000E+00  0.0000000E+00  0.0000000E+00  0.0000000E+00
          67           3           8        1982         252                   252 hru252            0.0000000E+00  0.0000000E+00  0.0000000E+00  0.0000000E+00
          67           3           8        1982         253                   253 hru253            0.0000000E+00  0.0000000E+00  0.0000000E+00  0.0000000E+00
          67           3           8        1982         254                   254 hru254            0.0000000E+00  0.0000000E+00  0.0000000E+00  0.0000000E+00
          67           3           8        1982         255                   255 hru255            0.0000000E+00  0.0000000E+00  0.0000000E+00  0.0000000E+00
          67           3           8        1982         256                   256 hru256            0.0000000E+00  0.0000000E+00  0.0000000E+00  0.0000000E+00
          67           3           8        1982         257                   257 hru257            0.0000000E+00  0.0000000E+00  0.0000000E+00  0.0000000E+00
          67           3           8        1982         258                   258 hru258            0.0000000E+00  0.0000000E+00  0.0000000E+00  0.0000000E+00
          67           3           8        1982         259                   259 hru259            0.0000000E+00  0.0000000E+00  0.0000000E+00  0.0000000E+00
          67           3           8        1982         260                   260 hru260            0.0000000E+00  0.0000000E+00  0.0000000E+00  0.0000000E+00
          67           3           8        1982         261                   261 hru261            0.0000000E+00  0.0000000E+00  0.0000000E+00  0.0000000E+00
          67           3           8        1982         262                   262 hru262            0.0000000E+00  0.0000000E+00  0.0000000E+00  0.0000000E+00
          67           3           8        1982         263                   263 hru263            0.0000000E+00  0.0000000E+00  0.0000000E+00  0.0000000E+00
          67           3           8        1982         264                   264 hru264            0.0000000E+00  0.0000000E+00  0.0000000E+00  0.0000000E+00
          67           3           8        1982         265                   265 hru265            0.0000000E+00  0.0000000E+00  0.0000000E+00  0.0000000E+00
          67           3           8        1982         266                   266 hru266            0.0000000E+00  0.0000000E+00  0.0000000E+00  0.0000000E+00
          67           3           8        1982         267                   267 hru267            0.0000000E+00  0.0000000E+00  0.0000000E+00  0.0000000E+00
          67           3           8        1982         268                   268 hru268            0.0000000E+00  0.0000000E+00  0.0000000E+00  0.0000000E+00
          67           3           8        1982         269                   269 hru269            0.0000000E+00  0.0000000E+00  0.0000000E+00  0.0000000E+00
          67           3           8        1982         270                   270 hru270            0.0000000E+00  0.0000000E+00  0.0000000E+00  0.0000000E+00
          67           3           8        1982         271                   271 hru271            0.0000000E+00  0.0000000E+00  0.0000000E+00  0.0000000E+00
