 Prueba3                   SWAT+ Jul 2 2024        MODULAR Rev 2024.61.0.1                                
   jday   mon   day    yr   unit  gis_id  name                 sedyld     sedorgn     sedorgp     surqno3     lat3no3    surqsolp        usle     sedminp     tileno3     lchlabp    tilelabp      satexn
                                                                  tha        kgha        kgha        kgha        kgha        kgha        tons        kgha        kgha        kgha        kgha        kgha
    67     3     8  1982       1       1  hru001                 1.854      19.739       2.288       0.067       7.107       0.208       0.000       0.909       0.000       0.411       0.000       0.000
    67     3     8  1982       2       2  hru002                 2.959      17.067       1.925       0.106       2.701       0.342       0.000       1.263       0.000       0.297       0.000       0.000
    67     3     8  1982       3       3  hru003                 1.499      16.041       1.859       0.067       5.934       0.221       0.000       0.738       0.000       0.416       0.000       0.000
    67     3     8  1982       4       4  hru004                 0.318       1.882       0.212       0.125       0.777       0.386       0.000       0.138       0.000       0.303       0.000       0.000
    67     3     8  1982       5       5  hru005                 0.737       4.336       0.489       0.118       1.216       0.377       0.000       0.318       0.000       0.302       0.000       0.000
    67     3     8  1982       6       6  hru006                 2.617      15.124       1.706       0.107       2.454       0.347       0.000       1.118       0.000       0.298       0.000       0.000
    67     3     8  1982       7       7  hru007                 1.550      16.553       1.918       0.067       6.006       0.220       0.000       0.761       0.000       0.416       0.000       0.000
    67     3     8  1982       8       8  hru008                 1.411      15.145       1.755       0.067       5.538       0.225       0.000       0.696       0.000       0.418       0.000       0.000
    67     3     8  1982       9       9  hru009                 0.474       5.303       0.614       0.064       2.938       0.260       0.000       0.243       0.000       0.430       0.000       0.000
    67     3     8  1982      10      10  hru010                 1.187      12.863       1.491       0.066       5.089       0.231       0.000       0.591       0.000       0.420       0.000       0.000
    67     3     8  1982      11      11  hru011                 0.446       4.998       0.579       0.064       2.927       0.261       0.000       0.229       0.000       0.430       0.000       0.000
    67     3     8  1982      12      12  hru012                 0.197       2.222       0.258       0.065       1.861       0.276       0.000       0.101       0.000       0.436       0.000       0.000
    67     3     8  1982      13      13  hru013                 0.795       4.675       0.527       0.117       1.251       0.376       0.000       0.343       0.000       0.302       0.000       0.000
    67     3     8  1982      14      14  hru014                 2.276      13.206       1.490       0.107       2.311       0.352       0.000       0.975       0.000       0.298       0.000       0.000
    67     3     8  1982      15      15  hru015                 0.765       4.501       0.508       0.117       1.236       0.377       0.000       0.331       0.000       0.302       0.000       0.000
    67     3     8  1982      16      16  hru016                 2.636      15.261       1.722       0.107       2.526       0.346       0.000       1.128       0.000       0.298       0.000       0.000
    67     3     8  1982      17      17  hru017                 0.763       4.488       0.506       0.117       1.250       0.377       0.000       0.330       0.000       0.302       0.000       0.000
    67     3     8  1982      18      18  hru018                 2.101      12.243       1.381       0.107       2.258       0.354       0.000       0.903       0.000       0.299       0.000       0.000
    67     3     8  1982      19      19  hru019                 0.472       5.285       0.612       0.064       2.940       0.260       0.000       0.242       0.000       0.430       0.000       0.000
    67     3     8  1982      20      20  hru020                 1.336      14.388       1.667       0.067       5.288       0.228       0.000       0.661       0.000       0.419       0.000       0.000
    67     3     8  1982      21      21  hru021                 0.206       2.314       0.268       0.065       1.848       0.276       0.000       0.106       0.000       0.436       0.000       0.000
    67     3     8  1982      22      22  hru022                 0.470       5.256       0.609       0.064       2.951       0.260       0.000       0.240       0.000       0.430       0.000       0.000
    67     3     8  1982      23      23  hru023                 1.584      16.903       1.959       0.067       6.124       0.219       0.000       0.778       0.000       0.415       0.000       0.000
    67     3     8  1982      24      24  hru024                 0.455       5.096       0.591       0.064       2.949       0.260       0.000       0.233       0.000       0.430       0.000       0.000
    67     3     8  1982      25      25  hru025                 1.333      14.374       1.666       0.067       5.603       0.225       0.000       0.661       0.000       0.418       0.000       0.000
    67     3     8  1982      26      26  hru026                 1.531      16.361       1.896       0.067       5.775       0.222       0.000       0.752       0.000       0.417       0.000       0.000
    67     3     8  1982      27      27  hru027                 0.503       5.627       0.652       0.064       2.998       0.259       0.000       0.258       0.000       0.430       0.000       0.000
    67     3     8  1982      28      28  hru028                 1.763      18.723       2.170       0.067       6.602       0.213       0.000       0.862       0.000       0.413       0.000       0.000
    67     3     8  1982      29      29  hru029                 5.089      28.815       3.251       0.103       3.644       0.315       0.000       2.150       0.000       0.294       0.000       0.000
    67     3     8  1982      30      30  hru030                 3.373      19.344       2.182       0.106       2.700       0.338       0.000       1.434       0.000       0.297       0.000       0.000
    67     3     8  1982      31      31  hru031                 1.684      17.919       2.077       0.067       6.379       0.215       0.000       0.825       0.000       0.414       0.000       0.000
    67     3     8  1982      32      32  hru032                 3.611      20.726       2.338       0.105       2.988       0.333       0.000       1.538       0.000       0.296       0.000       0.000
    67     3     8  1982      33      33  hru033                 3.334      19.226       2.169       0.105       2.952       0.336       0.000       1.425       0.000       0.296       0.000       0.000
    67     3     8  1982      34      34  hru034                57.426     134.911      15.216       0.077       3.288       0.137       0.000       5.380       0.000       0.295       0.000       0.000
    67     3     8  1982      35      35  hru035                 3.619      20.823       2.349       0.105       3.100       0.332       0.000       1.545       0.000       0.296       0.000       0.000
    67     3     8  1982      36      36  hru036                17.173     121.566      14.087       0.057       4.932       0.151       0.000       4.561       0.000       0.421       0.000       0.000
    67     3     8  1982      37      37  hru037                39.086     106.143      11.902       0.097       3.469       0.152       0.000       5.191       0.000       0.067       0.000       0.000
    67     3     8  1982      38      38  hru038                 1.572      16.789       1.946       0.067       5.758       0.222       0.000       0.772       0.000       0.417       0.000       0.000
    67     3     8  1982      39      39  hru039                 3.115      16.153       1.811       0.125       3.840       0.400       0.000       1.276       0.000       0.067       0.000       0.000
    67     3     8  1982      40      40  hru040                 2.625      13.715       1.538       0.125       3.534       0.406       0.000       1.082       0.000       0.067       0.000       0.000
    67     3     8  1982      41      41  hru041                 0.873       4.683       0.525       0.126       1.973       0.430       0.000       0.366       0.000       0.067       0.000       0.000
    67     3     8  1982      42      42  hru042                 1.682      18.068       2.094       0.067       6.799       0.211       0.000       0.832       0.000       0.412       0.000       0.000
    67     3     8  1982      43      43  hru043                 1.618      17.240       1.998       0.067       6.127       0.218       0.000       0.793       0.000       0.415       0.000       0.000
    67     3     8  1982      44      44  hru044                 1.420      15.530       1.800       0.067       6.257       0.218       0.000       0.714       0.000       0.415       0.000       0.000
    67     3     8  1982      45      45  hru045                 1.510      16.209       1.878       0.067       6.170       0.218       0.000       0.745       0.000       0.415       0.000       0.000
    67     3     8  1982      46      46  hru046                18.517     126.107      14.613       0.058       5.449       0.146       0.000       4.583       0.000       0.418       0.000       0.000
    67     3     8  1982      47      47  hru047                 1.686      17.928       2.078       0.067       6.319       0.216       0.000       0.825       0.000       0.414       0.000       0.000
    67     3     8  1982      48      48  hru048                 3.111      16.125       1.808       0.125       3.750       0.400       0.000       1.274       0.000       0.067       0.000       0.000
    67     3     8  1982      49      49  hru049                 1.715      18.234       2.113       0.067       6.465       0.214       0.000       0.839       0.000       0.414       0.000       0.000
    67     3     8  1982      50      50  hru050                 1.880      19.944       2.311       0.067       7.017       0.208       0.000       0.919       0.000       0.411       0.000       0.000
    67     3     8  1982      51      51  hru051                 1.925      20.358       2.359       0.067       6.920       0.209       0.000       0.938       0.000       0.412       0.000       0.000
    67     3     8  1982      52      52  hru052                 1.944      20.584       2.385       0.067       7.120       0.207       0.000       0.949       0.000       0.411       0.000       0.000
    67     3     8  1982      53      53  hru053                 3.671      21.165       2.388       0.104       3.211       0.331       0.000       1.571       0.000       0.295       0.000       0.000
    67     3     8  1982      54      54  hru054                50.876     129.146      14.566       0.079       2.998       0.142       0.000       5.374       0.000       0.296       0.000       0.000
    67     3     8  1982      55      55  hru055                 0.750       4.414       0.498       0.116       1.241       0.376       0.000       0.324       0.000       0.302       0.000       0.000
    67     3     8  1982      56      56  hru056                 0.329       1.950       0.220       0.124       0.791       0.385       0.000       0.143       0.000       0.303       0.000       0.000
    67     3     8  1982      57      57  hru057                 1.943      11.314       1.276       0.108       2.112       0.356       0.000       0.834       0.000       0.299       0.000       0.000
    67     3     8  1982      58      58  hru058                 0.733       4.322       0.487       0.117       1.238       0.377       0.000       0.317       0.000       0.302       0.000       0.000
    67     3     8  1982      59      59  hru059                 2.249      13.141       1.482       0.107       2.391       0.351       0.000       0.970       0.000       0.298       0.000       0.000
    67     3     8  1982      60      60  hru060                 1.924      11.181       1.261       0.108       2.037       0.357       0.000       0.825       0.000       0.299       0.000       0.000
    67     3     8  1982      61      61  hru061                 0.296       1.761       0.199       0.124       0.762       0.386       0.000       0.129       0.000       0.303       0.000       0.000
    67     3     8  1982      62      62  hru062                 0.726       4.276       0.482       0.116       1.218       0.377       0.000       0.314       0.000       0.302       0.000       0.000
    67     3     8  1982      63      63  hru063                 0.761       4.480       0.505       0.116       1.256       0.376       0.000       0.329       0.000       0.302       0.000       0.000
    67     3     8  1982      64      64  hru064                 2.057      12.012       1.355       0.107       2.245       0.354       0.000       0.886       0.000       0.299       0.000       0.000
    67     3     8  1982      65      65  hru065                 0.805       4.730       0.533       0.116       1.241       0.376       0.000       0.347       0.000       0.302       0.000       0.000
    67     3     8  1982      66      66  hru066                 3.155      18.196       2.053       0.106       2.773       0.339       0.000       1.348       0.000       0.297       0.000       0.000
    67     3     8  1982      67      67  hru067                 2.991      17.357       1.958       0.106       2.821       0.340       0.000       1.285       0.000       0.296       0.000       0.000
    67     3     8  1982      68      68  hru068                 3.297      19.036       2.148       0.105       2.904       0.336       0.000       1.411       0.000       0.296       0.000       0.000
    67     3     8  1982      69      69  hru069                 3.334      19.271       2.174       0.105       2.989       0.335       0.000       1.428       0.000       0.296       0.000       0.000
    67     3     8  1982      70      70  hru070                 3.652      21.034       2.373       0.105       3.103       0.331       0.000       1.561       0.000       0.295       0.000       0.000
    67     3     8  1982      71      71  hru071                 4.504      25.713       2.901       0.103       3.491       0.321       0.000       1.915       0.000       0.294       0.000       0.000
    67     3     8  1982      72      72  hru072                 4.431      25.330       2.858       0.103       3.483       0.321       0.000       1.885       0.000       0.294       0.000       0.000
    67     3     8  1982      73      73  hru073                 3.626      20.942       2.363       0.105       3.194       0.331       0.000       1.554       0.000       0.295       0.000       0.000
    67     3     8  1982      74      74  hru074                 3.460      20.068       2.264       0.105       3.158       0.332       0.000       1.488       0.000       0.295       0.000       0.000
    67     3     8  1982      75      75  hru075                 0.764       4.494       0.507       0.115       1.246       0.376       0.000       0.330       0.000       0.301       0.000       0.000
    67     3     8  1982      76      76  hru076                 2.818      16.382       1.848       0.106       2.722       0.342       0.000       1.212       0.000       0.297       0.000       0.000
    67     3     8  1982      77      77  hru077                 4.329      17.115       1.844       0.102       2.650       0.366       0.000       1.886       0.000       0.257       0.000       0.000
    67     3     8  1982      78      78  hru078                 2.769      16.171       1.824       0.106       2.758       0.342       0.000       1.196       0.000       0.296       0.000       0.000
    67     3     8  1982      79      79  hru079                 4.119      23.661       2.669       0.104       3.389       0.324       0.000       1.759       0.000       0.294       0.000       0.000
    67     3     8  1982      80      80  hru080                 6.686      25.538       2.753       0.105       3.273       0.332       0.000       2.841       0.000       0.256       0.000       0.000
    67     3     8  1982      81      81  hru081                 4.564      18.001       1.940       0.102       2.763       0.361       0.000       1.985       0.000       0.257       0.000       0.000
    67     3     8  1982      82      82  hru082                 3.239      18.676       2.107       0.105       2.865       0.338       0.000       1.384       0.000       0.297       0.000       0.000
    67     3     8  1982      83      83  hru083                43.526     121.394      13.692       0.082       2.648       0.149       0.000       5.369       0.000       0.297       0.000       0.000
    67     3     8  1982      84      84  hru084                 0.912       4.886       0.548       0.126       1.987       0.429       0.000       0.383       0.000       0.067       0.000       0.000
    67     3     8  1982      85      85  hru085                 3.741      19.217       2.155       0.125       4.182       0.392       0.000       1.522       0.000       0.067       0.000       0.000
    67     3     8  1982      86      86  hru086                43.028     110.526      12.394       0.095       3.595       0.144       0.000       5.218       0.000       0.067       0.000       0.000
    67     3     8  1982      87      87  hru087                 2.445      12.811       1.436       0.125       3.415       0.408       0.000       1.010       0.000       0.067       0.000       0.000
    67     3     8  1982      88      88  hru088                 3.694      21.241       2.396       0.105       3.148       0.331       0.000       1.577       0.000       0.296       0.000       0.000
    67     3     8  1982      89      89  hru089                49.388     127.669      14.399       0.080       2.853       0.143       0.000       5.376       0.000       0.296       0.000       0.000
    67     3     8  1982      90      90  hru090                 2.582      14.951       1.687       0.107       2.484       0.347       0.000       1.105       0.000       0.298       0.000       0.000
    67     3     8  1982      91      91  hru091                 2.869      16.575       1.870       0.106       2.617       0.343       0.000       1.227       0.000       0.297       0.000       0.000
    67     3     8  1982      92      92  hru092                 0.811       4.765       0.537       0.116       1.243       0.375       0.000       0.350       0.000       0.302       0.000       0.000
    67     3     8  1982      93      93  hru093                 0.866       4.648       0.521       0.126       1.986       0.430       0.000       0.364       0.000       0.067       0.000       0.000
    67     3     8  1982      94      94  hru094                 2.929      15.253       1.710       0.125       3.803       0.402       0.000       1.204       0.000       0.067       0.000       0.000
    67     3     8  1982      95      95  hru095                 2.440      12.791       1.434       0.125       3.433       0.408       0.000       1.008       0.000       0.067       0.000       0.000
    67     3     8  1982      96      96  hru096                 0.860       4.617       0.518       0.126       1.979       0.430       0.000       0.361       0.000       0.067       0.000       0.000
    67     3     8  1982      97      97  hru097                 0.757       4.455       0.502       0.116       1.233       0.376       0.000       0.327       0.000       0.302       0.000       0.000
    67     3     8  1982      98      98  hru098                 2.934      16.980       1.916       0.106       2.715       0.341       0.000       1.257       0.000       0.297       0.000       0.000
    67     3     8  1982      99      99  hru099                 3.333      19.179       2.164       0.105       2.858       0.337       0.000       1.422       0.000       0.297       0.000       0.000
    67     3     8  1982     100     100  hru100                51.141     129.434      14.599       0.079       3.046       0.142       0.000       5.370       0.000       0.296       0.000       0.000
    67     3     8  1982     101     101  hru101                 3.536      20.350       2.296       0.105       3.038       0.334       0.000       1.510       0.000       0.296       0.000       0.000
    67     3     8  1982     102     102  hru102                 4.413      22.438       2.516       0.124       4.522       0.384       0.000       1.782       0.000       0.067       0.000       0.000
    67     3     8  1982     103     103  hru103                 4.936      27.999       3.159       0.103       3.526       0.317       0.000       2.088       0.000       0.294       0.000       0.000
    67     3     8  1982     104     104  hru104                 5.100      29.007       3.273       0.102       4.040       0.312       0.000       2.165       0.000       0.293       0.000       0.000
    67     3     8  1982     105     105  hru105                 6.563      32.372       3.630       0.129       5.664       0.358       0.000       2.594       0.000       0.067       0.000       0.000
    67     3     8  1982     106     106  hru106                 5.049      28.658       3.233       0.103       3.744       0.314       0.000       2.138       0.000       0.294       0.000       0.000
    67     3     8  1982     107     107  hru107                 4.985      28.366       3.200       0.102       3.859       0.314       0.000       2.116       0.000       0.293       0.000       0.000
    67     3     8  1982     108     108  hru108                 6.539      32.253       3.617       0.127       5.509       0.358       0.000       2.584       0.000       0.067       0.000       0.000
    67     3     8  1982     109     109  hru109                 2.847      16.542       1.866       0.106       2.747       0.342       0.000       1.224       0.000       0.297       0.000       0.000
    67     3     8  1982     110     110  hru110                 4.213      24.228       2.733       0.103       3.600       0.323       0.000       1.802       0.000       0.294       0.000       0.000
    67     3     8  1982     111     111  hru111                 5.606      31.648       3.571       0.102       4.114       0.306       0.000       2.367       0.000       0.293       0.000       0.000
    67     3     8  1982     112     112  hru112                 7.224      35.282       3.957       0.129       5.705       0.350       0.000       2.834       0.000       0.067       0.000       0.000
    67     3     8  1982     113     113  hru113                 0.363       1.963       0.220       0.126       1.254       0.438       0.000       0.153       0.000       0.067       0.000       0.000
    67     3     8  1982     114     114  hru114                 0.867       4.651       0.521       0.126       1.974       0.430       0.000       0.364       0.000       0.067       0.000       0.000
    67     3     8  1982     115     115  hru115                 2.173      11.427       1.281       0.125       3.155       0.412       0.000       0.900       0.000       0.067       0.000       0.000
    67     3     8  1982     116     116  hru116                41.977     109.455      12.274       0.096       3.696       0.146       0.000       5.215       0.000       0.067       0.000       0.000
    67     3     8  1982     117     117  hru117                 0.865       4.639       0.520       0.126       1.946       0.430       0.000       0.363       0.000       0.067       0.000       0.000
    67     3     8  1982     118     118  hru118                 2.815      14.658       1.643       0.125       3.535       0.404       0.000       1.157       0.000       0.067       0.000       0.000
    67     3     8  1982     119     119  hru119                 0.350       1.898       0.213       0.126       1.247       0.438       0.000       0.148       0.000       0.067       0.000       0.000
    67     3     8  1982     120     120  hru120                 0.829       4.453       0.499       0.126       1.949       0.431       0.000       0.348       0.000       0.067       0.000       0.000
    67     3     8  1982     121     121  hru121                 3.379      17.448       1.956       0.125       3.949       0.397       0.000       1.380       0.000       0.067       0.000       0.000
    67     3     8  1982     122     122  hru122                 2.128      11.194       1.255       0.125       3.036       0.412       0.000       0.881       0.000       0.067       0.000       0.000
    67     3     8  1982     123     123  hru123                 0.818       4.394       0.493       0.126       1.918       0.431       0.000       0.344       0.000       0.067       0.000       0.000
    67     3     8  1982     124     124  hru124                 0.343       1.858       0.208       0.126       1.239       0.438       0.000       0.145       0.000       0.067       0.000       0.000
    67     3     8  1982     125     125  hru125                 3.196      16.546       1.855       0.122       0.241       0.401       0.000       1.307       0.000       0.067       0.000       0.000
    67     3     8  1982     126     126  hru126                 4.550      22.994       2.578       0.121       1.189       0.384       0.000       1.827       0.000       0.067       0.000       0.000
    67     3     8  1982     127     127  hru127                12.210      54.510       6.111       0.113       1.941       0.289       0.000       4.478       0.000       0.067       0.000       0.000
    67     3     8  1982     128     128  hru128                37.997     104.974      11.771       0.097       3.476       0.155       0.000       5.195       0.000       0.067       0.000       0.000
    67     3     8  1982     129     129  hru129                 0.786       4.239       0.475       0.126       1.960       0.431       0.000       0.332       0.000       0.067       0.000       0.000
    67     3     8  1982     130     130  hru130                 2.124      11.212       1.257       0.125       3.258       0.412       0.000       0.883       0.000       0.067       0.000       0.000
    67     3     8  1982     131     131  hru131                 0.334       1.821       0.204       0.126       1.256       0.438       0.000       0.142       0.000       0.067       0.000       0.000
    67     3     8  1982     132     132  hru132                36.142     112.048      12.638       0.085       2.353       0.159       0.000       5.338       0.000       0.298       0.000       0.000
    67     3     8  1982     133     133  hru133                 4.038      22.596       2.548       0.120       0.735       0.346       0.000       1.682       0.000       0.303       0.000       0.000
    67     3     8  1982     134     134  hru134                 0.282       1.674       0.189       0.125       0.733       0.386       0.000       0.123       0.000       0.303       0.000       0.000
    67     3     8  1982     135     135  hru135                 0.223       1.215       0.136       0.126       0.241       0.441       0.000       0.095       0.000       0.067       0.000       0.000
    67     3     8  1982     136     136  hru136                 0.302       1.638       0.184       0.126       1.157       0.439       0.000       0.128       0.000       0.067       0.000       0.000
    67     3     8  1982     137     137  hru137                 0.337       1.824       0.204       0.126       1.203       0.438       0.000       0.142       0.000       0.067       0.000       0.000
    67     3     8  1982     138     138  hru138                 2.081       8.440       0.909       0.110       1.663       0.406       0.000       0.922       0.000       0.258       0.000       0.000
    67     3     8  1982     139     139  hru139                12.503      42.655       4.594       0.101       1.079       0.282       0.000       4.746       0.000       0.259       0.000       0.000
    67     3     8  1982     140     140  hru140                31.634      73.196       7.884       0.087       1.804       0.175       0.000       5.292       0.000       0.258       0.000       0.000
    67     3     8  1982     141     141  hru141                 0.354       1.916       0.215       0.126       1.225       0.438       0.000       0.150       0.000       0.067       0.000       0.000
    67     3     8  1982     142     142  hru142                 0.864       4.635       0.520       0.126       1.947       0.430       0.000       0.363       0.000       0.067       0.000       0.000
    67     3     8  1982     143     143  hru143                 5.111      25.540       2.863       0.120       1.241       0.377       0.000       2.034       0.000       0.067       0.000       0.000
    67     3     8  1982     144     144  hru144                12.157      54.303       6.088       0.113       1.924       0.290       0.000       4.460       0.000       0.067       0.000       0.000
    67     3     8  1982     145     145  hru145                33.649      99.482      11.155       0.099       3.226       0.165       0.000       5.173       0.000       0.067       0.000       0.000
    67     3     8  1982     146     146  hru146                 0.216       1.176       0.132       0.126       0.235       0.441       0.000       0.092       0.000       0.067       0.000       0.000
    67     3     8  1982     147     147  hru147                 0.292       1.581       0.177       0.126       1.111       0.439       0.000       0.123       0.000       0.067       0.000       0.000
    67     3     8  1982     148     148  hru148                34.251      75.819       8.167       0.086       1.842       0.169       0.000       5.310       0.000       0.258       0.000       0.000
    67     3     8  1982     149     149  hru149                12.285      42.056       4.530       0.102       1.070       0.284       0.000       4.720       0.000       0.259       0.000       0.000
    67     3     8  1982     150     150  hru150                 4.774      18.490       1.991       0.106       0.655       0.382       0.000       2.043       0.000       0.259       0.000       0.000
    67     3     8  1982     151     151  hru151                 4.680      23.764       2.664       0.121       1.247       0.381       0.000       1.890       0.000       0.067       0.000       0.000
    67     3     8  1982     152     152  hru152                11.121      50.664       5.680       0.114       1.939       0.302       0.000       4.143       0.000       0.067       0.000       0.000
    67     3     8  1982     153     153  hru153                30.815      95.751      10.737       0.101       3.241       0.173       0.000       5.172       0.000       0.067       0.000       0.000
    67     3     8  1982     154     154  hru154                 0.309       1.688       0.189       0.126       1.207       0.439       0.000       0.132       0.000       0.067       0.000       0.000
    67     3     8  1982     155     155  hru155                 0.353       1.911       0.214       0.126       1.221       0.438       0.000       0.149       0.000       0.067       0.000       0.000
    67     3     8  1982     156     156  hru156                 0.859       4.609       0.517       0.126       1.907       0.430       0.000       0.361       0.000       0.067       0.000       0.000
    67     3     8  1982     157     157  hru157                 3.507      18.068       2.026       0.124       3.874       0.395       0.000       1.430       0.000       0.067       0.000       0.000
    67     3     8  1982     158     158  hru158                 0.862       4.625       0.518       0.126       1.975       0.430       0.000       0.362       0.000       0.067       0.000       0.000
    67     3     8  1982     159     159  hru159                 0.354       1.918       0.215       0.126       1.238       0.438       0.000       0.150       0.000       0.067       0.000       0.000
    67     3     8  1982     160     160  hru160                 2.011      10.600       1.188       0.125       3.052       0.414       0.000       0.834       0.000       0.067       0.000       0.000
    67     3     8  1982     161     161  hru161                 3.744      19.234       2.157       0.125       4.213       0.392       0.000       1.524       0.000       0.067       0.000       0.000
    67     3     8  1982     162     162  hru162                 0.882       4.728       0.530       0.126       1.968       0.430       0.000       0.370       0.000       0.067       0.000       0.000
    67     3     8  1982     163     163  hru163                37.891     104.856      11.758       0.097       3.395       0.155       0.000       5.196       0.000       0.067       0.000       0.000
    67     3     8  1982     164     164  hru164                45.330     112.801      12.649       0.094       3.744       0.139       0.000       5.223       0.000       0.067       0.000       0.000
    67     3     8  1982     165     165  hru165                 5.944      29.280       3.282       0.119       1.289       0.366       0.000       2.341       0.000       0.067       0.000       0.000
    67     3     8  1982     166     166  hru166                32.984      98.537      11.049       0.099       3.100       0.167       0.000       5.164       0.000       0.067       0.000       0.000
    67     3     8  1982     167     167  hru167                13.049      57.478       6.444       0.112       1.948       0.279       0.000       4.684       0.000       0.067       0.000       0.000
    67     3     8  1982     168     168  hru168                 0.929       4.980       0.558       0.126       1.951       0.429       0.000       0.390       0.000       0.067       0.000       0.000
    67     3     8  1982     169     169  hru169                50.949     118.111      13.245       0.093       4.134       0.130       0.000       5.261       0.000       0.067       0.000       0.000
    67     3     8  1982     170     170  hru170                37.800     104.780      11.750       0.097       3.469       0.155       0.000       5.198       0.000       0.067       0.000       0.000
    67     3     8  1982     171     171  hru171                12.682      56.214       6.302       0.112       1.981       0.284       0.000       4.628       0.000       0.067       0.000       0.000
    67     3     8  1982     172     172  hru172                 4.786      24.204       2.714       0.124       4.691       0.380       0.000       1.925       0.000       0.067       0.000       0.000
    67     3     8  1982     173     173  hru173                 0.322       1.755       0.197       0.126       1.222       0.439       0.000       0.137       0.000       0.067       0.000       0.000
    67     3     8  1982     174     174  hru174                 0.808       4.348       0.487       0.126       1.968       0.431       0.000       0.340       0.000       0.067       0.000       0.000
    67     3     8  1982     175     175  hru175                 3.516      18.212       2.042       0.125       4.301       0.394       0.000       1.442       0.000       0.067       0.000       0.000
    67     3     8  1982     176     176  hru176                 2.914      16.803       1.896       0.106       2.511       0.343       0.000       1.244       0.000       0.297       0.000       0.000
    67     3     8  1982     177     177  hru177                52.435     130.622      14.732       0.079       3.045       0.141       0.000       5.371       0.000       0.296       0.000       0.000
    67     3     8  1982     178     178  hru178                65.176     128.332      14.390       0.089       4.443       0.115       0.000       5.318       0.000       0.067       0.000       0.000
    67     3     8  1982     179     179  hru179                 3.255      18.785       2.119       0.105       2.838       0.337       0.000       1.392       0.000       0.296       0.000       0.000
    67     3     8  1982     180     180  hru180                 5.901      29.367       3.293       0.124       5.239       0.366       0.000       2.346       0.000       0.067       0.000       0.000
    67     3     8  1982     181     181  hru181                46.480     124.682      14.063       0.081       2.703       0.146       0.000       5.373       0.000       0.297       0.000       0.000
    67     3     8  1982     182     182  hru182                 3.762      21.758       2.455       0.104       3.348       0.328       0.000       1.615       0.000       0.295       0.000       0.000
    67     3     8  1982     183     183  hru183                 0.367       1.987       0.223       0.126       1.278       0.438       0.000       0.155       0.000       0.067       0.000       0.000
    67     3     8  1982     184     184  hru184                 2.475      12.967       1.454       0.125       3.460       0.408       0.000       1.022       0.000       0.067       0.000       0.000
    67     3     8  1982     185     185  hru185                 0.825       4.434       0.497       0.126       1.964       0.431       0.000       0.347       0.000       0.067       0.000       0.000
    67     3     8  1982     186     186  hru186                 2.381      12.479       1.399       0.125       3.275       0.409       0.000       0.983       0.000       0.067       0.000       0.000
    67     3     8  1982     187     187  hru187                35.586     102.081      11.447       0.098       3.420       0.160       0.000       5.187       0.000       0.067       0.000       0.000
    67     3     8  1982     188     188  hru188                12.311      54.883       6.153       0.113       1.969       0.288       0.000       4.511       0.000       0.067       0.000       0.000
    67     3     8  1982     189     189  hru189                11.848      53.262       5.971       0.113       1.971       0.294       0.000       4.369       0.000       0.067       0.000       0.000
    67     3     8  1982     190     190  hru190                33.389      99.394      11.145       0.099       3.400       0.166       0.000       5.186       0.000       0.067       0.000       0.000
    67     3     8  1982     191     191  hru191                 2.554      13.359       1.498       0.125       3.487       0.407       0.000       1.053       0.000       0.067       0.000       0.000
    67     3     8  1982     192     192  hru192                 4.570      26.135       2.949       0.103       3.661       0.319       0.000       1.946       0.000       0.294       0.000       0.000
    67     3     8  1982     193     193  hru193                 4.385      17.314       1.866       0.102       2.652       0.366       0.000       1.908       0.000       0.257       0.000       0.000
    67     3     8  1982     194     194  hru194                 0.769       4.526       0.511       0.115       1.230       0.376       0.000       0.332       0.000       0.301       0.000       0.000
    67     3     8  1982     195     195  hru195                 3.843      22.132       2.497       0.104       3.281       0.328       0.000       1.644       0.000       0.295       0.000       0.000
    67     3     8  1982     196     196  hru196                 3.492      20.155       2.274       0.105       3.040       0.333       0.000       1.495       0.000       0.295       0.000       0.000
    67     3     8  1982     197     197  hru197                 3.201      18.648       2.104       0.105       3.044       0.335       0.000       1.382       0.000       0.295       0.000       0.000
    67     3     8  1982     198     198  hru198                 3.034      12.200       1.315       0.106       2.172       0.387       0.000       1.337       0.000       0.258       0.000       0.000
    67     3     8  1982     199     199  hru199                 4.089      16.186       1.744       0.103       2.444       0.372       0.000       1.782       0.000       0.257       0.000       0.000
    67     3     8  1982     200     200  hru200                 3.550      14.188       1.529       0.104       2.388       0.379       0.000       1.558       0.000       0.257       0.000       0.000
    67     3     8  1982     201     201  hru201                 4.368      17.253       1.859       0.102       2.653       0.366       0.000       1.901       0.000       0.257       0.000       0.000
    67     3     8  1982     202     202  hru202                 5.198      20.275       2.185       0.101       2.800       0.354       0.000       2.242       0.000       0.257       0.000       0.000
    67     3     8  1982     203     203  hru203                 3.854      22.215       2.506       0.104       3.297       0.327       0.000       1.650       0.000       0.295       0.000       0.000
    67     3     8  1982     204     204  hru204                 5.320      20.752       2.237       0.103       3.022       0.350       0.000       2.296       0.000       0.256       0.000       0.000
    67     3     8  1982     205     205  hru205                 5.438      21.195       2.285       0.104       3.126       0.348       0.000       2.346       0.000       0.256       0.000       0.000
    67     3     8  1982     206     206  hru206                 5.652      21.915       2.362       0.102       2.906       0.347       0.000       2.428       0.000       0.256       0.000       0.000
    67     3     8  1982     207     207  hru207                 4.790      27.314       3.082       0.103       3.686       0.316       0.000       2.036       0.000       0.293       0.000       0.000
    67     3     8  1982     208     208  hru208                 4.348      24.945       2.814       0.103       3.574       0.321       0.000       1.856       0.000       0.294       0.000       0.000
    67     3     8  1982     209     209  hru209                 3.586      20.635       2.328       0.105       2.838       0.333       0.000       1.531       0.000       0.296       0.000       0.000
    67     3     8  1982     210     210  hru210                 4.069      23.445       2.645       0.104       3.480       0.324       0.000       1.743       0.000       0.294       0.000       0.000
    67     3     8  1982     211     211  hru211                 4.818      27.497       3.102       0.103       3.787       0.315       0.000       2.050       0.000       0.293       0.000       0.000
    67     3     8  1982     212     212  hru212                 2.214       8.466       0.898       0.064       3.343       0.265       0.000       1.048       0.000       0.367       0.000       0.000
    67     3     8  1982     213     213  hru213                 4.672      18.379       1.981       0.102       2.723       0.361       0.000       2.028       0.000       0.257       0.000       0.000
    67     3     8  1982     214     214  hru214                 4.667      18.376       1.980       0.102       2.794       0.360       0.000       2.027       0.000       0.257       0.000       0.000
    67     3     8  1982     215     215  hru215                 4.429      17.525       1.889       0.102       2.764       0.363       0.000       1.932       0.000       0.257       0.000       0.000
    67     3     8  1982     216     216  hru216                 4.077      16.147       1.740       0.103       2.478       0.371       0.000       1.777       0.000       0.257       0.000       0.000
    67     3     8  1982     217     217  hru217                 4.894      19.244       2.074       0.103       2.952       0.356       0.000       2.125       0.000       0.256       0.000       0.000
    67     3     8  1982     218     218  hru218                 4.328      17.179       1.851       0.102       2.764       0.364       0.000       1.893       0.000       0.257       0.000       0.000
    67     3     8  1982     219     219  hru219                 0.337       1.357       0.144       0.078       1.192       0.310       0.000       0.167       0.000       0.378       0.000       0.000
    67     3     8  1982     220     220  hru220                 0.610       2.440       0.259       0.075       1.630       0.301       0.000       0.300       0.000       0.376       0.000       0.000
    67     3     8  1982     221     221  hru221                12.194      54.496       6.110       0.113       1.983       0.289       0.000       4.477       0.000       0.067       0.000       0.000
    67     3     8  1982     222     222  hru222                30.859      95.774      10.739       0.101       3.222       0.173       0.000       5.171       0.000       0.067       0.000       0.000
    67     3     8  1982     223     223  hru223                 0.853       4.581       0.514       0.126       1.975       0.430       0.000       0.359       0.000       0.067       0.000       0.000
    67     3     8  1982     224     224  hru224                 2.268      11.914       1.336       0.125       3.276       0.410       0.000       0.938       0.000       0.067       0.000       0.000
    67     3     8  1982     225     225  hru225                58.074     123.687      13.870       0.091       4.331       0.121       0.000       5.294       0.000       0.067       0.000       0.000
    67     3     8  1982     226     226  hru226                 0.849       4.559       0.511       0.126       1.967       0.430       0.000       0.357       0.000       0.067       0.000       0.000
    67     3     8  1982     227     227  hru227                 2.750      14.347       1.609       0.125       3.641       0.404       0.000       1.132       0.000       0.067       0.000       0.000
    67     3     8  1982     228     228  hru228                 0.355       1.922       0.215       0.126       1.248       0.438       0.000       0.150       0.000       0.067       0.000       0.000
    67     3     8  1982     229     229  hru229                11.279      51.295       5.751       0.114       1.962       0.300       0.000       4.198       0.000       0.067       0.000       0.000
    67     3     8  1982     230     230  hru230                24.565      85.655       9.604       0.104       2.861       0.192       0.000       5.133       0.000       0.067       0.000       0.000
    67     3     8  1982     231     231  hru231                 5.079      25.499       2.858       0.120       1.280       0.377       0.000       2.031       0.000       0.067       0.000       0.000
    67     3     8  1982     232     232  hru232                 0.339       1.837       0.206       0.126       1.233       0.438       0.000       0.143       0.000       0.067       0.000       0.000
    67     3     8  1982     233     233  hru233                 2.691      14.044       1.575       0.125       3.573       0.405       0.000       1.108       0.000       0.067       0.000       0.000
    67     3     8  1982     234     234  hru234                30.372      95.010      10.654       0.101       3.175       0.174       0.000       5.164       0.000       0.067       0.000       0.000
    67     3     8  1982     235     235  hru235                12.021      53.863       6.039       0.113       1.973       0.291       0.000       4.422       0.000       0.067       0.000       0.000
    67     3     8  1982     236     236  hru236                 3.052      15.863       1.779       0.125       3.885       0.400       0.000       1.253       0.000       0.067       0.000       0.000
    67     3     8  1982     237     237  hru237                99.522     143.516      16.091       0.084       5.406       0.102       0.000       5.496       0.000       0.067       0.000       0.000
    67     3     8  1982     238     238  hru238                35.687     102.405      11.483       0.098       3.509       0.160       0.000       5.200       0.000       0.067       0.000       0.000
    67     3     8  1982     239     239  hru239                11.994      53.800       6.032       0.113       1.979       0.292       0.000       4.416       0.000       0.067       0.000       0.000
    67     3     8  1982     240     240  hru240                 2.840      14.792       1.658       0.125       3.661       0.403       0.000       1.168       0.000       0.067       0.000       0.000
    67     3     8  1982     241     241  hru241                96.172     142.895      16.021       0.087       5.549       0.104       0.000       5.520       0.000       0.067       0.000       0.000
    67     3     8  1982     242     242  hru242                 5.258      26.429       2.964       0.124       5.113       0.374       0.000       2.106       0.000       0.067       0.000       0.000
    67     3     8  1982     243     243  hru243                 3.855      22.333       2.520       0.104       3.470       0.326       0.000       1.659       0.000       0.294       0.000       0.000
    67     3     8  1982     244     244  hru244                 2.945      17.069       1.926       0.106       2.708       0.340       0.000       1.263       0.000       0.296       0.000       0.000
    67     3     8  1982     245     245  hru245                 3.303      19.111       2.156       0.105       2.956       0.335       0.000       1.416       0.000       0.296       0.000       0.000
    67     3     8  1982     246     246  hru246                 3.576      20.657       2.331       0.105       3.125       0.331       0.000       1.533       0.000       0.295       0.000       0.000
    67     3     8  1982     247     247  hru247                 3.314      19.110       2.156       0.105       2.719       0.336       0.000       1.416       0.000       0.296       0.000       0.000
    67     3     8  1982     248     248  hru248                 0.312       1.848       0.208       0.121       0.725       0.384       0.000       0.135       0.000       0.302       0.000       0.000
    67     3     8  1982     249     249  hru249                 0.066       0.393       0.044       0.125       0.028       0.393       0.000       0.029       0.000       0.304       0.000       0.000
    67     3     8  1982     250     250  hru250                 4.297      24.595       2.775       0.104       3.279       0.323       0.000       1.830       0.000       0.294       0.000       0.000
    67     3     8  1982     251     251  hru251                 0.288       1.701       0.192       0.121       0.698       0.385       0.000       0.125       0.000       0.302       0.000       0.000
    67     3     8  1982     252     252  hru252                 0.289       1.725       0.195       0.124       0.767       0.386       0.000       0.126       0.000       0.303       0.000       0.000
    67     3     8  1982     253     253  hru253                 3.022      17.651       1.991       0.105       2.947       0.338       0.000       1.307       0.000       0.296       0.000       0.000
    67     3     8  1982     254     254  hru254                 0.702       4.146       0.468       0.116       1.228       0.376       0.000       0.304       0.000       0.302       0.000       0.000
    67     3     8  1982     255     255  hru255                 4.279      24.485       2.762       0.104       3.265       0.324       0.000       1.821       0.000       0.295       0.000       0.000
    67     3     8  1982     256     256  hru256                 4.034      23.231       2.621       0.104       3.439       0.325       0.000       1.727       0.000       0.294       0.000       0.000
    67     3     8  1982     257     257  hru257                 0.754       4.439       0.501       0.115       1.237       0.375       0.000       0.326       0.000       0.301       0.000       0.000
    67     3     8  1982     258     258  hru258                 3.126      18.127       2.045       0.105       2.894       0.338       0.000       1.343       0.000       0.296       0.000       0.000
    67     3     8  1982     259     259  hru259                 2.803      16.321       1.841       0.106       2.739       0.342       0.000       1.207       0.000       0.297       0.000       0.000
    67     3     8  1982     260     260  hru260                 0.746       4.396       0.496       0.115       1.242       0.375       0.000       0.323       0.000       0.301       0.000       0.000
    67     3     8  1982     261     261  hru261                 0.303       1.796       0.203       0.124       0.756       0.386       0.000       0.132       0.000       0.303       0.000       0.000
    67     3     8  1982     262     262  hru262                 0.755       4.443       0.501       0.116       1.215       0.376       0.000       0.326       0.000       0.302       0.000       0.000
    67     3     8  1982     263     263  hru263                 2.262      13.122       1.480       0.107       2.230       0.352       0.000       0.969       0.000       0.298       0.000       0.000
    67     3     8  1982     264     264  hru264                 2.552      14.814       1.671       0.107       2.503       0.347       0.000       1.095       0.000       0.297       0.000       0.000
    67     3     8  1982     265     265  hru265                 0.295       1.750       0.197       0.124       0.761       0.386       0.000       0.128       0.000       0.303       0.000       0.000
    67     3     8  1982     266     266  hru266                 0.724       4.268       0.481       0.116       1.222       0.376       0.000       0.313       0.000       0.302       0.000       0.000
    67     3     8  1982     267     267  hru267                 0.785       4.620       0.521       0.115       1.239       0.375       0.000       0.339       0.000       0.301       0.000       0.000
    67     3     8  1982     268     268  hru268                 3.457      19.944       2.250       0.105       2.998       0.334       0.000       1.479       0.000       0.296       0.000       0.000
    67     3     8  1982     269     269  hru269                 3.669      21.143       2.385       0.105       3.118       0.331       0.000       1.569       0.000       0.295       0.000       0.000
    67     3     8  1982     270     270  hru270                 0.324       1.917       0.216       0.121       0.738       0.384       0.000       0.140       0.000       0.302       0.000       0.000
    67     3     8  1982     271     271  hru271                 4.128      23.639       2.667       0.104       3.133       0.326       0.000       1.758       0.000       0.295       0.000       0.000
