 Prueba3                   SWAT+ Jul 2 2024        MODULAR Rev 2024.61.0.1                                
   jday   mon   day    yr   unit  gis_id  name                 sedyld     sedorgn     sedorgp     surqno3     lat3no3    surqsolp        usle     sedminp     tileno3     lchlabp    tilelabp      satexn
                                                                  tha        kgha        kgha        kgha        kgha        kgha        tons        kgha        kgha        kgha        kgha        kgha
    67     3     8  1982       1       1  hru001                 9.809     104.418      12.101       0.355      37.597       1.098       0.000       4.810       0.000       2.174       0.000       0.000
    67     3     8  1982       2       2  hru002                15.650      90.283      10.185       0.560      14.287       1.811       0.000       6.683       0.000       1.573       0.000       0.000
    67     3     8  1982       3       3  hru003                 7.928      84.855       9.833       0.356      31.389       1.169       0.000       3.902       0.000       2.201       0.000       0.000
    67     3     8  1982       4       4  hru004                 1.681       9.956       1.123       0.663       4.112       2.044       0.000       0.730       0.000       1.605       0.000       0.000
    67     3     8  1982       5       5  hru005                 3.898      22.938       2.587       0.622       6.434       1.996       0.000       1.685       0.000       1.598       0.000       0.000
    67     3     8  1982       6       6  hru006                13.844      80.004       9.025       0.564      12.983       1.836       0.000       5.915       0.000       1.576       0.000       0.000
    67     3     8  1982       7       7  hru007                 8.198      87.565      10.148       0.356      31.769       1.164       0.000       4.028       0.000       2.200       0.000       0.000
    67     3     8  1982       8       8  hru008                 7.464      80.112       9.284       0.354      29.298       1.191       0.000       3.682       0.000       2.210       0.000       0.000
    67     3     8  1982       9       9  hru009                 2.507      28.050       3.250       0.338      15.541       1.376       0.000       1.283       0.000       2.275       0.000       0.000
    67     3     8  1982      10      10  hru010                 6.277      68.042       7.885       0.347      26.922       1.220       0.000       3.124       0.000       2.221       0.000       0.000
    67     3     8  1982      11      11  hru011                 2.358      26.440       3.064       0.338      15.484       1.378       0.000       1.209       0.000       2.275       0.000       0.000
    67     3     8  1982      12      12  hru012                 1.044      11.756       1.362       0.343       9.844       1.461       0.000       0.537       0.000       2.304       0.000       0.000
    67     3     8  1982      13      13  hru013                 4.208      24.730       2.789       0.618       6.616       1.990       0.000       1.817       0.000       1.597       0.000       0.000
    67     3     8  1982      14      14  hru014                12.037      69.858       7.880       0.567      12.225       1.859       0.000       5.158       0.000       1.578       0.000       0.000
    67     3     8  1982      15      15  hru015                 4.049      23.810       2.685       0.620       6.536       1.993       0.000       1.749       0.000       1.597       0.000       0.000
    67     3     8  1982      16      16  hru016                13.946      80.730       9.107       0.563      13.361       1.832       0.000       5.969       0.000       1.575       0.000       0.000
    67     3     8  1982      17      17  hru017                 4.034      23.743       2.678       0.618       6.613       1.992       0.000       1.744       0.000       1.597       0.000       0.000
    67     3     8  1982      18      18  hru018                11.112      64.764       7.306       0.568      11.944       1.871       0.000       4.779       0.000       1.580       0.000       0.000
    67     3     8  1982      19      19  hru019                 2.498      27.958       3.240       0.338      15.554       1.377       0.000       1.279       0.000       2.275       0.000       0.000
    67     3     8  1982      20      20  hru020                 7.065      76.110       8.820       0.352      27.974       1.206       0.000       3.497       0.000       2.216       0.000       0.000
    67     3     8  1982      21      21  hru021                 1.090      12.238       1.418       0.343       9.777       1.462       0.000       0.559       0.000       2.304       0.000       0.000
    67     3     8  1982      22      22  hru022                 2.484      27.801       3.221       0.338      15.608       1.376       0.000       1.272       0.000       2.275       0.000       0.000
    67     3     8  1982      23      23  hru023                 8.379      89.412      10.362       0.356      32.393       1.156       0.000       4.113       0.000       2.197       0.000       0.000
    67     3     8  1982      24      24  hru024                 2.406      26.959       3.124       0.338      15.602       1.377       0.000       1.233       0.000       2.275       0.000       0.000
    67     3     8  1982      25      25  hru025                 7.053      76.036       8.811       0.355      29.639       1.190       0.000       3.494       0.000       2.209       0.000       0.000
    67     3     8  1982      26      26  hru026                 8.099      86.550      10.030       0.355      30.550       1.175       0.000       3.980       0.000       2.204       0.000       0.000
    67     3     8  1982      27      27  hru027                 2.662      29.768       3.449       0.338      15.858       1.371       0.000       1.362       0.000       2.273       0.000       0.000
    67     3     8  1982      28      28  hru028                 9.326      99.044      11.478       0.356      34.924       1.125       0.000       4.560       0.000       2.185       0.000       0.000
    67     3     8  1982      29      29  hru029                26.919     152.427      17.197       0.543      19.278       1.665       0.000      11.376       0.000       1.556       0.000       0.000
    67     3     8  1982      30      30  hru030                17.843     102.327      11.544       0.558      14.281       1.787       0.000       7.587       0.000       1.571       0.000       0.000
    67     3     8  1982      31      31  hru031                 8.910      94.788      10.985       0.356      33.743       1.139       0.000       4.362       0.000       2.190       0.000       0.000
    67     3     8  1982      32      32  hru032                19.100     109.637      12.369       0.555      15.804       1.763       0.000       8.136       0.000       1.567       0.000       0.000
    67     3     8  1982      33      33  hru033                17.636     101.705      11.474       0.556      15.613       1.778       0.000       7.539       0.000       1.567       0.000       0.000
    67     3     8  1982      34      34  hru034               303.775     713.657      80.490       0.408      17.393       0.724       0.000      28.462       0.000       1.562       0.000       0.000
    67     3     8  1982      35      35  hru035                19.143     110.149      12.427       0.554      16.398       1.758       0.000       8.174       0.000       1.564       0.000       0.000
    67     3     8  1982      36      36  hru036                90.845     643.067      74.518       0.299      26.089       0.801       0.000      24.125       0.000       2.225       0.000       0.000
    67     3     8  1982      37      37  hru037               206.758     561.483      62.962       0.512      18.349       0.803       0.000      27.462       0.000       0.357       0.000       0.000
    67     3     8  1982      38      38  hru038                 8.317      88.813      10.292       0.355      30.461       1.175       0.000       4.085       0.000       2.205       0.000       0.000
    67     3     8  1982      39      39  hru039                16.479      85.448       9.580       0.660      20.314       2.115       0.000       6.752       0.000       0.357       0.000       0.000
    67     3     8  1982      40      40  hru040                13.885      72.551       8.134       0.662      18.694       2.147       0.000       5.722       0.000       0.357       0.000       0.000
    67     3     8  1982      41      41  hru041                 4.618      24.770       2.777       0.667      10.439       2.275       0.000       1.939       0.000       0.357       0.000       0.000
    67     3     8  1982      42      42  hru042                 8.899      95.578      11.076       0.356      35.964       1.118       0.000       4.400       0.000       2.181       0.000       0.000
    67     3     8  1982      43      43  hru043                 8.560      91.195      10.568       0.356      32.408       1.154       0.000       4.196       0.000       2.196       0.000       0.000
    67     3     8  1982      44      44  hru044                 7.514      82.153       9.520       0.357      33.100       1.153       0.000       3.778       0.000       2.194       0.000       0.000
    67     3     8  1982      45      45  hru045                 7.987      85.743       9.936       0.356      32.641       1.155       0.000       3.943       0.000       2.195       0.000       0.000
    67     3     8  1982      46      46  hru046                97.953     667.088      77.303       0.306      28.825       0.771       0.000      24.242       0.000       2.213       0.000       0.000
    67     3     8  1982      47      47  hru047                 8.918      94.838      10.990       0.356      33.428       1.142       0.000       4.365       0.000       2.191       0.000       0.000
    67     3     8  1982      48      48  hru048                16.456      85.299       9.564       0.659      19.835       2.116       0.000       6.740       0.000       0.357       0.000       0.000
    67     3     8  1982      49      49  hru049                 9.073      96.458      11.178       0.356      34.199       1.134       0.000       4.440       0.000       2.188       0.000       0.000
    67     3     8  1982      50      50  hru050                 9.946     105.499      12.226       0.355      37.120       1.100       0.000       4.860       0.000       2.175       0.000       0.000
    67     3     8  1982      51      51  hru051                10.181     107.693      12.480       0.355      36.606       1.104       0.000       4.962       0.000       2.177       0.000       0.000
    67     3     8  1982      52      52  hru052                10.285     108.888      12.619       0.355      37.664       1.093       0.000       5.018       0.000       2.173       0.000       0.000
    67     3     8  1982      53      53  hru053                19.419     111.961      12.631       0.553      16.983       1.750       0.000       8.310       0.000       1.563       0.000       0.000
    67     3     8  1982      54      54  hru054               269.124     683.164      77.052       0.419      15.859       0.751       0.000      28.426       0.000       1.566       0.000       0.000
    67     3     8  1982      55      55  hru055                 3.965      23.347       2.633       0.614       6.566       1.991       0.000       1.715       0.000       1.596       0.000       0.000
    67     3     8  1982      56      56  hru056                 1.742      10.315       1.163       0.656       4.187       2.039       0.000       0.756       0.000       1.603       0.000       0.000
    67     3     8  1982      57      57  hru057                10.281      59.847       6.751       0.571      11.173       1.884       0.000       4.414       0.000       1.581       0.000       0.000
    67     3     8  1982      58      58  hru058                 3.879      22.860       2.578       0.617       6.549       1.993       0.000       1.679       0.000       1.597       0.000       0.000
    67     3     8  1982      59      59  hru059                11.898      69.516       7.842       0.566      12.648       1.855       0.000       5.133       0.000       1.576       0.000       0.000
    67     3     8  1982      60      60  hru060                10.176      59.146       6.672       0.572      10.775       1.888       0.000       4.362       0.000       1.582       0.000       0.000
    67     3     8  1982      61      61  hru061                 1.568       9.316       1.051       0.658       4.033       2.042       0.000       0.683       0.000       1.604       0.000       0.000
    67     3     8  1982      62      62  hru062                 3.841      22.622       2.551       0.615       6.445       1.993       0.000       1.661       0.000       1.596       0.000       0.000
    67     3     8  1982      63      63  hru063                 4.025      23.700       2.673       0.615       6.646       1.990       0.000       1.741       0.000       1.596       0.000       0.000
    67     3     8  1982      64      64  hru064                10.883      63.544       7.168       0.569      11.877       1.872       0.000       4.688       0.000       1.579       0.000       0.000
    67     3     8  1982      65      65  hru065                 4.257      25.019       2.822       0.613       6.564       1.987       0.000       1.838       0.000       1.596       0.000       0.000
    67     3     8  1982      66      66  hru066                16.690      96.252      10.859       0.559      14.671       1.793       0.000       7.130       0.000       1.569       0.000       0.000
    67     3     8  1982      67      67  hru067                15.820      91.814      10.358       0.559      14.923       1.797       0.000       6.797       0.000       1.567       0.000       0.000
    67     3     8  1982      68      68  hru068                17.441     100.696      11.360       0.557      15.360       1.778       0.000       7.463       0.000       1.566       0.000       0.000
    67     3     8  1982      69      69  hru069                17.634     101.939      11.500       0.556      15.810       1.773       0.000       7.556       0.000       1.565       0.000       0.000
    67     3     8  1982      70      70  hru070                19.317     111.268      12.553       0.553      16.414       1.752       0.000       8.258       0.000       1.562       0.000       0.000
    67     3     8  1982      71      71  hru071                23.826     136.017      15.346       0.547      18.465       1.697       0.000      10.128       0.000       1.557       0.000       0.000
    67     3     8  1982      72      72  hru072                23.437     133.990      15.117       0.547      18.426       1.700       0.000       9.974       0.000       1.557       0.000       0.000
    67     3     8  1982      73      73  hru073                19.179     110.781      12.498       0.553      16.898       1.749       0.000       8.221       0.000       1.561       0.000       0.000
    67     3     8  1982      74      74  hru074                18.305     106.159      11.977       0.554      16.704       1.757       0.000       7.873       0.000       1.560       0.000       0.000
    67     3     8  1982      75      75  hru075                 4.039      23.773       2.681       0.610       6.589       1.987       0.000       1.746       0.000       1.595       0.000       0.000
    67     3     8  1982      76      76  hru076                14.909      86.656       9.776       0.561      14.401       1.809       0.000       6.411       0.000       1.569       0.000       0.000
    67     3     8  1982      77      77  hru077                22.900      90.538       9.757       0.539      14.017       1.936       0.000       9.976       0.000       1.359       0.000       0.000
    67     3     8  1982      78      78  hru078                14.649      85.545       9.651       0.560      14.591       1.810       0.000       6.328       0.000       1.568       0.000       0.000
    67     3     8  1982      79      79  hru079                21.788     125.163      14.121       0.549      17.927       1.716       0.000       9.305       0.000       1.557       0.000       0.000
    67     3     8  1982      80      80  hru080                35.369     135.092      14.562       0.557      17.313       1.755       0.000      15.031       0.000       1.353       0.000       0.000
    67     3     8  1982      81      81  hru081                24.142      95.225      10.262       0.540      14.615       1.912       0.000      10.501       0.000       1.358       0.000       0.000
    67     3     8  1982      82      82  hru082                17.133      98.791      11.145       0.558      15.157       1.786       0.000       7.320       0.000       1.568       0.000       0.000
    67     3     8  1982      83      83  hru083               230.246     642.155      72.427       0.432      14.005       0.789       0.000      28.401       0.000       1.573       0.000       0.000
    67     3     8  1982      84      84  hru084                 4.822      25.847       2.897       0.667      10.510       2.271       0.000       2.023       0.000       0.357       0.000       0.000
    67     3     8  1982      85      85  hru085                19.791     101.653      11.398       0.659      22.123       2.075       0.000       8.053       0.000       0.357       0.000       0.000
    67     3     8  1982      86      86  hru086               227.609     584.669      65.562       0.504      19.019       0.761       0.000      27.602       0.000       0.357       0.000       0.000
    67     3     8  1982      87      87  hru087                12.932      67.766       7.598       0.662      18.067       2.159       0.000       5.341       0.000       0.357       0.000       0.000
    67     3     8  1982      88      88  hru088                19.539     112.363      12.677       0.553      16.652       1.753       0.000       8.340       0.000       1.564       0.000       0.000
    67     3     8  1982      89      89  hru089               261.257     675.352      76.171       0.421      15.093       0.757       0.000      28.439       0.000       1.568       0.000       0.000
    67     3     8  1982      90      90  hru090                13.657      79.088       8.922       0.564      13.138       1.835       0.000       5.846       0.000       1.575       0.000       0.000
    67     3     8  1982      91      91  hru091                15.179      87.677       9.891       0.561      13.845       1.815       0.000       6.488       0.000       1.572       0.000       0.000
    67     3     8  1982      92      92  hru092                 4.289      25.207       2.843       0.613       6.574       1.986       0.000       1.852       0.000       1.596       0.000       0.000
    67     3     8  1982      93      93  hru093                 4.582      24.588       2.756       0.667      10.506       2.275       0.000       1.924       0.000       0.357       0.000       0.000
    67     3     8  1982      94      94  hru094                15.495      80.686       9.046       0.661      20.115       2.126       0.000       6.371       0.000       0.357       0.000       0.000
    67     3     8  1982      95      95  hru095                12.906      67.663       7.586       0.662      18.159       2.159       0.000       5.333       0.000       0.357       0.000       0.000
    67     3     8  1982      96      96  hru096                 4.551      24.425       2.738       0.667      10.471       2.275       0.000       1.911       0.000       0.357       0.000       0.000
    67     3     8  1982      97      97  hru097                 4.005      23.565       2.658       0.612       6.521       1.989       0.000       1.731       0.000       1.595       0.000       0.000
    67     3     8  1982      98      98  hru098                15.521      89.822      10.133       0.560      14.365       1.805       0.000       6.648       0.000       1.570       0.000       0.000
    67     3     8  1982      99      99  hru099                17.629     101.453      11.445       0.557      15.120       1.782       0.000       7.520       0.000       1.569       0.000       0.000
    67     3     8  1982     100     100  hru100               270.527     684.686      77.224       0.418      16.115       0.751       0.000      28.407       0.000       1.564       0.000       0.000
    67     3     8  1982     101     101  hru101                18.702     107.649      12.145       0.555      16.072       1.764       0.000       7.986       0.000       1.565       0.000       0.000
    67     3     8  1982     102     102  hru102                23.344     118.691      13.309       0.657      23.919       2.032       0.000       9.428       0.000       0.357       0.000       0.000
    67     3     8  1982     103     103  hru103                26.113     148.109      16.710       0.544      18.652       1.675       0.000      11.047       0.000       1.557       0.000       0.000
    67     3     8  1982     104     104  hru104                26.978     153.441      17.312       0.541      21.371       1.648       0.000      11.452       0.000       1.549       0.000       0.000
    67     3     8  1982     105     105  hru105                34.718     171.242      19.204       0.684      29.960       1.892       0.000      13.719       0.000       0.356       0.000       0.000
    67     3     8  1982     106     106  hru106                26.707     151.597      17.104       0.542      19.807       1.661       0.000      11.312       0.000       1.553       0.000       0.000
    67     3     8  1982     107     107  hru107                26.368     150.052      16.930       0.542      20.414       1.659       0.000      11.194       0.000       1.551       0.000       0.000
    67     3     8  1982     108     108  hru108                34.589     170.613      19.133       0.672      29.140       1.895       0.000      13.667       0.000       0.356       0.000       0.000
    67     3     8  1982     109     109  hru109                15.059      87.506       9.872       0.560      14.530       1.809       0.000       6.475       0.000       1.570       0.000       0.000
    67     3     8  1982     110     110  hru110                22.284     128.163      14.460       0.547      19.044       1.707       0.000       9.532       0.000       1.556       0.000       0.000
    67     3     8  1982     111     111  hru111                29.654     167.413      18.889       0.538      21.762       1.620       0.000      12.519       0.000       1.548       0.000       0.000
    67     3     8  1982     112     112  hru112                38.214     186.635      20.930       0.684      30.180       1.852       0.000      14.992       0.000       0.356       0.000       0.000
    67     3     8  1982     113     113  hru113                 1.919      10.385       1.164       0.668       6.632       2.318       0.000       0.811       0.000       0.357       0.000       0.000
    67     3     8  1982     114     114  hru114                 4.585      24.602       2.758       0.667      10.443       2.275       0.000       1.925       0.000       0.357       0.000       0.000
    67     3     8  1982     115     115  hru115                11.496      60.446       6.777       0.663      16.687       2.178       0.000       4.759       0.000       0.357       0.000       0.000
    67     3     8  1982     116     116  hru116               222.054     578.999      64.926       0.506      19.550       0.773       0.000      27.589       0.000       0.357       0.000       0.000
    67     3     8  1982     117     117  hru117                 4.575      24.539       2.751       0.667      10.293       2.275       0.000       1.921       0.000       0.357       0.000       0.000
    67     3     8  1982     118     118  hru118                14.893      77.539       8.693       0.661      18.699       2.136       0.000       6.120       0.000       0.357       0.000       0.000
    67     3     8  1982     119     119  hru119                 1.854      10.043       1.126       0.669       6.595       2.318       0.000       0.784       0.000       0.357       0.000       0.000
    67     3     8  1982     120     120  hru120                 4.385      23.553       2.640       0.668      10.310       2.278       0.000       1.843       0.000       0.357       0.000       0.000
    67     3     8  1982     121     121  hru121                17.874      92.299      10.349       0.660      20.888       2.098       0.000       7.301       0.000       0.357       0.000       0.000
    67     3     8  1982     122     122  hru122                11.257      59.217       6.639       0.663      16.061       2.181       0.000       4.661       0.000       0.357       0.000       0.000
    67     3     8  1982     123     123  hru123                 4.329      23.244       2.606       0.667      10.148       2.279       0.000       1.819       0.000       0.357       0.000       0.000
    67     3     8  1982     124     124  hru124                 1.813       9.831       1.102       0.668       6.556       2.319       0.000       0.767       0.000       0.357       0.000       0.000
    67     3     8  1982     125     125  hru125                16.906      87.528       9.811       0.645       1.273       2.121       0.000       6.913       0.000       0.357       0.000       0.000
    67     3     8  1982     126     126  hru126                24.066     121.635      13.635       0.639       6.289       2.029       0.000       9.667       0.000       0.357       0.000       0.000
    67     3     8  1982     127     127  hru127                64.591     288.351      32.327       0.596      10.270       1.531       0.000      23.690       0.000       0.357       0.000       0.000
    67     3     8  1982     128     128  hru128               200.997     555.299      62.268       0.515      18.389       0.818       0.000      27.482       0.000       0.357       0.000       0.000
    67     3     8  1982     129     129  hru129                 4.157      22.425       2.514       0.667      10.367       2.281       0.000       1.754       0.000       0.357       0.000       0.000
    67     3     8  1982     130     130  hru130                11.234      59.309       6.649       0.664      17.232       2.180       0.000       4.669       0.000       0.357       0.000       0.000
    67     3     8  1982     131     131  hru131                 1.765       9.632       1.080       0.668       6.645       2.319       0.000       0.752       0.000       0.357       0.000       0.000
    67     3     8  1982     132     132  hru132               191.185     592.716      66.852       0.448      12.449       0.839       0.000      28.238       0.000       1.576       0.000       0.000
    67     3     8  1982     133     133  hru133                21.361     119.530      13.480       0.637       3.886       1.830       0.000       8.898       0.000       1.604       0.000       0.000
    67     3     8  1982     134     134  hru134                 1.493       8.857       0.999       0.660       3.878       2.044       0.000       0.649       0.000       1.604       0.000       0.000
    67     3     8  1982     135     135  hru135                 1.179       6.427       0.720       0.666       1.274       2.334       0.000       0.501       0.000       0.357       0.000       0.000
    67     3     8  1982     136     136  hru136                 1.596       8.662       0.971       0.669       6.118       2.322       0.000       0.676       0.000       0.357       0.000       0.000
    67     3     8  1982     137     137  hru137                 1.782       9.649       1.082       0.669       6.364       2.320       0.000       0.753       0.000       0.357       0.000       0.000
    67     3     8  1982     138     138  hru138                11.006      44.646       4.810       0.580       8.798       2.147       0.000       4.876       0.000       1.365       0.000       0.000
    67     3     8  1982     139     139  hru139                66.139     225.640      24.304       0.536       5.706       1.489       0.000      25.105       0.000       1.368       0.000       0.000
    67     3     8  1982     140     140  hru140               167.338     387.196      41.708       0.463       9.541       0.926       0.000      27.996       0.000       1.364       0.000       0.000
    67     3     8  1982     141     141  hru141                 1.874      10.135       1.136       0.668       6.481       2.318       0.000       0.791       0.000       0.357       0.000       0.000
    67     3     8  1982     142     142  hru142                 4.571      24.519       2.749       0.667      10.302       2.276       0.000       1.919       0.000       0.357       0.000       0.000
    67     3     8  1982     143     143  hru143                27.035     135.101      15.144       0.636       6.563       1.993       0.000      10.762       0.000       0.357       0.000       0.000
    67     3     8  1982     144     144  hru144                64.309     287.255      32.204       0.596      10.177       1.534       0.000      23.595       0.000       0.357       0.000       0.000
    67     3     8  1982     145     145  hru145               177.998     526.246      59.010       0.524      17.063       0.873       0.000      27.363       0.000       0.357       0.000       0.000
    67     3     8  1982     146     146  hru146                 1.142       6.221       0.697       0.666       1.245       2.334       0.000       0.485       0.000       0.357       0.000       0.000
    67     3     8  1982     147     147  hru147                 1.543       8.361       0.937       0.669       5.879       2.323       0.000       0.652       0.000       0.357       0.000       0.000
    67     3     8  1982     148     148  hru148               181.181     401.071      43.202       0.456       9.744       0.895       0.000      28.092       0.000       1.364       0.000       0.000
    67     3     8  1982     149     149  hru149                64.984     222.470      23.963       0.537       5.660       1.503       0.000      24.971       0.000       1.368       0.000       0.000
    67     3     8  1982     150     150  hru150                25.254      97.808      10.534       0.561       3.465       2.022       0.000      10.810       0.000       1.369       0.000       0.000
    67     3     8  1982     151     151  hru151                24.756     125.708      14.092       0.638       6.597       2.018       0.000       9.998       0.000       0.357       0.000       0.000
    67     3     8  1982     152     152  hru152                58.826     268.004      30.046       0.602      10.259       1.598       0.000      21.917       0.000       0.357       0.000       0.000
    67     3     8  1982     153     153  hru153               163.007     506.510      56.796       0.532      17.142       0.914       0.000      27.360       0.000       0.357       0.000       0.000
    67     3     8  1982     154     154  hru154                 1.634       8.930       1.001       0.668       6.386       2.321       0.000       0.697       0.000       0.357       0.000       0.000
    67     3     8  1982     155     155  hru155                 1.869      10.110       1.133       0.669       6.457       2.318       0.000       0.789       0.000       0.357       0.000       0.000
    67     3     8  1982     156     156  hru156                 4.544      24.379       2.733       0.667      10.086       2.276       0.000       1.908       0.000       0.357       0.000       0.000
    67     3     8  1982     157     157  hru157                18.550      95.575      10.716       0.658      20.493       2.091       0.000       7.564       0.000       0.357       0.000       0.000
    67     3     8  1982     158     158  hru158                 4.559      24.468       2.743       0.667      10.447       2.275       0.000       1.915       0.000       0.357       0.000       0.000
    67     3     8  1982     159     159  hru159                 1.875      10.148       1.137       0.668       6.551       2.318       0.000       0.792       0.000       0.357       0.000       0.000
    67     3     8  1982     160     160  hru160                10.635      56.072       6.286       0.664      16.147       2.188       0.000       4.411       0.000       0.357       0.000       0.000
    67     3     8  1982     161     161  hru161                19.806     101.743      11.408       0.659      22.286       2.075       0.000       8.060       0.000       0.357       0.000       0.000
    67     3     8  1982     162     162  hru162                 4.663      25.011       2.804       0.668      10.413       2.274       0.000       1.958       0.000       0.357       0.000       0.000
    67     3     8  1982     163     163  hru163               200.440     554.675      62.199       0.515      17.957       0.820       0.000      27.485       0.000       0.357       0.000       0.000
    67     3     8  1982     164     164  hru164               239.791     596.701      66.912       0.500      19.806       0.735       0.000      27.627       0.000       0.357       0.000       0.000
    67     3     8  1982     165     165  hru165                31.442     154.887      17.363       0.631       6.820       1.938       0.000      12.382       0.000       0.357       0.000       0.000
    67     3     8  1982     166     166  hru166               174.482     521.244      58.448       0.525      16.398       0.881       0.000      27.314       0.000       0.357       0.000       0.000
    67     3     8  1982     167     167  hru167                69.027     304.051      34.088       0.592      10.305       1.477       0.000      24.775       0.000       0.357       0.000       0.000
    67     3     8  1982     168     168  hru168                 4.917      26.344       2.953       0.666      10.322       2.271       0.000       2.062       0.000       0.357       0.000       0.000
    67     3     8  1982     169     169  hru169               269.514     624.792      70.062       0.492      21.870       0.686       0.000      27.829       0.000       0.357       0.000       0.000
    67     3     8  1982     170     170  hru170               199.956     554.273      62.153       0.515      18.350       0.821       0.000      27.497       0.000       0.357       0.000       0.000
    67     3     8  1982     171     171  hru171                67.084     297.366      33.338       0.594      10.479       1.501       0.000      24.481       0.000       0.357       0.000       0.000
    67     3     8  1982     172     172  hru172                25.318     128.033      14.357       0.656      24.814       2.009       0.000      10.185       0.000       0.357       0.000       0.000
    67     3     8  1982     173     173  hru173                 1.704       9.281       1.040       0.669       6.466       2.320       0.000       0.724       0.000       0.357       0.000       0.000
    67     3     8  1982     174     174  hru174                 4.273      23.003       2.579       0.668      10.410       2.279       0.000       1.800       0.000       0.357       0.000       0.000
    67     3     8  1982     175     175  hru175                18.598      96.341      10.802       0.661      22.751       2.087       0.000       7.626       0.000       0.357       0.000       0.000
    67     3     8  1982     176     176  hru176                15.414      88.888      10.027       0.562      13.281       1.815       0.000       6.579       0.000       1.573       0.000       0.000
    67     3     8  1982     177     177  hru177               277.372     690.971      77.933       0.416      16.108       0.745       0.000      28.412       0.000       1.564       0.000       0.000
    67     3     8  1982     178     178  hru178               344.772     678.855      76.123       0.471      23.502       0.609       0.000      28.130       0.000       0.357       0.000       0.000
    67     3     8  1982     179     179  hru179                17.218      99.372      11.211       0.557      15.014       1.782       0.000       7.364       0.000       1.567       0.000       0.000
    67     3     8  1982     180     180  hru180                31.216     155.347      17.421       0.657      27.713       1.938       0.000      12.412       0.000       0.356       0.000       0.000
    67     3     8  1982     181     181  hru181               245.871     659.551      74.389       0.427      14.300       0.772       0.000      28.422       0.000       1.570       0.000       0.000
    67     3     8  1982     182     182  hru182                19.902     115.098      12.986       0.551      17.712       1.736       0.000       8.546       0.000       1.558       0.000       0.000
    67     3     8  1982     183     183  hru183                 1.941      10.512       1.178       0.668       6.762       2.317       0.000       0.821       0.000       0.357       0.000       0.000
    67     3     8  1982     184     184  hru184                13.091      68.595       7.691       0.662      18.302       2.157       0.000       5.407       0.000       0.357       0.000       0.000
    67     3     8  1982     185     185  hru185                 4.364      23.454       2.629       0.667      10.389       2.278       0.000       1.835       0.000       0.357       0.000       0.000
    67     3     8  1982     186     186  hru186                12.595      66.013       7.401       0.662      17.323       2.164       0.000       5.201       0.000       0.357       0.000       0.000
    67     3     8  1982     187     187  hru187               188.247     539.991      60.551       0.520      18.093       0.848       0.000      27.441       0.000       0.357       0.000       0.000
    67     3     8  1982     188     188  hru188                65.121     290.323      32.549       0.596      10.416       1.524       0.000      23.863       0.000       0.357       0.000       0.000
    67     3     8  1982     189     189  hru189                62.673     281.751      31.587       0.598      10.425       1.553       0.000      23.113       0.000       0.357       0.000       0.000
    67     3     8  1982     190     190  hru190               176.623     525.778      58.957       0.525      17.984       0.878       0.000      27.434       0.000       0.357       0.000       0.000
    67     3     8  1982     191     191  hru191                13.509      70.666       7.923       0.662      18.446       2.152       0.000       5.572       0.000       0.357       0.000       0.000
    67     3     8  1982     192     192  hru192                24.173     138.250      15.598       0.545      19.364       1.685       0.000      10.296       0.000       1.553       0.000       0.000
    67     3     8  1982     193     193  hru193                23.196      91.586       9.870       0.539      14.029       1.934       0.000      10.094       0.000       1.359       0.000       0.000
    67     3     8  1982     194     194  hru194                 4.070      23.944       2.701       0.610       6.506       1.986       0.000       1.758       0.000       1.595       0.000       0.000
    67     3     8  1982     195     195  hru195                20.327     117.077      13.209       0.551      17.356       1.735       0.000       8.695       0.000       1.560       0.000       0.000
    67     3     8  1982     196     196  hru196                18.474     106.620      12.029       0.555      16.079       1.762       0.000       7.908       0.000       1.563       0.000       0.000
    67     3     8  1982     197     197  hru197                16.933      98.647      11.129       0.556      16.105       1.775       0.000       7.309       0.000       1.563       0.000       0.000
    67     3     8  1982     198     198  hru198                16.050      64.535       6.954       0.559      11.492       2.049       0.000       7.074       0.000       1.362       0.000       0.000
    67     3     8  1982     199     199  hru199                21.631      85.623       9.226       0.545      12.927       1.965       0.000       9.426       0.000       1.361       0.000       0.000
    67     3     8  1982     200     200  hru200                18.781      75.051       8.087       0.549      12.630       2.003       0.000       8.244       0.000       1.361       0.000       0.000
    67     3     8  1982     201     201  hru201                23.105      91.268       9.835       0.539      14.035       1.934       0.000      10.058       0.000       1.359       0.000       0.000
    67     3     8  1982     202     202  hru202                27.497     107.254      11.559       0.536      14.814       1.874       0.000      11.860       0.000       1.358       0.000       0.000
    67     3     8  1982     203     203  hru203                20.386     117.514      13.258       0.551      17.440       1.732       0.000       8.728       0.000       1.558       0.000       0.000
    67     3     8  1982     204     204  hru204                28.143     109.776      11.831       0.545      15.986       1.853       0.000      12.144       0.000       1.356       0.000       0.000
    67     3     8  1982     205     205  hru205                28.764     112.121      12.085       0.553      16.538       1.839       0.000      12.409       0.000       1.355       0.000       0.000
    67     3     8  1982     206     206  hru206                29.899     115.929      12.494       0.541      15.373       1.835       0.000      12.843       0.000       1.357       0.000       0.000
    67     3     8  1982     207     207  hru207                25.338     144.487      16.302       0.544      19.498       1.672       0.000      10.770       0.000       1.552       0.000       0.000
    67     3     8  1982     208     208  hru208                22.998     131.957      14.888       0.547      18.905       1.697       0.000       9.819       0.000       1.554       0.000       0.000
    67     3     8  1982     209     209  hru209                18.970     109.155      12.315       0.556      15.014       1.761       0.000       8.099       0.000       1.564       0.000       0.000
    67     3     8  1982     210     210  hru210                21.526     124.021      13.993       0.549      18.407       1.714       0.000       9.219       0.000       1.555       0.000       0.000
    67     3     8  1982     211     211  hru211                25.489     145.454      16.411       0.543      20.032       1.666       0.000      10.843       0.000       1.550       0.000       0.000
    67     3     8  1982     212     212  hru212                11.711      44.782       4.751       0.339      17.685       1.404       0.000       5.544       0.000       1.940       0.000       0.000
    67     3     8  1982     213     213  hru213                24.712      97.224      10.478       0.538      14.404       1.908       0.000      10.727       0.000       1.358       0.000       0.000
    67     3     8  1982     214     214  hru214                24.690      97.206      10.476       0.539      14.778       1.906       0.000      10.725       0.000       1.358       0.000       0.000
    67     3     8  1982     215     215  hru215                23.431      92.703       9.991       0.540      14.623       1.921       0.000      10.218       0.000       1.358       0.000       0.000
    67     3     8  1982     216     216  hru216                21.564      85.415       9.204       0.545      13.110       1.964       0.000       9.402       0.000       1.360       0.000       0.000
    67     3     8  1982     217     217  hru217                25.890     101.799      10.972       0.546      15.614       1.881       0.000      11.241       0.000       1.356       0.000       0.000
    67     3     8  1982     218     218  hru218                22.896      90.875       9.794       0.541      14.622       1.925       0.000      10.012       0.000       1.358       0.000       0.000
    67     3     8  1982     219     219  hru219                 1.780       7.178       0.761       0.411       6.304       1.639       0.000       0.881       0.000       2.002       0.000       0.000
    67     3     8  1982     220     220  hru220                 3.228      12.907       1.369       0.396       8.623       1.591       0.000       1.587       0.000       1.988       0.000       0.000
    67     3     8  1982     221     221  hru221                64.506     288.277      32.319       0.597      10.492       1.531       0.000      23.683       0.000       0.357       0.000       0.000
    67     3     8  1982     222     222  hru222               163.239     506.630      56.810       0.532      17.042       0.914       0.000      27.353       0.000       0.357       0.000       0.000
    67     3     8  1982     223     223  hru223                 4.515      24.235       2.717       0.667      10.445       2.276       0.000       1.897       0.000       0.357       0.000       0.000
    67     3     8  1982     224     224  hru224                11.996      63.022       7.066       0.663      17.330       2.171       0.000       4.964       0.000       0.357       0.000       0.000
    67     3     8  1982     225     225  hru225               307.204     654.286      73.369       0.481      22.912       0.641       0.000      28.005       0.000       0.357       0.000       0.000
    67     3     8  1982     226     226  hru226                 4.492      24.116       2.703       0.667      10.404       2.276       0.000       1.887       0.000       0.357       0.000       0.000
    67     3     8  1982     227     227  hru227                14.548      75.895       8.509       0.661      19.262       2.139       0.000       5.989       0.000       0.357       0.000       0.000
    67     3     8  1982     228     228  hru228                 1.878      10.168       1.140       0.668       6.602       2.318       0.000       0.794       0.000       0.357       0.000       0.000
    67     3     8  1982     229     229  hru229                59.666     271.343      30.420       0.601      10.378       1.587       0.000      22.207       0.000       0.357       0.000       0.000
    67     3     8  1982     230     230  hru230               129.944     453.102      50.805       0.549      15.132       1.017       0.000      27.150       0.000       0.357       0.000       0.000
    67     3     8  1982     231     231  hru231                26.867     134.888      15.121       0.636       6.770       1.993       0.000      10.745       0.000       0.357       0.000       0.000
    67     3     8  1982     232     232  hru232                 1.791       9.718       1.089       0.668       6.520       2.319       0.000       0.758       0.000       0.357       0.000       0.000
    67     3     8  1982     233     233  hru233                14.232      74.289       8.329       0.662      18.899       2.143       0.000       5.861       0.000       0.357       0.000       0.000
    67     3     8  1982     234     234  hru234               160.665     502.588      56.356       0.533      16.797       0.920       0.000      27.317       0.000       0.357       0.000       0.000
    67     3     8  1982     235     235  hru235                63.588     284.930      31.944       0.597      10.436       1.542       0.000      23.391       0.000       0.357       0.000       0.000
    67     3     8  1982     236     236  hru236                16.145      83.912       9.408       0.661      20.550       2.118       0.000       6.629       0.000       0.357       0.000       0.000
    67     3     8  1982     237     237  hru237               526.455     759.179      85.117       0.446      28.598       0.540       0.000      29.073       0.000       0.356       0.000       0.000
    67     3     8  1982     238     238  hru238               188.781     541.709      60.744       0.521      18.564       0.848       0.000      27.508       0.000       0.357       0.000       0.000
    67     3     8  1982     239     239  hru239                63.446     284.594      31.906       0.598      10.467       1.544       0.000      23.361       0.000       0.357       0.000       0.000
    67     3     8  1982     240     240  hru240                15.026      78.245       8.773       0.662      19.364       2.133       0.000       6.176       0.000       0.357       0.000       0.000
    67     3     8  1982     241     241  hru241               508.735     755.893      84.749       0.460      29.352       0.549       0.000      29.201       0.000       0.356       0.000       0.000
    67     3     8  1982     242     242  hru242                27.816     139.804      15.677       0.658      27.046       1.978       0.000      11.141       0.000       0.357       0.000       0.000
    67     3     8  1982     243     243  hru243                20.392     118.138      13.329       0.550      18.355       1.727       0.000       8.775       0.000       1.557       0.000       0.000
    67     3     8  1982     244     244  hru244                15.578      90.290      10.186       0.560      14.324       1.800       0.000       6.683       0.000       1.567       0.000       0.000
    67     3     8  1982     245     245  hru245                17.471     101.092      11.405       0.556      15.636       1.773       0.000       7.492       0.000       1.564       0.000       0.000
    67     3     8  1982     246     246  hru246                18.917     109.273      12.328       0.554      16.530       1.752       0.000       8.107       0.000       1.561       0.000       0.000
    67     3     8  1982     247     247  hru247                17.530     101.088      11.404       0.558      14.381       1.780       0.000       7.492       0.000       1.566       0.000       0.000
    67     3     8  1982     248     248  hru248                 1.653       9.776       1.103       0.638       3.835       2.031       0.000       0.717       0.000       1.599       0.000       0.000
    67     3     8  1982     249     249  hru249                 0.349       2.079       0.234       0.661       0.151       2.080       0.000       0.152       0.000       1.610       0.000       0.000
    67     3     8  1982     250     250  hru250                22.731     130.105      14.679       0.549      17.347       1.710       0.000       9.679       0.000       1.558       0.000       0.000
    67     3     8  1982     251     251  hru251                 1.521       9.000       1.015       0.641       3.691       2.034       0.000       0.660       0.000       1.600       0.000       0.000
    67     3     8  1982     252     252  hru252                 1.528       9.124       1.029       0.654       4.059       2.040       0.000       0.669       0.000       1.603       0.000       0.000
    67     3     8  1982     253     253  hru253                15.986      93.372      10.534       0.558      15.589       1.789       0.000       6.913       0.000       1.565       0.000       0.000
    67     3     8  1982     254     254  hru254                 3.711      21.931       2.474       0.612       6.497       1.991       0.000       1.610       0.000       1.595       0.000       0.000
    67     3     8  1982     255     255  hru255                22.637     129.522      14.613       0.549      17.270       1.712       0.000       9.635       0.000       1.558       0.000       0.000
    67     3     8  1982     256     256  hru256                21.339     122.887      13.865       0.549      18.193       1.718       0.000       9.133       0.000       1.556       0.000       0.000
    67     3     8  1982     257     257  hru257                 3.988      23.479       2.648       0.608       6.541       1.986       0.000       1.724       0.000       1.594       0.000       0.000
    67     3     8  1982     258     258  hru258                16.538      95.890      10.818       0.558      15.311       1.786       0.000       7.102       0.000       1.565       0.000       0.000
    67     3     8  1982     259     259  hru259                14.828      86.334       9.740       0.560      14.490       1.809       0.000       6.387       0.000       1.568       0.000       0.000
    67     3     8  1982     260     260  hru260                 3.947      23.256       2.623       0.608       6.571       1.986       0.000       1.708       0.000       1.594       0.000       0.000
    67     3     8  1982     261     261  hru261                 1.604       9.500       1.071       0.654       3.999       2.040       0.000       0.696       0.000       1.603       0.000       0.000
    67     3     8  1982     262     262  hru262                 3.995      23.503       2.651       0.612       6.429       1.989       0.000       1.726       0.000       1.595       0.000       0.000
    67     3     8  1982     263     263  hru263                11.965      69.412       7.830       0.568      11.799       1.859       0.000       5.125       0.000       1.578       0.000       0.000
    67     3     8  1982     264     264  hru264                13.500      78.364       8.840       0.564      13.242       1.834       0.000       5.792       0.000       1.573       0.000       0.000
    67     3     8  1982     265     265  hru265                 1.558       9.259       1.044       0.654       4.025       2.040       0.000       0.679       0.000       1.603       0.000       0.000
    67     3     8  1982     266     266  hru266                 3.831      22.574       2.546       0.612       6.462       1.990       0.000       1.658       0.000       1.595       0.000       0.000
    67     3     8  1982     267     267  hru267                 4.155      24.437       2.756       0.607       6.553       1.984       0.000       1.795       0.000       1.594       0.000       0.000
    67     3     8  1982     268     268  hru268                18.289     105.501      11.902       0.555      15.860       1.766       0.000       7.824       0.000       1.564       0.000       0.000
    67     3     8  1982     269     269  hru269                19.406     111.845      12.618       0.553      16.496       1.749       0.000       8.301       0.000       1.561       0.000       0.000
    67     3     8  1982     270     270  hru270                 1.714      10.138       1.143       0.639       3.904       2.031       0.000       0.743       0.000       1.600       0.000       0.000
    67     3     8  1982     271     271  hru271                21.838     125.047      14.108       0.551      16.575       1.724       0.000       9.297       0.000       1.560       0.000       0.000
