 Prueba3                   SWAT+ Jul 2 2024        MODULAR Rev 2024.61.0.1                                
        jday        mon        day         yr            unit              gis_id     name              meta_micr       str_micr         str_hs       co2_meta        co2_str        micr_hs        micr_hp        hs_micr        hs_hp          hp_micr       co2_micr         co2_hs         co2_hp
                                                                                                          kg C/ha        kg C/ha        kg C/ha        kg C/ha        kg C/ha        kg C/ha        kg C/ha        kg C/ha        kg C/ha        kg C/ha        kg C/ha        kg C/ha        kg C/ha
          67           3           8        1982           1                     1 hru001           -1.2948063E+09 -1.2948063E+09 -1.2948063E+09 -1.2948063E+09 -1.2948063E+09 -1.2948063E+09 -1.2948063E+09 -1.2948063E+09 -1.2948063E+09 -1.2948063E+09 -1.2948063E+09 -1.2948063E+09 -1.2948063E+09
          67           3           8        1982           2                     2 hru002           -1.2948063E+09 -1.2948063E+09 -1.2948063E+09 -1.2948063E+09 -1.2948063E+09 -1.2948063E+09 -1.2948063E+09 -1.2948063E+09 -1.2948063E+09 -1.2948063E+09 -1.2948063E+09 -1.2948063E+09 -1.2948063E+09
          67           3           8        1982           3                     3 hru003           -1.2948063E+09 -1.2948063E+09 -1.2948063E+09 -1.2948063E+09 -1.2948063E+09 -1.2948063E+09 -1.2948063E+09 -1.2948063E+09 -1.2948063E+09 -1.2948063E+09 -1.2948063E+09 -1.2948063E+09 -1.2948063E+09
          67           3           8        1982           4                     4 hru004           -1.2948063E+09 -1.2948063E+09 -1.2948063E+09 -1.2948063E+09 -1.2948063E+09 -1.2948063E+09 -1.2948063E+09 -1.2948063E+09 -1.2948063E+09 -1.2948063E+09 -1.2948063E+09 -1.2948063E+09 -1.2948063E+09
          67           3           8        1982           5                     5 hru005           -1.2948063E+09 -1.2948063E+09 -1.2948063E+09 -1.2948063E+09 -1.2948063E+09 -1.2948063E+09 -1.2948063E+09 -1.2948063E+09 -1.2948063E+09 -1.2948063E+09 -1.2948063E+09 -1.2948063E+09 -1.2948063E+09
          67           3           8        1982           6                     6 hru006           -1.2948063E+09 -1.2948063E+09 -1.2948063E+09 -1.2948063E+09 -1.2948063E+09 -1.2948063E+09 -1.2948063E+09 -1.2948063E+09 -1.2948063E+09 -1.2948063E+09 -1.2948063E+09 -1.2948063E+09 -1.2948063E+09
          67           3           8        1982           7                     7 hru007           -1.2948063E+09 -1.2948063E+09 -1.2948063E+09 -1.2948063E+09 -1.2948063E+09 -1.2948063E+09 -1.2948063E+09 -1.2948063E+09 -1.2948063E+09 -1.2948063E+09 -1.2948063E+09 -1.2948063E+09 -1.2948063E+09
          67           3           8        1982           8                     8 hru008           -1.2948063E+09 -1.2948063E+09 -1.2948063E+09 -1.2948063E+09 -1.2948063E+09 -1.2948063E+09 -1.2948063E+09 -1.2948063E+09 -1.2948063E+09 -1.2948063E+09 -1.2948063E+09 -1.2948063E+09 -1.2948063E+09
          67           3           8        1982           9                     9 hru009           -1.2948063E+09 -1.2948063E+09 -1.2948063E+09 -1.2948063E+09 -1.2948063E+09 -1.2948063E+09 -1.2948063E+09 -1.2948063E+09 -1.2948063E+09 -1.2948063E+09 -1.2948063E+09 -1.2948063E+09 -1.2948063E+09
          67           3           8        1982          10                    10 hru010           -1.2948063E+09 -1.2948063E+09 -1.2948063E+09 -1.2948063E+09 -1.2948063E+09 -1.2948063E+09 -1.2948063E+09 -1.2948063E+09 -1.2948063E+09 -1.2948063E+09 -1.2948063E+09 -1.2948063E+09 -1.2948063E+09
          67           3           8        1982          11                    11 hru011           -1.2948063E+09 -1.2948063E+09 -1.2948063E+09 -1.2948063E+09 -1.2948063E+09 -1.2948063E+09 -1.2948063E+09 -1.2948063E+09 -1.2948063E+09 -1.2948063E+09 -1.2948063E+09 -1.2948063E+09 -1.2948063E+09
          67           3           8        1982          12                    12 hru012           -1.2948063E+09 -1.2948063E+09 -1.2948063E+09 -1.2948063E+09 -1.2948063E+09 -1.2948063E+09 -1.2948063E+09 -1.2948063E+09 -1.2948063E+09 -1.2948063E+09 -1.2948063E+09 -1.2948063E+09 -1.2948063E+09
          67           3           8        1982          13                    13 hru013           -1.2948063E+09 -1.2948063E+09 -1.2948063E+09 -1.2948063E+09 -1.2948063E+09 -1.2948063E+09 -1.2948063E+09 -1.2948063E+09 -1.2948063E+09 -1.2948063E+09 -1.2948063E+09 -1.2948063E+09 -1.2948063E+09
          67           3           8        1982          14                    14 hru014           -1.2948063E+09 -1.2948063E+09 -1.2948063E+09 -1.2948063E+09 -1.2948063E+09 -1.2948063E+09 -1.2948063E+09 -1.2948063E+09 -1.2948063E+09 -1.2948063E+09 -1.2948063E+09 -1.2948063E+09 -1.2948063E+09
          67           3           8        1982          15                    15 hru015           -1.2948063E+09 -1.2948063E+09 -1.2948063E+09 -1.2948063E+09 -1.2948063E+09 -1.2948063E+09 -1.2948063E+09 -1.2948063E+09 -1.2948063E+09 -1.2948063E+09 -1.2948063E+09 -1.2948063E+09 -1.2948063E+09
          67           3           8        1982          16                    16 hru016           -1.2948063E+09 -1.2948063E+09 -1.2948063E+09 -1.2948063E+09 -1.2948063E+09 -1.2948063E+09 -1.2948063E+09 -1.2948063E+09 -1.2948063E+09 -1.2948063E+09 -1.2948063E+09 -1.2948063E+09 -1.2948063E+09
          67           3           8        1982          17                    17 hru017           -1.2948063E+09 -1.2948063E+09 -1.2948063E+09 -1.2948063E+09 -1.2948063E+09 -1.2948063E+09 -1.2948063E+09 -1.2948063E+09 -1.2948063E+09 -1.2948063E+09 -1.2948063E+09 -1.2948063E+09 -1.2948063E+09
          67           3           8        1982          18                    18 hru018           -1.2948063E+09 -1.2948063E+09 -1.2948063E+09 -1.2948063E+09 -1.2948063E+09 -1.2948063E+09 -1.2948063E+09 -1.2948063E+09 -1.2948063E+09 -1.2948063E+09 -1.2948063E+09 -1.2948063E+09 -1.2948063E+09
          67           3           8        1982          19                    19 hru019           -1.2948063E+09 -1.2948063E+09 -1.2948063E+09 -1.2948063E+09 -1.2948063E+09 -1.2948063E+09 -1.2948063E+09 -1.2948063E+09 -1.2948063E+09 -1.2948063E+09 -1.2948063E+09 -1.2948063E+09 -1.2948063E+09
          67           3           8        1982          20                    20 hru020           -1.2948063E+09 -1.2948063E+09 -1.2948063E+09 -1.2948063E+09 -1.2948063E+09 -1.2948063E+09 -1.2948063E+09 -1.2948063E+09 -1.2948063E+09 -1.2948063E+09 -1.2948063E+09 -1.2948063E+09 -1.2948063E+09
          67           3           8        1982          21                    21 hru021           -1.2948063E+09 -1.2948063E+09 -1.2948063E+09 -1.2948063E+09 -1.2948063E+09 -1.2948063E+09 -1.2948063E+09 -1.2948063E+09 -1.2948063E+09 -1.2948063E+09 -1.2948063E+09 -1.2948063E+09 -1.2948063E+09
          67           3           8        1982          22                    22 hru022           -1.2948063E+09 -1.2948063E+09 -1.2948063E+09 -1.2948063E+09 -1.2948063E+09 -1.2948063E+09 -1.2948063E+09 -1.2948063E+09 -1.2948063E+09 -1.2948063E+09 -1.2948063E+09 -1.2948063E+09 -1.2948063E+09
          67           3           8        1982          23                    23 hru023           -1.2948063E+09 -1.2948063E+09 -1.2948063E+09 -1.2948063E+09 -1.2948063E+09 -1.2948063E+09 -1.2948063E+09 -1.2948063E+09 -1.2948063E+09 -1.2948063E+09 -1.2948063E+09 -1.2948063E+09 -1.2948063E+09
          67           3           8        1982          24                    24 hru024           -1.2948063E+09 -1.2948063E+09 -1.2948063E+09 -1.2948063E+09 -1.2948063E+09 -1.2948063E+09 -1.2948063E+09 -1.2948063E+09 -1.2948063E+09 -1.2948063E+09 -1.2948063E+09 -1.2948063E+09 -1.2948063E+09
          67           3           8        1982          25                    25 hru025           -1.2948063E+09 -1.2948063E+09 -1.2948063E+09 -1.2948063E+09 -1.2948063E+09 -1.2948063E+09 -1.2948063E+09 -1.2948063E+09 -1.2948063E+09 -1.2948063E+09 -1.2948063E+09 -1.2948063E+09 -1.2948063E+09
          67           3           8        1982          26                    26 hru026           -1.2948063E+09 -1.2948063E+09 -1.2948063E+09 -1.2948063E+09 -1.2948063E+09 -1.2948063E+09 -1.2948063E+09 -1.2948063E+09 -1.2948063E+09 -1.2948063E+09 -1.2948063E+09 -1.2948063E+09 -1.2948063E+09
          67           3           8        1982          27                    27 hru027           -1.2948063E+09 -1.2948063E+09 -1.2948063E+09 -1.2948063E+09 -1.2948063E+09 -1.2948063E+09 -1.2948063E+09 -1.2948063E+09 -1.2948063E+09 -1.2948063E+09 -1.2948063E+09 -1.2948063E+09 -1.2948063E+09
          67           3           8        1982          28                    28 hru028           -1.2948063E+09 -1.2948063E+09 -1.2948063E+09 -1.2948063E+09 -1.2948063E+09 -1.2948063E+09 -1.2948063E+09 -1.2948063E+09 -1.2948063E+09 -1.2948063E+09 -1.2948063E+09 -1.2948063E+09 -1.2948063E+09
          67           3           8        1982          29                    29 hru029           -1.2948063E+09 -1.2948063E+09 -1.2948063E+09 -1.2948063E+09 -1.2948063E+09 -1.2948063E+09 -1.2948063E+09 -1.2948063E+09 -1.2948063E+09 -1.2948063E+09 -1.2948063E+09 -1.2948063E+09 -1.2948063E+09
          67           3           8        1982          30                    30 hru030           -1.2948063E+09 -1.2948063E+09 -1.2948063E+09 -1.2948063E+09 -1.2948063E+09 -1.2948063E+09 -1.2948063E+09 -1.2948063E+09 -1.2948063E+09 -1.2948063E+09 -1.2948063E+09 -1.2948063E+09 -1.2948063E+09
          67           3           8        1982          31                    31 hru031           -1.2948063E+09 -1.2948063E+09 -1.2948063E+09 -1.2948063E+09 -1.2948063E+09 -1.2948063E+09 -1.2948063E+09 -1.2948063E+09 -1.2948063E+09 -1.2948063E+09 -1.2948063E+09 -1.2948063E+09 -1.2948063E+09
          67           3           8        1982          32                    32 hru032           -1.2948063E+09 -1.2948063E+09 -1.2948063E+09 -1.2948063E+09 -1.2948063E+09 -1.2948063E+09 -1.2948063E+09 -1.2948063E+09 -1.2948063E+09 -1.2948063E+09 -1.2948063E+09 -1.2948063E+09 -1.2948063E+09
          67           3           8        1982          33                    33 hru033           -1.2948063E+09 -1.2948063E+09 -1.2948063E+09 -1.2948063E+09 -1.2948063E+09 -1.2948063E+09 -1.2948063E+09 -1.2948063E+09 -1.2948063E+09 -1.2948063E+09 -1.2948063E+09 -1.2948063E+09 -1.2948063E+09
          67           3           8        1982          34                    34 hru034           -1.2948063E+09 -1.2948063E+09 -1.2948063E+09 -1.2948063E+09 -1.2948063E+09 -1.2948063E+09 -1.2948063E+09 -1.2948063E+09 -1.2948063E+09 -1.2948063E+09 -1.2948063E+09 -1.2948063E+09 -1.2948063E+09
          67           3           8        1982          35                    35 hru035           -1.2948063E+09 -1.2948063E+09 -1.2948063E+09 -1.2948063E+09 -1.2948063E+09 -1.2948063E+09 -1.2948063E+09 -1.2948063E+09 -1.2948063E+09 -1.2948063E+09 -1.2948063E+09 -1.2948063E+09 -1.2948063E+09
          67           3           8        1982          36                    36 hru036           -1.2948063E+09 -1.2948063E+09 -1.2948063E+09 -1.2948063E+09 -1.2948063E+09 -1.2948063E+09 -1.2948063E+09 -1.2948063E+09 -1.2948063E+09 -1.2948063E+09 -1.2948063E+09 -1.2948063E+09 -1.2948063E+09
          67           3           8        1982          37                    37 hru037           -1.2948063E+09 -1.2948063E+09 -1.2948063E+09 -1.2948063E+09 -1.2948063E+09 -1.2948063E+09 -1.2948063E+09 -1.2948063E+09 -1.2948063E+09 -1.2948063E+09 -1.2948063E+09 -1.2948063E+09 -1.2948063E+09
          67           3           8        1982          38                    38 hru038           -1.2948063E+09 -1.2948063E+09 -1.2948063E+09 -1.2948063E+09 -1.2948063E+09 -1.2948063E+09 -1.2948063E+09 -1.2948063E+09 -1.2948063E+09 -1.2948063E+09 -1.2948063E+09 -1.2948063E+09 -1.2948063E+09
          67           3           8        1982          39                    39 hru039           -1.2948063E+09 -1.2948063E+09 -1.2948063E+09 -1.2948063E+09 -1.2948063E+09 -1.2948063E+09 -1.2948063E+09 -1.2948063E+09 -1.2948063E+09 -1.2948063E+09 -1.2948063E+09 -1.2948063E+09 -1.2948063E+09
          67           3           8        1982          40                    40 hru040           -1.2948063E+09 -1.2948063E+09 -1.2948063E+09 -1.2948063E+09 -1.2948063E+09 -1.2948063E+09 -1.2948063E+09 -1.2948063E+09 -1.2948063E+09 -1.2948063E+09 -1.2948063E+09 -1.2948063E+09 -1.2948063E+09
          67           3           8        1982          41                    41 hru041           -1.2948063E+09 -1.2948063E+09 -1.2948063E+09 -1.2948063E+09 -1.2948063E+09 -1.2948063E+09 -1.2948063E+09 -1.2948063E+09 -1.2948063E+09 -1.2948063E+09 -1.2948063E+09 -1.2948063E+09 -1.2948063E+09
          67           3           8        1982          42                    42 hru042           -1.2948063E+09 -1.2948063E+09 -1.2948063E+09 -1.2948063E+09 -1.2948063E+09 -1.2948063E+09 -1.2948063E+09 -1.2948063E+09 -1.2948063E+09 -1.2948063E+09 -1.2948063E+09 -1.2948063E+09 -1.2948063E+09
          67           3           8        1982          43                    43 hru043           -1.2948063E+09 -1.2948063E+09 -1.2948063E+09 -1.2948063E+09 -1.2948063E+09 -1.2948063E+09 -1.2948063E+09 -1.2948063E+09 -1.2948063E+09 -1.2948063E+09 -1.2948063E+09 -1.2948063E+09 -1.2948063E+09
          67           3           8        1982          44                    44 hru044           -1.2948063E+09 -1.2948063E+09 -1.2948063E+09 -1.2948063E+09 -1.2948063E+09 -1.2948063E+09 -1.2948063E+09 -1.2948063E+09 -1.2948063E+09 -1.2948063E+09 -1.2948063E+09 -1.2948063E+09 -1.2948063E+09
          67           3           8        1982          45                    45 hru045           -1.2948063E+09 -1.2948063E+09 -1.2948063E+09 -1.2948063E+09 -1.2948063E+09 -1.2948063E+09 -1.2948063E+09 -1.2948063E+09 -1.2948063E+09 -1.2948063E+09 -1.2948063E+09 -1.2948063E+09 -1.2948063E+09
          67           3           8        1982          46                    46 hru046           -1.2948063E+09 -1.2948063E+09 -1.2948063E+09 -1.2948063E+09 -1.2948063E+09 -1.2948063E+09 -1.2948063E+09 -1.2948063E+09 -1.2948063E+09 -1.2948063E+09 -1.2948063E+09 -1.2948063E+09 -1.2948063E+09
          67           3           8        1982          47                    47 hru047           -1.2948063E+09 -1.2948063E+09 -1.2948063E+09 -1.2948063E+09 -1.2948063E+09 -1.2948063E+09 -1.2948063E+09 -1.2948063E+09 -1.2948063E+09 -1.2948063E+09 -1.2948063E+09 -1.2948063E+09 -1.2948063E+09
          67           3           8        1982          48                    48 hru048           -1.2948063E+09 -1.2948063E+09 -1.2948063E+09 -1.2948063E+09 -1.2948063E+09 -1.2948063E+09 -1.2948063E+09 -1.2948063E+09 -1.2948063E+09 -1.2948063E+09 -1.2948063E+09 -1.2948063E+09 -1.2948063E+09
          67           3           8        1982          49                    49 hru049           -1.2948063E+09 -1.2948063E+09 -1.2948063E+09 -1.2948063E+09 -1.2948063E+09 -1.2948063E+09 -1.2948063E+09 -1.2948063E+09 -1.2948063E+09 -1.2948063E+09 -1.2948063E+09 -1.2948063E+09 -1.2948063E+09
          67           3           8        1982          50                    50 hru050           -1.2948063E+09 -1.2948063E+09 -1.2948063E+09 -1.2948063E+09 -1.2948063E+09 -1.2948063E+09 -1.2948063E+09 -1.2948063E+09 -1.2948063E+09 -1.2948063E+09 -1.2948063E+09 -1.2948063E+09 -1.2948063E+09
          67           3           8        1982          51                    51 hru051           -1.2948063E+09 -1.2948063E+09 -1.2948063E+09 -1.2948063E+09 -1.2948063E+09 -1.2948063E+09 -1.2948063E+09 -1.2948063E+09 -1.2948063E+09 -1.2948063E+09 -1.2948063E+09 -1.2948063E+09 -1.2948063E+09
          67           3           8        1982          52                    52 hru052           -1.2948063E+09 -1.2948063E+09 -1.2948063E+09 -1.2948063E+09 -1.2948063E+09 -1.2948063E+09 -1.2948063E+09 -1.2948063E+09 -1.2948063E+09 -1.2948063E+09 -1.2948063E+09 -1.2948063E+09 -1.2948063E+09
          67           3           8        1982          53                    53 hru053           -1.2948063E+09 -1.2948063E+09 -1.2948063E+09 -1.2948063E+09 -1.2948063E+09 -1.2948063E+09 -1.2948063E+09 -1.2948063E+09 -1.2948063E+09 -1.2948063E+09 -1.2948063E+09 -1.2948063E+09 -1.2948063E+09
          67           3           8        1982          54                    54 hru054           -1.2948063E+09 -1.2948063E+09 -1.2948063E+09 -1.2948063E+09 -1.2948063E+09 -1.2948063E+09 -1.2948063E+09 -1.2948063E+09 -1.2948063E+09 -1.2948063E+09 -1.2948063E+09 -1.2948063E+09 -1.2948063E+09
          67           3           8        1982          55                    55 hru055           -1.2948063E+09 -1.2948063E+09 -1.2948063E+09 -1.2948063E+09 -1.2948063E+09 -1.2948063E+09 -1.2948063E+09 -1.2948063E+09 -1.2948063E+09 -1.2948063E+09 -1.2948063E+09 -1.2948063E+09 -1.2948063E+09
          67           3           8        1982          56                    56 hru056           -1.2948063E+09 -1.2948063E+09 -1.2948063E+09 -1.2948063E+09 -1.2948063E+09 -1.2948063E+09 -1.2948063E+09 -1.2948063E+09 -1.2948063E+09 -1.2948063E+09 -1.2948063E+09 -1.2948063E+09 -1.2948063E+09
          67           3           8        1982          57                    57 hru057           -1.2948063E+09 -1.2948063E+09 -1.2948063E+09 -1.2948063E+09 -1.2948063E+09 -1.2948063E+09 -1.2948063E+09 -1.2948063E+09 -1.2948063E+09 -1.2948063E+09 -1.2948063E+09 -1.2948063E+09 -1.2948063E+09
          67           3           8        1982          58                    58 hru058           -1.2948063E+09 -1.2948063E+09 -1.2948063E+09 -1.2948063E+09 -1.2948063E+09 -1.2948063E+09 -1.2948063E+09 -1.2948063E+09 -1.2948063E+09 -1.2948063E+09 -1.2948063E+09 -1.2948063E+09 -1.2948063E+09
          67           3           8        1982          59                    59 hru059           -1.2948063E+09 -1.2948063E+09 -1.2948063E+09 -1.2948063E+09 -1.2948063E+09 -1.2948063E+09 -1.2948063E+09 -1.2948063E+09 -1.2948063E+09 -1.2948063E+09 -1.2948063E+09 -1.2948063E+09 -1.2948063E+09
          67           3           8        1982          60                    60 hru060           -1.2948063E+09 -1.2948063E+09 -1.2948063E+09 -1.2948063E+09 -1.2948063E+09 -1.2948063E+09 -1.2948063E+09 -1.2948063E+09 -1.2948063E+09 -1.2948063E+09 -1.2948063E+09 -1.2948063E+09 -1.2948063E+09
          67           3           8        1982          61                    61 hru061           -1.2948063E+09 -1.2948063E+09 -1.2948063E+09 -1.2948063E+09 -1.2948063E+09 -1.2948063E+09 -1.2948063E+09 -1.2948063E+09 -1.2948063E+09 -1.2948063E+09 -1.2948063E+09 -1.2948063E+09 -1.2948063E+09
          67           3           8        1982          62                    62 hru062           -1.2948063E+09 -1.2948063E+09 -1.2948063E+09 -1.2948063E+09 -1.2948063E+09 -1.2948063E+09 -1.2948063E+09 -1.2948063E+09 -1.2948063E+09 -1.2948063E+09 -1.2948063E+09 -1.2948063E+09 -1.2948063E+09
          67           3           8        1982          63                    63 hru063           -1.2948063E+09 -1.2948063E+09 -1.2948063E+09 -1.2948063E+09 -1.2948063E+09 -1.2948063E+09 -1.2948063E+09 -1.2948063E+09 -1.2948063E+09 -1.2948063E+09 -1.2948063E+09 -1.2948063E+09 -1.2948063E+09
          67           3           8        1982          64                    64 hru064           -1.2948063E+09 -1.2948063E+09 -1.2948063E+09 -1.2948063E+09 -1.2948063E+09 -1.2948063E+09 -1.2948063E+09 -1.2948063E+09 -1.2948063E+09 -1.2948063E+09 -1.2948063E+09 -1.2948063E+09 -1.2948063E+09
          67           3           8        1982          65                    65 hru065           -1.2948063E+09 -1.2948063E+09 -1.2948063E+09 -1.2948063E+09 -1.2948063E+09 -1.2948063E+09 -1.2948063E+09 -1.2948063E+09 -1.2948063E+09 -1.2948063E+09 -1.2948063E+09 -1.2948063E+09 -1.2948063E+09
          67           3           8        1982          66                    66 hru066           -1.2948063E+09 -1.2948063E+09 -1.2948063E+09 -1.2948063E+09 -1.2948063E+09 -1.2948063E+09 -1.2948063E+09 -1.2948063E+09 -1.2948063E+09 -1.2948063E+09 -1.2948063E+09 -1.2948063E+09 -1.2948063E+09
          67           3           8        1982          67                    67 hru067           -1.2948063E+09 -1.2948063E+09 -1.2948063E+09 -1.2948063E+09 -1.2948063E+09 -1.2948063E+09 -1.2948063E+09 -1.2948063E+09 -1.2948063E+09 -1.2948063E+09 -1.2948063E+09 -1.2948063E+09 -1.2948063E+09
          67           3           8        1982          68                    68 hru068           -1.2948063E+09 -1.2948063E+09 -1.2948063E+09 -1.2948063E+09 -1.2948063E+09 -1.2948063E+09 -1.2948063E+09 -1.2948063E+09 -1.2948063E+09 -1.2948063E+09 -1.2948063E+09 -1.2948063E+09 -1.2948063E+09
          67           3           8        1982          69                    69 hru069           -1.2948063E+09 -1.2948063E+09 -1.2948063E+09 -1.2948063E+09 -1.2948063E+09 -1.2948063E+09 -1.2948063E+09 -1.2948063E+09 -1.2948063E+09 -1.2948063E+09 -1.2948063E+09 -1.2948063E+09 -1.2948063E+09
          67           3           8        1982          70                    70 hru070           -1.2948063E+09 -1.2948063E+09 -1.2948063E+09 -1.2948063E+09 -1.2948063E+09 -1.2948063E+09 -1.2948063E+09 -1.2948063E+09 -1.2948063E+09 -1.2948063E+09 -1.2948063E+09 -1.2948063E+09 -1.2948063E+09
          67           3           8        1982          71                    71 hru071           -1.2948063E+09 -1.2948063E+09 -1.2948063E+09 -1.2948063E+09 -1.2948063E+09 -1.2948063E+09 -1.2948063E+09 -1.2948063E+09 -1.2948063E+09 -1.2948063E+09 -1.2948063E+09 -1.2948063E+09 -1.2948063E+09
          67           3           8        1982          72                    72 hru072           -1.2948063E+09 -1.2948063E+09 -1.2948063E+09 -1.2948063E+09 -1.2948063E+09 -1.2948063E+09 -1.2948063E+09 -1.2948063E+09 -1.2948063E+09 -1.2948063E+09 -1.2948063E+09 -1.2948063E+09 -1.2948063E+09
          67           3           8        1982          73                    73 hru073           -1.2948063E+09 -1.2948063E+09 -1.2948063E+09 -1.2948063E+09 -1.2948063E+09 -1.2948063E+09 -1.2948063E+09 -1.2948063E+09 -1.2948063E+09 -1.2948063E+09 -1.2948063E+09 -1.2948063E+09 -1.2948063E+09
          67           3           8        1982          74                    74 hru074           -1.2948063E+09 -1.2948063E+09 -1.2948063E+09 -1.2948063E+09 -1.2948063E+09 -1.2948063E+09 -1.2948063E+09 -1.2948063E+09 -1.2948063E+09 -1.2948063E+09 -1.2948063E+09 -1.2948063E+09 -1.2948063E+09
          67           3           8        1982          75                    75 hru075           -1.2948063E+09 -1.2948063E+09 -1.2948063E+09 -1.2948063E+09 -1.2948063E+09 -1.2948063E+09 -1.2948063E+09 -1.2948063E+09 -1.2948063E+09 -1.2948063E+09 -1.2948063E+09 -1.2948063E+09 -1.2948063E+09
          67           3           8        1982          76                    76 hru076           -1.2948063E+09 -1.2948063E+09 -1.2948063E+09 -1.2948063E+09 -1.2948063E+09 -1.2948063E+09 -1.2948063E+09 -1.2948063E+09 -1.2948063E+09 -1.2948063E+09 -1.2948063E+09 -1.2948063E+09 -1.2948063E+09
          67           3           8        1982          77                    77 hru077           -1.2948063E+09 -1.2948063E+09 -1.2948063E+09 -1.2948063E+09 -1.2948063E+09 -1.2948063E+09 -1.2948063E+09 -1.2948063E+09 -1.2948063E+09 -1.2948063E+09 -1.2948063E+09 -1.2948063E+09 -1.2948063E+09
          67           3           8        1982          78                    78 hru078           -1.2948063E+09 -1.2948063E+09 -1.2948063E+09 -1.2948063E+09 -1.2948063E+09 -1.2948063E+09 -1.2948063E+09 -1.2948063E+09 -1.2948063E+09 -1.2948063E+09 -1.2948063E+09 -1.2948063E+09 -1.2948063E+09
          67           3           8        1982          79                    79 hru079           -1.2948063E+09 -1.2948063E+09 -1.2948063E+09 -1.2948063E+09 -1.2948063E+09 -1.2948063E+09 -1.2948063E+09 -1.2948063E+09 -1.2948063E+09 -1.2948063E+09 -1.2948063E+09 -1.2948063E+09 -1.2948063E+09
          67           3           8        1982          80                    80 hru080           -1.2948063E+09 -1.2948063E+09 -1.2948063E+09 -1.2948063E+09 -1.2948063E+09 -1.2948063E+09 -1.2948063E+09 -1.2948063E+09 -1.2948063E+09 -1.2948063E+09 -1.2948063E+09 -1.2948063E+09 -1.2948063E+09
          67           3           8        1982          81                    81 hru081           -1.2948063E+09 -1.2948063E+09 -1.2948063E+09 -1.2948063E+09 -1.2948063E+09 -1.2948063E+09 -1.2948063E+09 -1.2948063E+09 -1.2948063E+09 -1.2948063E+09 -1.2948063E+09 -1.2948063E+09 -1.2948063E+09
          67           3           8        1982          82                    82 hru082           -1.2948063E+09 -1.2948063E+09 -1.2948063E+09 -1.2948063E+09 -1.2948063E+09 -1.2948063E+09 -1.2948063E+09 -1.2948063E+09 -1.2948063E+09 -1.2948063E+09 -1.2948063E+09 -1.2948063E+09 -1.2948063E+09
          67           3           8        1982          83                    83 hru083           -1.2948063E+09 -1.2948063E+09 -1.2948063E+09 -1.2948063E+09 -1.2948063E+09 -1.2948063E+09 -1.2948063E+09 -1.2948063E+09 -1.2948063E+09 -1.2948063E+09 -1.2948063E+09 -1.2948063E+09 -1.2948063E+09
          67           3           8        1982          84                    84 hru084           -1.2948063E+09 -1.2948063E+09 -1.2948063E+09 -1.2948063E+09 -1.2948063E+09 -1.2948063E+09 -1.2948063E+09 -1.2948063E+09 -1.2948063E+09 -1.2948063E+09 -1.2948063E+09 -1.2948063E+09 -1.2948063E+09
          67           3           8        1982          85                    85 hru085           -1.2948063E+09 -1.2948063E+09 -1.2948063E+09 -1.2948063E+09 -1.2948063E+09 -1.2948063E+09 -1.2948063E+09 -1.2948063E+09 -1.2948063E+09 -1.2948063E+09 -1.2948063E+09 -1.2948063E+09 -1.2948063E+09
          67           3           8        1982          86                    86 hru086           -1.2948063E+09 -1.2948063E+09 -1.2948063E+09 -1.2948063E+09 -1.2948063E+09 -1.2948063E+09 -1.2948063E+09 -1.2948063E+09 -1.2948063E+09 -1.2948063E+09 -1.2948063E+09 -1.2948063E+09 -1.2948063E+09
          67           3           8        1982          87                    87 hru087           -1.2948063E+09 -1.2948063E+09 -1.2948063E+09 -1.2948063E+09 -1.2948063E+09 -1.2948063E+09 -1.2948063E+09 -1.2948063E+09 -1.2948063E+09 -1.2948063E+09 -1.2948063E+09 -1.2948063E+09 -1.2948063E+09
          67           3           8        1982          88                    88 hru088           -1.2948063E+09 -1.2948063E+09 -1.2948063E+09 -1.2948063E+09 -1.2948063E+09 -1.2948063E+09 -1.2948063E+09 -1.2948063E+09 -1.2948063E+09 -1.2948063E+09 -1.2948063E+09 -1.2948063E+09 -1.2948063E+09
          67           3           8        1982          89                    89 hru089           -1.2948063E+09 -1.2948063E+09 -1.2948063E+09 -1.2948063E+09 -1.2948063E+09 -1.2948063E+09 -1.2948063E+09 -1.2948063E+09 -1.2948063E+09 -1.2948063E+09 -1.2948063E+09 -1.2948063E+09 -1.2948063E+09
          67           3           8        1982          90                    90 hru090           -1.2948063E+09 -1.2948063E+09 -1.2948063E+09 -1.2948063E+09 -1.2948063E+09 -1.2948063E+09 -1.2948063E+09 -1.2948063E+09 -1.2948063E+09 -1.2948063E+09 -1.2948063E+09 -1.2948063E+09 -1.2948063E+09
          67           3           8        1982          91                    91 hru091           -1.2948063E+09 -1.2948063E+09 -1.2948063E+09 -1.2948063E+09 -1.2948063E+09 -1.2948063E+09 -1.2948063E+09 -1.2948063E+09 -1.2948063E+09 -1.2948063E+09 -1.2948063E+09 -1.2948063E+09 -1.2948063E+09
          67           3           8        1982          92                    92 hru092           -1.2948063E+09 -1.2948063E+09 -1.2948063E+09 -1.2948063E+09 -1.2948063E+09 -1.2948063E+09 -1.2948063E+09 -1.2948063E+09 -1.2948063E+09 -1.2948063E+09 -1.2948063E+09 -1.2948063E+09 -1.2948063E+09
          67           3           8        1982          93                    93 hru093           -1.2948063E+09 -1.2948063E+09 -1.2948063E+09 -1.2948063E+09 -1.2948063E+09 -1.2948063E+09 -1.2948063E+09 -1.2948063E+09 -1.2948063E+09 -1.2948063E+09 -1.2948063E+09 -1.2948063E+09 -1.2948063E+09
          67           3           8        1982          94                    94 hru094           -1.2948063E+09 -1.2948063E+09 -1.2948063E+09 -1.2948063E+09 -1.2948063E+09 -1.2948063E+09 -1.2948063E+09 -1.2948063E+09 -1.2948063E+09 -1.2948063E+09 -1.2948063E+09 -1.2948063E+09 -1.2948063E+09
          67           3           8        1982          95                    95 hru095           -1.2948063E+09 -1.2948063E+09 -1.2948063E+09 -1.2948063E+09 -1.2948063E+09 -1.2948063E+09 -1.2948063E+09 -1.2948063E+09 -1.2948063E+09 -1.2948063E+09 -1.2948063E+09 -1.2948063E+09 -1.2948063E+09
          67           3           8        1982          96                    96 hru096           -1.2948063E+09 -1.2948063E+09 -1.2948063E+09 -1.2948063E+09 -1.2948063E+09 -1.2948063E+09 -1.2948063E+09 -1.2948063E+09 -1.2948063E+09 -1.2948063E+09 -1.2948063E+09 -1.2948063E+09 -1.2948063E+09
          67           3           8        1982          97                    97 hru097           -1.2948063E+09 -1.2948063E+09 -1.2948063E+09 -1.2948063E+09 -1.2948063E+09 -1.2948063E+09 -1.2948063E+09 -1.2948063E+09 -1.2948063E+09 -1.2948063E+09 -1.2948063E+09 -1.2948063E+09 -1.2948063E+09
          67           3           8        1982          98                    98 hru098           -1.2948063E+09 -1.2948063E+09 -1.2948063E+09 -1.2948063E+09 -1.2948063E+09 -1.2948063E+09 -1.2948063E+09 -1.2948063E+09 -1.2948063E+09 -1.2948063E+09 -1.2948063E+09 -1.2948063E+09 -1.2948063E+09
          67           3           8        1982          99                    99 hru099           -1.2948063E+09 -1.2948063E+09 -1.2948063E+09 -1.2948063E+09 -1.2948063E+09 -1.2948063E+09 -1.2948063E+09 -1.2948063E+09 -1.2948063E+09 -1.2948063E+09 -1.2948063E+09 -1.2948063E+09 -1.2948063E+09
          67           3           8        1982         100                   100 hru100           -1.2948063E+09 -1.2948063E+09 -1.2948063E+09 -1.2948063E+09 -1.2948063E+09 -1.2948063E+09 -1.2948063E+09 -1.2948063E+09 -1.2948063E+09 -1.2948063E+09 -1.2948063E+09 -1.2948063E+09 -1.2948063E+09
          67           3           8        1982         101                   101 hru101           -1.2948063E+09 -1.2948063E+09 -1.2948063E+09 -1.2948063E+09 -1.2948063E+09 -1.2948063E+09 -1.2948063E+09 -1.2948063E+09 -1.2948063E+09 -1.2948063E+09 -1.2948063E+09 -1.2948063E+09 -1.2948063E+09
          67           3           8        1982         102                   102 hru102           -1.2948063E+09 -1.2948063E+09 -1.2948063E+09 -1.2948063E+09 -1.2948063E+09 -1.2948063E+09 -1.2948063E+09 -1.2948063E+09 -1.2948063E+09 -1.2948063E+09 -1.2948063E+09 -1.2948063E+09 -1.2948063E+09
          67           3           8        1982         103                   103 hru103           -1.2948063E+09 -1.2948063E+09 -1.2948063E+09 -1.2948063E+09 -1.2948063E+09 -1.2948063E+09 -1.2948063E+09 -1.2948063E+09 -1.2948063E+09 -1.2948063E+09 -1.2948063E+09 -1.2948063E+09 -1.2948063E+09
          67           3           8        1982         104                   104 hru104           -1.2948063E+09 -1.2948063E+09 -1.2948063E+09 -1.2948063E+09 -1.2948063E+09 -1.2948063E+09 -1.2948063E+09 -1.2948063E+09 -1.2948063E+09 -1.2948063E+09 -1.2948063E+09 -1.2948063E+09 -1.2948063E+09
          67           3           8        1982         105                   105 hru105           -1.2948063E+09 -1.2948063E+09 -1.2948063E+09 -1.2948063E+09 -1.2948063E+09 -1.2948063E+09 -1.2948063E+09 -1.2948063E+09 -1.2948063E+09 -1.2948063E+09 -1.2948063E+09 -1.2948063E+09 -1.2948063E+09
          67           3           8        1982         106                   106 hru106           -1.2948063E+09 -1.2948063E+09 -1.2948063E+09 -1.2948063E+09 -1.2948063E+09 -1.2948063E+09 -1.2948063E+09 -1.2948063E+09 -1.2948063E+09 -1.2948063E+09 -1.2948063E+09 -1.2948063E+09 -1.2948063E+09
          67           3           8        1982         107                   107 hru107           -1.2948063E+09 -1.2948063E+09 -1.2948063E+09 -1.2948063E+09 -1.2948063E+09 -1.2948063E+09 -1.2948063E+09 -1.2948063E+09 -1.2948063E+09 -1.2948063E+09 -1.2948063E+09 -1.2948063E+09 -1.2948063E+09
          67           3           8        1982         108                   108 hru108           -1.2948063E+09 -1.2948063E+09 -1.2948063E+09 -1.2948063E+09 -1.2948063E+09 -1.2948063E+09 -1.2948063E+09 -1.2948063E+09 -1.2948063E+09 -1.2948063E+09 -1.2948063E+09 -1.2948063E+09 -1.2948063E+09
          67           3           8        1982         109                   109 hru109           -1.2948063E+09 -1.2948063E+09 -1.2948063E+09 -1.2948063E+09 -1.2948063E+09 -1.2948063E+09 -1.2948063E+09 -1.2948063E+09 -1.2948063E+09 -1.2948063E+09 -1.2948063E+09 -1.2948063E+09 -1.2948063E+09
          67           3           8        1982         110                   110 hru110           -1.2948063E+09 -1.2948063E+09 -1.2948063E+09 -1.2948063E+09 -1.2948063E+09 -1.2948063E+09 -1.2948063E+09 -1.2948063E+09 -1.2948063E+09 -1.2948063E+09 -1.2948063E+09 -1.2948063E+09 -1.2948063E+09
          67           3           8        1982         111                   111 hru111           -1.2948063E+09 -1.2948063E+09 -1.2948063E+09 -1.2948063E+09 -1.2948063E+09 -1.2948063E+09 -1.2948063E+09 -1.2948063E+09 -1.2948063E+09 -1.2948063E+09 -1.2948063E+09 -1.2948063E+09 -1.2948063E+09
          67           3           8        1982         112                   112 hru112           -1.2948063E+09 -1.2948063E+09 -1.2948063E+09 -1.2948063E+09 -1.2948063E+09 -1.2948063E+09 -1.2948063E+09 -1.2948063E+09 -1.2948063E+09 -1.2948063E+09 -1.2948063E+09 -1.2948063E+09 -1.2948063E+09
          67           3           8        1982         113                   113 hru113           -1.2948063E+09 -1.2948063E+09 -1.2948063E+09 -1.2948063E+09 -1.2948063E+09 -1.2948063E+09 -1.2948063E+09 -1.2948063E+09 -1.2948063E+09 -1.2948063E+09 -1.2948063E+09 -1.2948063E+09 -1.2948063E+09
          67           3           8        1982         114                   114 hru114           -1.2948063E+09 -1.2948063E+09 -1.2948063E+09 -1.2948063E+09 -1.2948063E+09 -1.2948063E+09 -1.2948063E+09 -1.2948063E+09 -1.2948063E+09 -1.2948063E+09 -1.2948063E+09 -1.2948063E+09 -1.2948063E+09
          67           3           8        1982         115                   115 hru115           -1.2948063E+09 -1.2948063E+09 -1.2948063E+09 -1.2948063E+09 -1.2948063E+09 -1.2948063E+09 -1.2948063E+09 -1.2948063E+09 -1.2948063E+09 -1.2948063E+09 -1.2948063E+09 -1.2948063E+09 -1.2948063E+09
          67           3           8        1982         116                   116 hru116           -1.2948063E+09 -1.2948063E+09 -1.2948063E+09 -1.2948063E+09 -1.2948063E+09 -1.2948063E+09 -1.2948063E+09 -1.2948063E+09 -1.2948063E+09 -1.2948063E+09 -1.2948063E+09 -1.2948063E+09 -1.2948063E+09
          67           3           8        1982         117                   117 hru117           -1.2948063E+09 -1.2948063E+09 -1.2948063E+09 -1.2948063E+09 -1.2948063E+09 -1.2948063E+09 -1.2948063E+09 -1.2948063E+09 -1.2948063E+09 -1.2948063E+09 -1.2948063E+09 -1.2948063E+09 -1.2948063E+09
          67           3           8        1982         118                   118 hru118           -1.2948063E+09 -1.2948063E+09 -1.2948063E+09 -1.2948063E+09 -1.2948063E+09 -1.2948063E+09 -1.2948063E+09 -1.2948063E+09 -1.2948063E+09 -1.2948063E+09 -1.2948063E+09 -1.2948063E+09 -1.2948063E+09
          67           3           8        1982         119                   119 hru119           -1.2948063E+09 -1.2948063E+09 -1.2948063E+09 -1.2948063E+09 -1.2948063E+09 -1.2948063E+09 -1.2948063E+09 -1.2948063E+09 -1.2948063E+09 -1.2948063E+09 -1.2948063E+09 -1.2948063E+09 -1.2948063E+09
          67           3           8        1982         120                   120 hru120           -1.2948063E+09 -1.2948063E+09 -1.2948063E+09 -1.2948063E+09 -1.2948063E+09 -1.2948063E+09 -1.2948063E+09 -1.2948063E+09 -1.2948063E+09 -1.2948063E+09 -1.2948063E+09 -1.2948063E+09 -1.2948063E+09
          67           3           8        1982         121                   121 hru121           -1.2948063E+09 -1.2948063E+09 -1.2948063E+09 -1.2948063E+09 -1.2948063E+09 -1.2948063E+09 -1.2948063E+09 -1.2948063E+09 -1.2948063E+09 -1.2948063E+09 -1.2948063E+09 -1.2948063E+09 -1.2948063E+09
          67           3           8        1982         122                   122 hru122           -1.2948063E+09 -1.2948063E+09 -1.2948063E+09 -1.2948063E+09 -1.2948063E+09 -1.2948063E+09 -1.2948063E+09 -1.2948063E+09 -1.2948063E+09 -1.2948063E+09 -1.2948063E+09 -1.2948063E+09 -1.2948063E+09
          67           3           8        1982         123                   123 hru123           -1.2948063E+09 -1.2948063E+09 -1.2948063E+09 -1.2948063E+09 -1.2948063E+09 -1.2948063E+09 -1.2948063E+09 -1.2948063E+09 -1.2948063E+09 -1.2948063E+09 -1.2948063E+09 -1.2948063E+09 -1.2948063E+09
          67           3           8        1982         124                   124 hru124           -1.2948063E+09 -1.2948063E+09 -1.2948063E+09 -1.2948063E+09 -1.2948063E+09 -1.2948063E+09 -1.2948063E+09 -1.2948063E+09 -1.2948063E+09 -1.2948063E+09 -1.2948063E+09 -1.2948063E+09 -1.2948063E+09
          67           3           8        1982         125                   125 hru125           -1.2948063E+09 -1.2948063E+09 -1.2948063E+09 -1.2948063E+09 -1.2948063E+09 -1.2948063E+09 -1.2948063E+09 -1.2948063E+09 -1.2948063E+09 -1.2948063E+09 -1.2948063E+09 -1.2948063E+09 -1.2948063E+09
          67           3           8        1982         126                   126 hru126           -1.2948063E+09 -1.2948063E+09 -1.2948063E+09 -1.2948063E+09 -1.2948063E+09 -1.2948063E+09 -1.2948063E+09 -1.2948063E+09 -1.2948063E+09 -1.2948063E+09 -1.2948063E+09 -1.2948063E+09 -1.2948063E+09
          67           3           8        1982         127                   127 hru127           -1.2948063E+09 -1.2948063E+09 -1.2948063E+09 -1.2948063E+09 -1.2948063E+09 -1.2948063E+09 -1.2948063E+09 -1.2948063E+09 -1.2948063E+09 -1.2948063E+09 -1.2948063E+09 -1.2948063E+09 -1.2948063E+09
          67           3           8        1982         128                   128 hru128           -1.2948063E+09 -1.2948063E+09 -1.2948063E+09 -1.2948063E+09 -1.2948063E+09 -1.2948063E+09 -1.2948063E+09 -1.2948063E+09 -1.2948063E+09 -1.2948063E+09 -1.2948063E+09 -1.2948063E+09 -1.2948063E+09
          67           3           8        1982         129                   129 hru129           -1.2948063E+09 -1.2948063E+09 -1.2948063E+09 -1.2948063E+09 -1.2948063E+09 -1.2948063E+09 -1.2948063E+09 -1.2948063E+09 -1.2948063E+09 -1.2948063E+09 -1.2948063E+09 -1.2948063E+09 -1.2948063E+09
          67           3           8        1982         130                   130 hru130           -1.2948063E+09 -1.2948063E+09 -1.2948063E+09 -1.2948063E+09 -1.2948063E+09 -1.2948063E+09 -1.2948063E+09 -1.2948063E+09 -1.2948063E+09 -1.2948063E+09 -1.2948063E+09 -1.2948063E+09 -1.2948063E+09
          67           3           8        1982         131                   131 hru131           -1.2948063E+09 -1.2948063E+09 -1.2948063E+09 -1.2948063E+09 -1.2948063E+09 -1.2948063E+09 -1.2948063E+09 -1.2948063E+09 -1.2948063E+09 -1.2948063E+09 -1.2948063E+09 -1.2948063E+09 -1.2948063E+09
          67           3           8        1982         132                   132 hru132           -1.2948063E+09 -1.2948063E+09 -1.2948063E+09 -1.2948063E+09 -1.2948063E+09 -1.2948063E+09 -1.2948063E+09 -1.2948063E+09 -1.2948063E+09 -1.2948063E+09 -1.2948063E+09 -1.2948063E+09 -1.2948063E+09
          67           3           8        1982         133                   133 hru133           -1.2948063E+09 -1.2948063E+09 -1.2948063E+09 -1.2948063E+09 -1.2948063E+09 -1.2948063E+09 -1.2948063E+09 -1.2948063E+09 -1.2948063E+09 -1.2948063E+09 -1.2948063E+09 -1.2948063E+09 -1.2948063E+09
          67           3           8        1982         134                   134 hru134           -1.2948063E+09 -1.2948063E+09 -1.2948063E+09 -1.2948063E+09 -1.2948063E+09 -1.2948063E+09 -1.2948063E+09 -1.2948063E+09 -1.2948063E+09 -1.2948063E+09 -1.2948063E+09 -1.2948063E+09 -1.2948063E+09
          67           3           8        1982         135                   135 hru135           -1.2948063E+09 -1.2948063E+09 -1.2948063E+09 -1.2948063E+09 -1.2948063E+09 -1.2948063E+09 -1.2948063E+09 -1.2948063E+09 -1.2948063E+09 -1.2948063E+09 -1.2948063E+09 -1.2948063E+09 -1.2948063E+09
          67           3           8        1982         136                   136 hru136           -1.2948063E+09 -1.2948063E+09 -1.2948063E+09 -1.2948063E+09 -1.2948063E+09 -1.2948063E+09 -1.2948063E+09 -1.2948063E+09 -1.2948063E+09 -1.2948063E+09 -1.2948063E+09 -1.2948063E+09 -1.2948063E+09
          67           3           8        1982         137                   137 hru137           -1.2948063E+09 -1.2948063E+09 -1.2948063E+09 -1.2948063E+09 -1.2948063E+09 -1.2948063E+09 -1.2948063E+09 -1.2948063E+09 -1.2948063E+09 -1.2948063E+09 -1.2948063E+09 -1.2948063E+09 -1.2948063E+09
          67           3           8        1982         138                   138 hru138           -1.2948063E+09 -1.2948063E+09 -1.2948063E+09 -1.2948063E+09 -1.2948063E+09 -1.2948063E+09 -1.2948063E+09 -1.2948063E+09 -1.2948063E+09 -1.2948063E+09 -1.2948063E+09 -1.2948063E+09 -1.2948063E+09
          67           3           8        1982         139                   139 hru139           -1.2948063E+09 -1.2948063E+09 -1.2948063E+09 -1.2948063E+09 -1.2948063E+09 -1.2948063E+09 -1.2948063E+09 -1.2948063E+09 -1.2948063E+09 -1.2948063E+09 -1.2948063E+09 -1.2948063E+09 -1.2948063E+09
          67           3           8        1982         140                   140 hru140           -1.2948063E+09 -1.2948063E+09 -1.2948063E+09 -1.2948063E+09 -1.2948063E+09 -1.2948063E+09 -1.2948063E+09 -1.2948063E+09 -1.2948063E+09 -1.2948063E+09 -1.2948063E+09 -1.2948063E+09 -1.2948063E+09
          67           3           8        1982         141                   141 hru141           -1.2948063E+09 -1.2948063E+09 -1.2948063E+09 -1.2948063E+09 -1.2948063E+09 -1.2948063E+09 -1.2948063E+09 -1.2948063E+09 -1.2948063E+09 -1.2948063E+09 -1.2948063E+09 -1.2948063E+09 -1.2948063E+09
          67           3           8        1982         142                   142 hru142           -1.2948063E+09 -1.2948063E+09 -1.2948063E+09 -1.2948063E+09 -1.2948063E+09 -1.2948063E+09 -1.2948063E+09 -1.2948063E+09 -1.2948063E+09 -1.2948063E+09 -1.2948063E+09 -1.2948063E+09 -1.2948063E+09
          67           3           8        1982         143                   143 hru143           -1.2948063E+09 -1.2948063E+09 -1.2948063E+09 -1.2948063E+09 -1.2948063E+09 -1.2948063E+09 -1.2948063E+09 -1.2948063E+09 -1.2948063E+09 -1.2948063E+09 -1.2948063E+09 -1.2948063E+09 -1.2948063E+09
          67           3           8        1982         144                   144 hru144           -1.2948063E+09 -1.2948063E+09 -1.2948063E+09 -1.2948063E+09 -1.2948063E+09 -1.2948063E+09 -1.2948063E+09 -1.2948063E+09 -1.2948063E+09 -1.2948063E+09 -1.2948063E+09 -1.2948063E+09 -1.2948063E+09
          67           3           8        1982         145                   145 hru145           -1.2948063E+09 -1.2948063E+09 -1.2948063E+09 -1.2948063E+09 -1.2948063E+09 -1.2948063E+09 -1.2948063E+09 -1.2948063E+09 -1.2948063E+09 -1.2948063E+09 -1.2948063E+09 -1.2948063E+09 -1.2948063E+09
          67           3           8        1982         146                   146 hru146           -1.2948063E+09 -1.2948063E+09 -1.2948063E+09 -1.2948063E+09 -1.2948063E+09 -1.2948063E+09 -1.2948063E+09 -1.2948063E+09 -1.2948063E+09 -1.2948063E+09 -1.2948063E+09 -1.2948063E+09 -1.2948063E+09
          67           3           8        1982         147                   147 hru147           -1.2948063E+09 -1.2948063E+09 -1.2948063E+09 -1.2948063E+09 -1.2948063E+09 -1.2948063E+09 -1.2948063E+09 -1.2948063E+09 -1.2948063E+09 -1.2948063E+09 -1.2948063E+09 -1.2948063E+09 -1.2948063E+09
          67           3           8        1982         148                   148 hru148           -1.2948063E+09 -1.2948063E+09 -1.2948063E+09 -1.2948063E+09 -1.2948063E+09 -1.2948063E+09 -1.2948063E+09 -1.2948063E+09 -1.2948063E+09 -1.2948063E+09 -1.2948063E+09 -1.2948063E+09 -1.2948063E+09
          67           3           8        1982         149                   149 hru149           -1.2948063E+09 -1.2948063E+09 -1.2948063E+09 -1.2948063E+09 -1.2948063E+09 -1.2948063E+09 -1.2948063E+09 -1.2948063E+09 -1.2948063E+09 -1.2948063E+09 -1.2948063E+09 -1.2948063E+09 -1.2948063E+09
          67           3           8        1982         150                   150 hru150           -1.2948063E+09 -1.2948063E+09 -1.2948063E+09 -1.2948063E+09 -1.2948063E+09 -1.2948063E+09 -1.2948063E+09 -1.2948063E+09 -1.2948063E+09 -1.2948063E+09 -1.2948063E+09 -1.2948063E+09 -1.2948063E+09
          67           3           8        1982         151                   151 hru151           -1.2948063E+09 -1.2948063E+09 -1.2948063E+09 -1.2948063E+09 -1.2948063E+09 -1.2948063E+09 -1.2948063E+09 -1.2948063E+09 -1.2948063E+09 -1.2948063E+09 -1.2948063E+09 -1.2948063E+09 -1.2948063E+09
          67           3           8        1982         152                   152 hru152           -1.2948063E+09 -1.2948063E+09 -1.2948063E+09 -1.2948063E+09 -1.2948063E+09 -1.2948063E+09 -1.2948063E+09 -1.2948063E+09 -1.2948063E+09 -1.2948063E+09 -1.2948063E+09 -1.2948063E+09 -1.2948063E+09
          67           3           8        1982         153                   153 hru153           -1.2948063E+09 -1.2948063E+09 -1.2948063E+09 -1.2948063E+09 -1.2948063E+09 -1.2948063E+09 -1.2948063E+09 -1.2948063E+09 -1.2948063E+09 -1.2948063E+09 -1.2948063E+09 -1.2948063E+09 -1.2948063E+09
          67           3           8        1982         154                   154 hru154           -1.2948063E+09 -1.2948063E+09 -1.2948063E+09 -1.2948063E+09 -1.2948063E+09 -1.2948063E+09 -1.2948063E+09 -1.2948063E+09 -1.2948063E+09 -1.2948063E+09 -1.2948063E+09 -1.2948063E+09 -1.2948063E+09
          67           3           8        1982         155                   155 hru155           -1.2948063E+09 -1.2948063E+09 -1.2948063E+09 -1.2948063E+09 -1.2948063E+09 -1.2948063E+09 -1.2948063E+09 -1.2948063E+09 -1.2948063E+09 -1.2948063E+09 -1.2948063E+09 -1.2948063E+09 -1.2948063E+09
          67           3           8        1982         156                   156 hru156           -1.2948063E+09 -1.2948063E+09 -1.2948063E+09 -1.2948063E+09 -1.2948063E+09 -1.2948063E+09 -1.2948063E+09 -1.2948063E+09 -1.2948063E+09 -1.2948063E+09 -1.2948063E+09 -1.2948063E+09 -1.2948063E+09
          67           3           8        1982         157                   157 hru157           -1.2948063E+09 -1.2948063E+09 -1.2948063E+09 -1.2948063E+09 -1.2948063E+09 -1.2948063E+09 -1.2948063E+09 -1.2948063E+09 -1.2948063E+09 -1.2948063E+09 -1.2948063E+09 -1.2948063E+09 -1.2948063E+09
          67           3           8        1982         158                   158 hru158           -1.2948063E+09 -1.2948063E+09 -1.2948063E+09 -1.2948063E+09 -1.2948063E+09 -1.2948063E+09 -1.2948063E+09 -1.2948063E+09 -1.2948063E+09 -1.2948063E+09 -1.2948063E+09 -1.2948063E+09 -1.2948063E+09
          67           3           8        1982         159                   159 hru159           -1.2948063E+09 -1.2948063E+09 -1.2948063E+09 -1.2948063E+09 -1.2948063E+09 -1.2948063E+09 -1.2948063E+09 -1.2948063E+09 -1.2948063E+09 -1.2948063E+09 -1.2948063E+09 -1.2948063E+09 -1.2948063E+09
          67           3           8        1982         160                   160 hru160           -1.2948063E+09 -1.2948063E+09 -1.2948063E+09 -1.2948063E+09 -1.2948063E+09 -1.2948063E+09 -1.2948063E+09 -1.2948063E+09 -1.2948063E+09 -1.2948063E+09 -1.2948063E+09 -1.2948063E+09 -1.2948063E+09
          67           3           8        1982         161                   161 hru161           -1.2948063E+09 -1.2948063E+09 -1.2948063E+09 -1.2948063E+09 -1.2948063E+09 -1.2948063E+09 -1.2948063E+09 -1.2948063E+09 -1.2948063E+09 -1.2948063E+09 -1.2948063E+09 -1.2948063E+09 -1.2948063E+09
          67           3           8        1982         162                   162 hru162           -1.2948063E+09 -1.2948063E+09 -1.2948063E+09 -1.2948063E+09 -1.2948063E+09 -1.2948063E+09 -1.2948063E+09 -1.2948063E+09 -1.2948063E+09 -1.2948063E+09 -1.2948063E+09 -1.2948063E+09 -1.2948063E+09
          67           3           8        1982         163                   163 hru163           -1.2948063E+09 -1.2948063E+09 -1.2948063E+09 -1.2948063E+09 -1.2948063E+09 -1.2948063E+09 -1.2948063E+09 -1.2948063E+09 -1.2948063E+09 -1.2948063E+09 -1.2948063E+09 -1.2948063E+09 -1.2948063E+09
          67           3           8        1982         164                   164 hru164           -1.2948063E+09 -1.2948063E+09 -1.2948063E+09 -1.2948063E+09 -1.2948063E+09 -1.2948063E+09 -1.2948063E+09 -1.2948063E+09 -1.2948063E+09 -1.2948063E+09 -1.2948063E+09 -1.2948063E+09 -1.2948063E+09
          67           3           8        1982         165                   165 hru165           -1.2948063E+09 -1.2948063E+09 -1.2948063E+09 -1.2948063E+09 -1.2948063E+09 -1.2948063E+09 -1.2948063E+09 -1.2948063E+09 -1.2948063E+09 -1.2948063E+09 -1.2948063E+09 -1.2948063E+09 -1.2948063E+09
          67           3           8        1982         166                   166 hru166           -1.2948063E+09 -1.2948063E+09 -1.2948063E+09 -1.2948063E+09 -1.2948063E+09 -1.2948063E+09 -1.2948063E+09 -1.2948063E+09 -1.2948063E+09 -1.2948063E+09 -1.2948063E+09 -1.2948063E+09 -1.2948063E+09
          67           3           8        1982         167                   167 hru167           -1.2948063E+09 -1.2948063E+09 -1.2948063E+09 -1.2948063E+09 -1.2948063E+09 -1.2948063E+09 -1.2948063E+09 -1.2948063E+09 -1.2948063E+09 -1.2948063E+09 -1.2948063E+09 -1.2948063E+09 -1.2948063E+09
          67           3           8        1982         168                   168 hru168           -1.2948063E+09 -1.2948063E+09 -1.2948063E+09 -1.2948063E+09 -1.2948063E+09 -1.2948063E+09 -1.2948063E+09 -1.2948063E+09 -1.2948063E+09 -1.2948063E+09 -1.2948063E+09 -1.2948063E+09 -1.2948063E+09
          67           3           8        1982         169                   169 hru169           -1.2948063E+09 -1.2948063E+09 -1.2948063E+09 -1.2948063E+09 -1.2948063E+09 -1.2948063E+09 -1.2948063E+09 -1.2948063E+09 -1.2948063E+09 -1.2948063E+09 -1.2948063E+09 -1.2948063E+09 -1.2948063E+09
          67           3           8        1982         170                   170 hru170           -1.2948063E+09 -1.2948063E+09 -1.2948063E+09 -1.2948063E+09 -1.2948063E+09 -1.2948063E+09 -1.2948063E+09 -1.2948063E+09 -1.2948063E+09 -1.2948063E+09 -1.2948063E+09 -1.2948063E+09 -1.2948063E+09
          67           3           8        1982         171                   171 hru171           -1.2948063E+09 -1.2948063E+09 -1.2948063E+09 -1.2948063E+09 -1.2948063E+09 -1.2948063E+09 -1.2948063E+09 -1.2948063E+09 -1.2948063E+09 -1.2948063E+09 -1.2948063E+09 -1.2948063E+09 -1.2948063E+09
          67           3           8        1982         172                   172 hru172           -1.2948063E+09 -1.2948063E+09 -1.2948063E+09 -1.2948063E+09 -1.2948063E+09 -1.2948063E+09 -1.2948063E+09 -1.2948063E+09 -1.2948063E+09 -1.2948063E+09 -1.2948063E+09 -1.2948063E+09 -1.2948063E+09
          67           3           8        1982         173                   173 hru173           -1.2948063E+09 -1.2948063E+09 -1.2948063E+09 -1.2948063E+09 -1.2948063E+09 -1.2948063E+09 -1.2948063E+09 -1.2948063E+09 -1.2948063E+09 -1.2948063E+09 -1.2948063E+09 -1.2948063E+09 -1.2948063E+09
          67           3           8        1982         174                   174 hru174           -1.2948063E+09 -1.2948063E+09 -1.2948063E+09 -1.2948063E+09 -1.2948063E+09 -1.2948063E+09 -1.2948063E+09 -1.2948063E+09 -1.2948063E+09 -1.2948063E+09 -1.2948063E+09 -1.2948063E+09 -1.2948063E+09
          67           3           8        1982         175                   175 hru175           -1.2948063E+09 -1.2948063E+09 -1.2948063E+09 -1.2948063E+09 -1.2948063E+09 -1.2948063E+09 -1.2948063E+09 -1.2948063E+09 -1.2948063E+09 -1.2948063E+09 -1.2948063E+09 -1.2948063E+09 -1.2948063E+09
          67           3           8        1982         176                   176 hru176           -1.2948063E+09 -1.2948063E+09 -1.2948063E+09 -1.2948063E+09 -1.2948063E+09 -1.2948063E+09 -1.2948063E+09 -1.2948063E+09 -1.2948063E+09 -1.2948063E+09 -1.2948063E+09 -1.2948063E+09 -1.2948063E+09
          67           3           8        1982         177                   177 hru177           -1.2948063E+09 -1.2948063E+09 -1.2948063E+09 -1.2948063E+09 -1.2948063E+09 -1.2948063E+09 -1.2948063E+09 -1.2948063E+09 -1.2948063E+09 -1.2948063E+09 -1.2948063E+09 -1.2948063E+09 -1.2948063E+09
          67           3           8        1982         178                   178 hru178           -1.2948063E+09 -1.2948063E+09 -1.2948063E+09 -1.2948063E+09 -1.2948063E+09 -1.2948063E+09 -1.2948063E+09 -1.2948063E+09 -1.2948063E+09 -1.2948063E+09 -1.2948063E+09 -1.2948063E+09 -1.2948063E+09
          67           3           8        1982         179                   179 hru179           -1.2948063E+09 -1.2948063E+09 -1.2948063E+09 -1.2948063E+09 -1.2948063E+09 -1.2948063E+09 -1.2948063E+09 -1.2948063E+09 -1.2948063E+09 -1.2948063E+09 -1.2948063E+09 -1.2948063E+09 -1.2948063E+09
          67           3           8        1982         180                   180 hru180           -1.2948063E+09 -1.2948063E+09 -1.2948063E+09 -1.2948063E+09 -1.2948063E+09 -1.2948063E+09 -1.2948063E+09 -1.2948063E+09 -1.2948063E+09 -1.2948063E+09 -1.2948063E+09 -1.2948063E+09 -1.2948063E+09
          67           3           8        1982         181                   181 hru181           -1.2948063E+09 -1.2948063E+09 -1.2948063E+09 -1.2948063E+09 -1.2948063E+09 -1.2948063E+09 -1.2948063E+09 -1.2948063E+09 -1.2948063E+09 -1.2948063E+09 -1.2948063E+09 -1.2948063E+09 -1.2948063E+09
          67           3           8        1982         182                   182 hru182           -1.2948063E+09 -1.2948063E+09 -1.2948063E+09 -1.2948063E+09 -1.2948063E+09 -1.2948063E+09 -1.2948063E+09 -1.2948063E+09 -1.2948063E+09 -1.2948063E+09 -1.2948063E+09 -1.2948063E+09 -1.2948063E+09
          67           3           8        1982         183                   183 hru183           -1.2948063E+09 -1.2948063E+09 -1.2948063E+09 -1.2948063E+09 -1.2948063E+09 -1.2948063E+09 -1.2948063E+09 -1.2948063E+09 -1.2948063E+09 -1.2948063E+09 -1.2948063E+09 -1.2948063E+09 -1.2948063E+09
          67           3           8        1982         184                   184 hru184           -1.2948063E+09 -1.2948063E+09 -1.2948063E+09 -1.2948063E+09 -1.2948063E+09 -1.2948063E+09 -1.2948063E+09 -1.2948063E+09 -1.2948063E+09 -1.2948063E+09 -1.2948063E+09 -1.2948063E+09 -1.2948063E+09
          67           3           8        1982         185                   185 hru185           -1.2948063E+09 -1.2948063E+09 -1.2948063E+09 -1.2948063E+09 -1.2948063E+09 -1.2948063E+09 -1.2948063E+09 -1.2948063E+09 -1.2948063E+09 -1.2948063E+09 -1.2948063E+09 -1.2948063E+09 -1.2948063E+09
          67           3           8        1982         186                   186 hru186           -1.2948063E+09 -1.2948063E+09 -1.2948063E+09 -1.2948063E+09 -1.2948063E+09 -1.2948063E+09 -1.2948063E+09 -1.2948063E+09 -1.2948063E+09 -1.2948063E+09 -1.2948063E+09 -1.2948063E+09 -1.2948063E+09
          67           3           8        1982         187                   187 hru187           -1.2948063E+09 -1.2948063E+09 -1.2948063E+09 -1.2948063E+09 -1.2948063E+09 -1.2948063E+09 -1.2948063E+09 -1.2948063E+09 -1.2948063E+09 -1.2948063E+09 -1.2948063E+09 -1.2948063E+09 -1.2948063E+09
          67           3           8        1982         188                   188 hru188           -1.2948063E+09 -1.2948063E+09 -1.2948063E+09 -1.2948063E+09 -1.2948063E+09 -1.2948063E+09 -1.2948063E+09 -1.2948063E+09 -1.2948063E+09 -1.2948063E+09 -1.2948063E+09 -1.2948063E+09 -1.2948063E+09
          67           3           8        1982         189                   189 hru189           -1.2948063E+09 -1.2948063E+09 -1.2948063E+09 -1.2948063E+09 -1.2948063E+09 -1.2948063E+09 -1.2948063E+09 -1.2948063E+09 -1.2948063E+09 -1.2948063E+09 -1.2948063E+09 -1.2948063E+09 -1.2948063E+09
          67           3           8        1982         190                   190 hru190           -1.2948063E+09 -1.2948063E+09 -1.2948063E+09 -1.2948063E+09 -1.2948063E+09 -1.2948063E+09 -1.2948063E+09 -1.2948063E+09 -1.2948063E+09 -1.2948063E+09 -1.2948063E+09 -1.2948063E+09 -1.2948063E+09
          67           3           8        1982         191                   191 hru191           -1.2948063E+09 -1.2948063E+09 -1.2948063E+09 -1.2948063E+09 -1.2948063E+09 -1.2948063E+09 -1.2948063E+09 -1.2948063E+09 -1.2948063E+09 -1.2948063E+09 -1.2948063E+09 -1.2948063E+09 -1.2948063E+09
          67           3           8        1982         192                   192 hru192           -1.2948063E+09 -1.2948063E+09 -1.2948063E+09 -1.2948063E+09 -1.2948063E+09 -1.2948063E+09 -1.2948063E+09 -1.2948063E+09 -1.2948063E+09 -1.2948063E+09 -1.2948063E+09 -1.2948063E+09 -1.2948063E+09
          67           3           8        1982         193                   193 hru193           -1.2948063E+09 -1.2948063E+09 -1.2948063E+09 -1.2948063E+09 -1.2948063E+09 -1.2948063E+09 -1.2948063E+09 -1.2948063E+09 -1.2948063E+09 -1.2948063E+09 -1.2948063E+09 -1.2948063E+09 -1.2948063E+09
          67           3           8        1982         194                   194 hru194           -1.2948063E+09 -1.2948063E+09 -1.2948063E+09 -1.2948063E+09 -1.2948063E+09 -1.2948063E+09 -1.2948063E+09 -1.2948063E+09 -1.2948063E+09 -1.2948063E+09 -1.2948063E+09 -1.2948063E+09 -1.2948063E+09
          67           3           8        1982         195                   195 hru195           -1.2948063E+09 -1.2948063E+09 -1.2948063E+09 -1.2948063E+09 -1.2948063E+09 -1.2948063E+09 -1.2948063E+09 -1.2948063E+09 -1.2948063E+09 -1.2948063E+09 -1.2948063E+09 -1.2948063E+09 -1.2948063E+09
          67           3           8        1982         196                   196 hru196           -1.2948063E+09 -1.2948063E+09 -1.2948063E+09 -1.2948063E+09 -1.2948063E+09 -1.2948063E+09 -1.2948063E+09 -1.2948063E+09 -1.2948063E+09 -1.2948063E+09 -1.2948063E+09 -1.2948063E+09 -1.2948063E+09
          67           3           8        1982         197                   197 hru197           -1.2948063E+09 -1.2948063E+09 -1.2948063E+09 -1.2948063E+09 -1.2948063E+09 -1.2948063E+09 -1.2948063E+09 -1.2948063E+09 -1.2948063E+09 -1.2948063E+09 -1.2948063E+09 -1.2948063E+09 -1.2948063E+09
          67           3           8        1982         198                   198 hru198           -1.2948063E+09 -1.2948063E+09 -1.2948063E+09 -1.2948063E+09 -1.2948063E+09 -1.2948063E+09 -1.2948063E+09 -1.2948063E+09 -1.2948063E+09 -1.2948063E+09 -1.2948063E+09 -1.2948063E+09 -1.2948063E+09
          67           3           8        1982         199                   199 hru199           -1.2948063E+09 -1.2948063E+09 -1.2948063E+09 -1.2948063E+09 -1.2948063E+09 -1.2948063E+09 -1.2948063E+09 -1.2948063E+09 -1.2948063E+09 -1.2948063E+09 -1.2948063E+09 -1.2948063E+09 -1.2948063E+09
          67           3           8        1982         200                   200 hru200           -1.2948063E+09 -1.2948063E+09 -1.2948063E+09 -1.2948063E+09 -1.2948063E+09 -1.2948063E+09 -1.2948063E+09 -1.2948063E+09 -1.2948063E+09 -1.2948063E+09 -1.2948063E+09 -1.2948063E+09 -1.2948063E+09
          67           3           8        1982         201                   201 hru201           -1.2948063E+09 -1.2948063E+09 -1.2948063E+09 -1.2948063E+09 -1.2948063E+09 -1.2948063E+09 -1.2948063E+09 -1.2948063E+09 -1.2948063E+09 -1.2948063E+09 -1.2948063E+09 -1.2948063E+09 -1.2948063E+09
          67           3           8        1982         202                   202 hru202           -1.2948063E+09 -1.2948063E+09 -1.2948063E+09 -1.2948063E+09 -1.2948063E+09 -1.2948063E+09 -1.2948063E+09 -1.2948063E+09 -1.2948063E+09 -1.2948063E+09 -1.2948063E+09 -1.2948063E+09 -1.2948063E+09
          67           3           8        1982         203                   203 hru203           -1.2948063E+09 -1.2948063E+09 -1.2948063E+09 -1.2948063E+09 -1.2948063E+09 -1.2948063E+09 -1.2948063E+09 -1.2948063E+09 -1.2948063E+09 -1.2948063E+09 -1.2948063E+09 -1.2948063E+09 -1.2948063E+09
          67           3           8        1982         204                   204 hru204           -1.2948063E+09 -1.2948063E+09 -1.2948063E+09 -1.2948063E+09 -1.2948063E+09 -1.2948063E+09 -1.2948063E+09 -1.2948063E+09 -1.2948063E+09 -1.2948063E+09 -1.2948063E+09 -1.2948063E+09 -1.2948063E+09
          67           3           8        1982         205                   205 hru205           -1.2948063E+09 -1.2948063E+09 -1.2948063E+09 -1.2948063E+09 -1.2948063E+09 -1.2948063E+09 -1.2948063E+09 -1.2948063E+09 -1.2948063E+09 -1.2948063E+09 -1.2948063E+09 -1.2948063E+09 -1.2948063E+09
          67           3           8        1982         206                   206 hru206           -1.2948063E+09 -1.2948063E+09 -1.2948063E+09 -1.2948063E+09 -1.2948063E+09 -1.2948063E+09 -1.2948063E+09 -1.2948063E+09 -1.2948063E+09 -1.2948063E+09 -1.2948063E+09 -1.2948063E+09 -1.2948063E+09
          67           3           8        1982         207                   207 hru207           -1.2948063E+09 -1.2948063E+09 -1.2948063E+09 -1.2948063E+09 -1.2948063E+09 -1.2948063E+09 -1.2948063E+09 -1.2948063E+09 -1.2948063E+09 -1.2948063E+09 -1.2948063E+09 -1.2948063E+09 -1.2948063E+09
          67           3           8        1982         208                   208 hru208           -1.2948063E+09 -1.2948063E+09 -1.2948063E+09 -1.2948063E+09 -1.2948063E+09 -1.2948063E+09 -1.2948063E+09 -1.2948063E+09 -1.2948063E+09 -1.2948063E+09 -1.2948063E+09 -1.2948063E+09 -1.2948063E+09
          67           3           8        1982         209                   209 hru209           -1.2948063E+09 -1.2948063E+09 -1.2948063E+09 -1.2948063E+09 -1.2948063E+09 -1.2948063E+09 -1.2948063E+09 -1.2948063E+09 -1.2948063E+09 -1.2948063E+09 -1.2948063E+09 -1.2948063E+09 -1.2948063E+09
          67           3           8        1982         210                   210 hru210           -1.2948063E+09 -1.2948063E+09 -1.2948063E+09 -1.2948063E+09 -1.2948063E+09 -1.2948063E+09 -1.2948063E+09 -1.2948063E+09 -1.2948063E+09 -1.2948063E+09 -1.2948063E+09 -1.2948063E+09 -1.2948063E+09
          67           3           8        1982         211                   211 hru211           -1.2948063E+09 -1.2948063E+09 -1.2948063E+09 -1.2948063E+09 -1.2948063E+09 -1.2948063E+09 -1.2948063E+09 -1.2948063E+09 -1.2948063E+09 -1.2948063E+09 -1.2948063E+09 -1.2948063E+09 -1.2948063E+09
          67           3           8        1982         212                   212 hru212           -1.2948063E+09 -1.2948063E+09 -1.2948063E+09 -1.2948063E+09 -1.2948063E+09 -1.2948063E+09 -1.2948063E+09 -1.2948063E+09 -1.2948063E+09 -1.2948063E+09 -1.2948063E+09 -1.2948063E+09 -1.2948063E+09
          67           3           8        1982         213                   213 hru213           -1.2948063E+09 -1.2948063E+09 -1.2948063E+09 -1.2948063E+09 -1.2948063E+09 -1.2948063E+09 -1.2948063E+09 -1.2948063E+09 -1.2948063E+09 -1.2948063E+09 -1.2948063E+09 -1.2948063E+09 -1.2948063E+09
          67           3           8        1982         214                   214 hru214           -1.2948063E+09 -1.2948063E+09 -1.2948063E+09 -1.2948063E+09 -1.2948063E+09 -1.2948063E+09 -1.2948063E+09 -1.2948063E+09 -1.2948063E+09 -1.2948063E+09 -1.2948063E+09 -1.2948063E+09 -1.2948063E+09
          67           3           8        1982         215                   215 hru215           -1.2948063E+09 -1.2948063E+09 -1.2948063E+09 -1.2948063E+09 -1.2948063E+09 -1.2948063E+09 -1.2948063E+09 -1.2948063E+09 -1.2948063E+09 -1.2948063E+09 -1.2948063E+09 -1.2948063E+09 -1.2948063E+09
          67           3           8        1982         216                   216 hru216           -1.2948063E+09 -1.2948063E+09 -1.2948063E+09 -1.2948063E+09 -1.2948063E+09 -1.2948063E+09 -1.2948063E+09 -1.2948063E+09 -1.2948063E+09 -1.2948063E+09 -1.2948063E+09 -1.2948063E+09 -1.2948063E+09
          67           3           8        1982         217                   217 hru217           -1.2948063E+09 -1.2948063E+09 -1.2948063E+09 -1.2948063E+09 -1.2948063E+09 -1.2948063E+09 -1.2948063E+09 -1.2948063E+09 -1.2948063E+09 -1.2948063E+09 -1.2948063E+09 -1.2948063E+09 -1.2948063E+09
          67           3           8        1982         218                   218 hru218           -1.2948063E+09 -1.2948063E+09 -1.2948063E+09 -1.2948063E+09 -1.2948063E+09 -1.2948063E+09 -1.2948063E+09 -1.2948063E+09 -1.2948063E+09 -1.2948063E+09 -1.2948063E+09 -1.2948063E+09 -1.2948063E+09
          67           3           8        1982         219                   219 hru219           -1.2948063E+09 -1.2948063E+09 -1.2948063E+09 -1.2948063E+09 -1.2948063E+09 -1.2948063E+09 -1.2948063E+09 -1.2948063E+09 -1.2948063E+09 -1.2948063E+09 -1.2948063E+09 -1.2948063E+09 -1.2948063E+09
          67           3           8        1982         220                   220 hru220           -1.2948063E+09 -1.2948063E+09 -1.2948063E+09 -1.2948063E+09 -1.2948063E+09 -1.2948063E+09 -1.2948063E+09 -1.2948063E+09 -1.2948063E+09 -1.2948063E+09 -1.2948063E+09 -1.2948063E+09 -1.2948063E+09
          67           3           8        1982         221                   221 hru221           -1.2948063E+09 -1.2948063E+09 -1.2948063E+09 -1.2948063E+09 -1.2948063E+09 -1.2948063E+09 -1.2948063E+09 -1.2948063E+09 -1.2948063E+09 -1.2948063E+09 -1.2948063E+09 -1.2948063E+09 -1.2948063E+09
          67           3           8        1982         222                   222 hru222           -1.2948063E+09 -1.2948063E+09 -1.2948063E+09 -1.2948063E+09 -1.2948063E+09 -1.2948063E+09 -1.2948063E+09 -1.2948063E+09 -1.2948063E+09 -1.2948063E+09 -1.2948063E+09 -1.2948063E+09 -1.2948063E+09
          67           3           8        1982         223                   223 hru223           -1.2948063E+09 -1.2948063E+09 -1.2948063E+09 -1.2948063E+09 -1.2948063E+09 -1.2948063E+09 -1.2948063E+09 -1.2948063E+09 -1.2948063E+09 -1.2948063E+09 -1.2948063E+09 -1.2948063E+09 -1.2948063E+09
          67           3           8        1982         224                   224 hru224           -1.2948063E+09 -1.2948063E+09 -1.2948063E+09 -1.2948063E+09 -1.2948063E+09 -1.2948063E+09 -1.2948063E+09 -1.2948063E+09 -1.2948063E+09 -1.2948063E+09 -1.2948063E+09 -1.2948063E+09 -1.2948063E+09
          67           3           8        1982         225                   225 hru225           -1.2948063E+09 -1.2948063E+09 -1.2948063E+09 -1.2948063E+09 -1.2948063E+09 -1.2948063E+09 -1.2948063E+09 -1.2948063E+09 -1.2948063E+09 -1.2948063E+09 -1.2948063E+09 -1.2948063E+09 -1.2948063E+09
          67           3           8        1982         226                   226 hru226           -1.2948063E+09 -1.2948063E+09 -1.2948063E+09 -1.2948063E+09 -1.2948063E+09 -1.2948063E+09 -1.2948063E+09 -1.2948063E+09 -1.2948063E+09 -1.2948063E+09 -1.2948063E+09 -1.2948063E+09 -1.2948063E+09
          67           3           8        1982         227                   227 hru227           -1.2948063E+09 -1.2948063E+09 -1.2948063E+09 -1.2948063E+09 -1.2948063E+09 -1.2948063E+09 -1.2948063E+09 -1.2948063E+09 -1.2948063E+09 -1.2948063E+09 -1.2948063E+09 -1.2948063E+09 -1.2948063E+09
          67           3           8        1982         228                   228 hru228           -1.2948063E+09 -1.2948063E+09 -1.2948063E+09 -1.2948063E+09 -1.2948063E+09 -1.2948063E+09 -1.2948063E+09 -1.2948063E+09 -1.2948063E+09 -1.2948063E+09 -1.2948063E+09 -1.2948063E+09 -1.2948063E+09
          67           3           8        1982         229                   229 hru229           -1.2948063E+09 -1.2948063E+09 -1.2948063E+09 -1.2948063E+09 -1.2948063E+09 -1.2948063E+09 -1.2948063E+09 -1.2948063E+09 -1.2948063E+09 -1.2948063E+09 -1.2948063E+09 -1.2948063E+09 -1.2948063E+09
          67           3           8        1982         230                   230 hru230           -1.2948063E+09 -1.2948063E+09 -1.2948063E+09 -1.2948063E+09 -1.2948063E+09 -1.2948063E+09 -1.2948063E+09 -1.2948063E+09 -1.2948063E+09 -1.2948063E+09 -1.2948063E+09 -1.2948063E+09 -1.2948063E+09
          67           3           8        1982         231                   231 hru231           -1.2948063E+09 -1.2948063E+09 -1.2948063E+09 -1.2948063E+09 -1.2948063E+09 -1.2948063E+09 -1.2948063E+09 -1.2948063E+09 -1.2948063E+09 -1.2948063E+09 -1.2948063E+09 -1.2948063E+09 -1.2948063E+09
          67           3           8        1982         232                   232 hru232           -1.2948063E+09 -1.2948063E+09 -1.2948063E+09 -1.2948063E+09 -1.2948063E+09 -1.2948063E+09 -1.2948063E+09 -1.2948063E+09 -1.2948063E+09 -1.2948063E+09 -1.2948063E+09 -1.2948063E+09 -1.2948063E+09
          67           3           8        1982         233                   233 hru233           -1.2948063E+09 -1.2948063E+09 -1.2948063E+09 -1.2948063E+09 -1.2948063E+09 -1.2948063E+09 -1.2948063E+09 -1.2948063E+09 -1.2948063E+09 -1.2948063E+09 -1.2948063E+09 -1.2948063E+09 -1.2948063E+09
          67           3           8        1982         234                   234 hru234           -1.2948063E+09 -1.2948063E+09 -1.2948063E+09 -1.2948063E+09 -1.2948063E+09 -1.2948063E+09 -1.2948063E+09 -1.2948063E+09 -1.2948063E+09 -1.2948063E+09 -1.2948063E+09 -1.2948063E+09 -1.2948063E+09
          67           3           8        1982         235                   235 hru235           -1.2948063E+09 -1.2948063E+09 -1.2948063E+09 -1.2948063E+09 -1.2948063E+09 -1.2948063E+09 -1.2948063E+09 -1.2948063E+09 -1.2948063E+09 -1.2948063E+09 -1.2948063E+09 -1.2948063E+09 -1.2948063E+09
          67           3           8        1982         236                   236 hru236           -1.2948063E+09 -1.2948063E+09 -1.2948063E+09 -1.2948063E+09 -1.2948063E+09 -1.2948063E+09 -1.2948063E+09 -1.2948063E+09 -1.2948063E+09 -1.2948063E+09 -1.2948063E+09 -1.2948063E+09 -1.2948063E+09
          67           3           8        1982         237                   237 hru237           -1.2948063E+09 -1.2948063E+09 -1.2948063E+09 -1.2948063E+09 -1.2948063E+09 -1.2948063E+09 -1.2948063E+09 -1.2948063E+09 -1.2948063E+09 -1.2948063E+09 -1.2948063E+09 -1.2948063E+09 -1.2948063E+09
          67           3           8        1982         238                   238 hru238           -1.2948063E+09 -1.2948063E+09 -1.2948063E+09 -1.2948063E+09 -1.2948063E+09 -1.2948063E+09 -1.2948063E+09 -1.2948063E+09 -1.2948063E+09 -1.2948063E+09 -1.2948063E+09 -1.2948063E+09 -1.2948063E+09
          67           3           8        1982         239                   239 hru239           -1.2948063E+09 -1.2948063E+09 -1.2948063E+09 -1.2948063E+09 -1.2948063E+09 -1.2948063E+09 -1.2948063E+09 -1.2948063E+09 -1.2948063E+09 -1.2948063E+09 -1.2948063E+09 -1.2948063E+09 -1.2948063E+09
          67           3           8        1982         240                   240 hru240           -1.2948063E+09 -1.2948063E+09 -1.2948063E+09 -1.2948063E+09 -1.2948063E+09 -1.2948063E+09 -1.2948063E+09 -1.2948063E+09 -1.2948063E+09 -1.2948063E+09 -1.2948063E+09 -1.2948063E+09 -1.2948063E+09
          67           3           8        1982         241                   241 hru241           -1.2948063E+09 -1.2948063E+09 -1.2948063E+09 -1.2948063E+09 -1.2948063E+09 -1.2948063E+09 -1.2948063E+09 -1.2948063E+09 -1.2948063E+09 -1.2948063E+09 -1.2948063E+09 -1.2948063E+09 -1.2948063E+09
          67           3           8        1982         242                   242 hru242           -1.2948063E+09 -1.2948063E+09 -1.2948063E+09 -1.2948063E+09 -1.2948063E+09 -1.2948063E+09 -1.2948063E+09 -1.2948063E+09 -1.2948063E+09 -1.2948063E+09 -1.2948063E+09 -1.2948063E+09 -1.2948063E+09
          67           3           8        1982         243                   243 hru243           -1.2948063E+09 -1.2948063E+09 -1.2948063E+09 -1.2948063E+09 -1.2948063E+09 -1.2948063E+09 -1.2948063E+09 -1.2948063E+09 -1.2948063E+09 -1.2948063E+09 -1.2948063E+09 -1.2948063E+09 -1.2948063E+09
          67           3           8        1982         244                   244 hru244           -1.2948063E+09 -1.2948063E+09 -1.2948063E+09 -1.2948063E+09 -1.2948063E+09 -1.2948063E+09 -1.2948063E+09 -1.2948063E+09 -1.2948063E+09 -1.2948063E+09 -1.2948063E+09 -1.2948063E+09 -1.2948063E+09
          67           3           8        1982         245                   245 hru245           -1.2948063E+09 -1.2948063E+09 -1.2948063E+09 -1.2948063E+09 -1.2948063E+09 -1.2948063E+09 -1.2948063E+09 -1.2948063E+09 -1.2948063E+09 -1.2948063E+09 -1.2948063E+09 -1.2948063E+09 -1.2948063E+09
          67           3           8        1982         246                   246 hru246           -1.2948063E+09 -1.2948063E+09 -1.2948063E+09 -1.2948063E+09 -1.2948063E+09 -1.2948063E+09 -1.2948063E+09 -1.2948063E+09 -1.2948063E+09 -1.2948063E+09 -1.2948063E+09 -1.2948063E+09 -1.2948063E+09
          67           3           8        1982         247                   247 hru247           -1.2948063E+09 -1.2948063E+09 -1.2948063E+09 -1.2948063E+09 -1.2948063E+09 -1.2948063E+09 -1.2948063E+09 -1.2948063E+09 -1.2948063E+09 -1.2948063E+09 -1.2948063E+09 -1.2948063E+09 -1.2948063E+09
          67           3           8        1982         248                   248 hru248           -1.2948063E+09 -1.2948063E+09 -1.2948063E+09 -1.2948063E+09 -1.2948063E+09 -1.2948063E+09 -1.2948063E+09 -1.2948063E+09 -1.2948063E+09 -1.2948063E+09 -1.2948063E+09 -1.2948063E+09 -1.2948063E+09
          67           3           8        1982         249                   249 hru249           -1.2948063E+09 -1.2948063E+09 -1.2948063E+09 -1.2948063E+09 -1.2948063E+09 -1.2948063E+09 -1.2948063E+09 -1.2948063E+09 -1.2948063E+09 -1.2948063E+09 -1.2948063E+09 -1.2948063E+09 -1.2948063E+09
          67           3           8        1982         250                   250 hru250           -1.2948063E+09 -1.2948063E+09 -1.2948063E+09 -1.2948063E+09 -1.2948063E+09 -1.2948063E+09 -1.2948063E+09 -1.2948063E+09 -1.2948063E+09 -1.2948063E+09 -1.2948063E+09 -1.2948063E+09 -1.2948063E+09
          67           3           8        1982         251                   251 hru251           -1.2948063E+09 -1.2948063E+09 -1.2948063E+09 -1.2948063E+09 -1.2948063E+09 -1.2948063E+09 -1.2948063E+09 -1.2948063E+09 -1.2948063E+09 -1.2948063E+09 -1.2948063E+09 -1.2948063E+09 -1.2948063E+09
          67           3           8        1982         252                   252 hru252           -1.2948063E+09 -1.2948063E+09 -1.2948063E+09 -1.2948063E+09 -1.2948063E+09 -1.2948063E+09 -1.2948063E+09 -1.2948063E+09 -1.2948063E+09 -1.2948063E+09 -1.2948063E+09 -1.2948063E+09 -1.2948063E+09
          67           3           8        1982         253                   253 hru253           -1.2948063E+09 -1.2948063E+09 -1.2948063E+09 -1.2948063E+09 -1.2948063E+09 -1.2948063E+09 -1.2948063E+09 -1.2948063E+09 -1.2948063E+09 -1.2948063E+09 -1.2948063E+09 -1.2948063E+09 -1.2948063E+09
          67           3           8        1982         254                   254 hru254           -1.2948063E+09 -1.2948063E+09 -1.2948063E+09 -1.2948063E+09 -1.2948063E+09 -1.2948063E+09 -1.2948063E+09 -1.2948063E+09 -1.2948063E+09 -1.2948063E+09 -1.2948063E+09 -1.2948063E+09 -1.2948063E+09
          67           3           8        1982         255                   255 hru255           -1.2948063E+09 -1.2948063E+09 -1.2948063E+09 -1.2948063E+09 -1.2948063E+09 -1.2948063E+09 -1.2948063E+09 -1.2948063E+09 -1.2948063E+09 -1.2948063E+09 -1.2948063E+09 -1.2948063E+09 -1.2948063E+09
          67           3           8        1982         256                   256 hru256           -1.2948063E+09 -1.2948063E+09 -1.2948063E+09 -1.2948063E+09 -1.2948063E+09 -1.2948063E+09 -1.2948063E+09 -1.2948063E+09 -1.2948063E+09 -1.2948063E+09 -1.2948063E+09 -1.2948063E+09 -1.2948063E+09
          67           3           8        1982         257                   257 hru257           -1.2948063E+09 -1.2948063E+09 -1.2948063E+09 -1.2948063E+09 -1.2948063E+09 -1.2948063E+09 -1.2948063E+09 -1.2948063E+09 -1.2948063E+09 -1.2948063E+09 -1.2948063E+09 -1.2948063E+09 -1.2948063E+09
          67           3           8        1982         258                   258 hru258           -1.2948063E+09 -1.2948063E+09 -1.2948063E+09 -1.2948063E+09 -1.2948063E+09 -1.2948063E+09 -1.2948063E+09 -1.2948063E+09 -1.2948063E+09 -1.2948063E+09 -1.2948063E+09 -1.2948063E+09 -1.2948063E+09
          67           3           8        1982         259                   259 hru259           -1.2948063E+09 -1.2948063E+09 -1.2948063E+09 -1.2948063E+09 -1.2948063E+09 -1.2948063E+09 -1.2948063E+09 -1.2948063E+09 -1.2948063E+09 -1.2948063E+09 -1.2948063E+09 -1.2948063E+09 -1.2948063E+09
          67           3           8        1982         260                   260 hru260           -1.2948063E+09 -1.2948063E+09 -1.2948063E+09 -1.2948063E+09 -1.2948063E+09 -1.2948063E+09 -1.2948063E+09 -1.2948063E+09 -1.2948063E+09 -1.2948063E+09 -1.2948063E+09 -1.2948063E+09 -1.2948063E+09
          67           3           8        1982         261                   261 hru261           -1.2948063E+09 -1.2948063E+09 -1.2948063E+09 -1.2948063E+09 -1.2948063E+09 -1.2948063E+09 -1.2948063E+09 -1.2948063E+09 -1.2948063E+09 -1.2948063E+09 -1.2948063E+09 -1.2948063E+09 -1.2948063E+09
          67           3           8        1982         262                   262 hru262           -1.2948063E+09 -1.2948063E+09 -1.2948063E+09 -1.2948063E+09 -1.2948063E+09 -1.2948063E+09 -1.2948063E+09 -1.2948063E+09 -1.2948063E+09 -1.2948063E+09 -1.2948063E+09 -1.2948063E+09 -1.2948063E+09
          67           3           8        1982         263                   263 hru263           -1.2948063E+09 -1.2948063E+09 -1.2948063E+09 -1.2948063E+09 -1.2948063E+09 -1.2948063E+09 -1.2948063E+09 -1.2948063E+09 -1.2948063E+09 -1.2948063E+09 -1.2948063E+09 -1.2948063E+09 -1.2948063E+09
          67           3           8        1982         264                   264 hru264           -1.2948063E+09 -1.2948063E+09 -1.2948063E+09 -1.2948063E+09 -1.2948063E+09 -1.2948063E+09 -1.2948063E+09 -1.2948063E+09 -1.2948063E+09 -1.2948063E+09 -1.2948063E+09 -1.2948063E+09 -1.2948063E+09
          67           3           8        1982         265                   265 hru265           -1.2948063E+09 -1.2948063E+09 -1.2948063E+09 -1.2948063E+09 -1.2948063E+09 -1.2948063E+09 -1.2948063E+09 -1.2948063E+09 -1.2948063E+09 -1.2948063E+09 -1.2948063E+09 -1.2948063E+09 -1.2948063E+09
          67           3           8        1982         266                   266 hru266           -1.2948063E+09 -1.2948063E+09 -1.2948063E+09 -1.2948063E+09 -1.2948063E+09 -1.2948063E+09 -1.2948063E+09 -1.2948063E+09 -1.2948063E+09 -1.2948063E+09 -1.2948063E+09 -1.2948063E+09 -1.2948063E+09
          67           3           8        1982         267                   267 hru267           -1.2948063E+09 -1.2948063E+09 -1.2948063E+09 -1.2948063E+09 -1.2948063E+09 -1.2948063E+09 -1.2948063E+09 -1.2948063E+09 -1.2948063E+09 -1.2948063E+09 -1.2948063E+09 -1.2948063E+09 -1.2948063E+09
          67           3           8        1982         268                   268 hru268           -1.2948063E+09 -1.2948063E+09 -1.2948063E+09 -1.2948063E+09 -1.2948063E+09 -1.2948063E+09 -1.2948063E+09 -1.2948063E+09 -1.2948063E+09 -1.2948063E+09 -1.2948063E+09 -1.2948063E+09 -1.2948063E+09
          67           3           8        1982         269                   269 hru269           -1.2948063E+09 -1.2948063E+09 -1.2948063E+09 -1.2948063E+09 -1.2948063E+09 -1.2948063E+09 -1.2948063E+09 -1.2948063E+09 -1.2948063E+09 -1.2948063E+09 -1.2948063E+09 -1.2948063E+09 -1.2948063E+09
          67           3           8        1982         270                   270 hru270           -1.2948063E+09 -1.2948063E+09 -1.2948063E+09 -1.2948063E+09 -1.2948063E+09 -1.2948063E+09 -1.2948063E+09 -1.2948063E+09 -1.2948063E+09 -1.2948063E+09 -1.2948063E+09 -1.2948063E+09 -1.2948063E+09
          67           3           8        1982         271                   271 hru271           -1.2948063E+09 -1.2948063E+09 -1.2948063E+09 -1.2948063E+09 -1.2948063E+09 -1.2948063E+09 -1.2948063E+09 -1.2948063E+09 -1.2948063E+09 -1.2948063E+09 -1.2948063E+09 -1.2948063E+09 -1.2948063E+09
