 Prueba3                   SWAT+ Jul 2 2024        MODULAR Rev 2024.61.0.1                                
  jday   mon   day    yr    unit  gis_id  name            grzn        grzp        lab_min_p   act_sta_p       fertn            fertp            fixn             denit            act_nit_n        act_sta_n        org_lab_p        rsd_nitorg_n     rsd_laborg_p    no3atmo          nh4atmo          nuptake          puptake          gwsoiln          gwsoilp      
                                                          kgha        kgha        kgha        kgha             kgha             kgha             kgha             kgha             kgha             kgha             kgha             kgha             kgha             kgha             kgha             kgha             kgha             kgha             kgha       
    67     3     8  1982       1       1  hru001         0.000       0.000       3.888       2.979            0.000            0.000            0.000           27.512           27.231           -6.158            4.638            0.512            0.097            0.000            0.000            0.000            0.000            0.000            0.000
    67     3     8  1982       2       2  hru002         0.000       0.000       2.651       1.921            0.000            0.000            0.000           12.187           17.894           -3.778            3.041            0.524            0.100            0.000            0.000            0.000            0.000            0.000            0.000
    67     3     8  1982       3       3  hru003         0.000       0.000       3.850       2.986            0.000            0.000            0.000           27.533           27.257           -6.179            4.642            0.519            0.099            0.000            0.000            0.000            0.000            0.000            0.000
    67     3     8  1982       4       4  hru004         0.000       0.000       2.331       1.986            0.000            0.000            0.000           12.655           17.868           -3.814            3.037            0.521            0.099            0.000            0.000            0.000            0.000            0.000            0.000
    67     3     8  1982       5       5  hru005         0.000       0.000       2.392       1.977            0.000            0.000            0.000           12.511           17.880           -3.805            3.039            0.522            0.099            0.000            0.000            0.000            0.000            0.000            0.000
    67     3     8  1982       6       6  hru006         0.000       0.000       2.612       1.928            0.000            0.000            0.000           12.228           17.894           -3.781            3.041            0.524            0.100            0.000            0.000            0.000            0.000            0.000            0.000
    67     3     8  1982       7       7  hru007         0.000       0.000       3.855       2.985            0.000            0.000            0.000           27.516           27.255           -6.178            4.642            0.518            0.098            0.000            0.000            0.000            0.000            0.000            0.000
    67     3     8  1982       8       8  hru008         0.000       0.000       3.841       2.988            0.000            0.000            0.000           27.570           27.265           -6.186            4.644            0.521            0.099            0.000            0.000            0.000            0.000            0.000            0.000
    67     3     8  1982       9       9  hru009         0.000       0.000       3.729       3.016            0.000            0.000            0.000           27.660           27.330           -6.238            4.655            0.531            0.101            0.000            0.000            0.000            0.000            0.000            0.000
    67     3     8  1982      10      10  hru010         0.000       0.000       3.817       2.993            0.000            0.000            0.000           27.551           27.275           -6.195            4.645            0.524            0.100            0.000            0.000            0.000            0.000            0.000            0.000
    67     3     8  1982      11      11  hru011         0.000       0.000       3.725       3.017            0.000            0.000            0.000           27.656           27.331           -6.238            4.655            0.531            0.101            0.000            0.000            0.000            0.000            0.000            0.000
    67     3     8  1982      12      12  hru012         0.000       0.000       3.683       3.029            0.000            0.000            0.000           27.666           27.370           -6.261            4.661            0.532            0.101            0.000            0.000            0.000            0.000            0.000            0.000
    67     3     8  1982      13      13  hru013         0.000       0.000       2.400       1.975            0.000            0.000            0.000           12.504           17.881           -3.804            3.039            0.522            0.099            0.000            0.000            0.000            0.000            0.000            0.000
    67     3     8  1982      14      14  hru014         0.000       0.000       2.575       1.935            0.000            0.000            0.000           12.250           17.894           -3.783            3.041            0.524            0.099            0.000            0.000            0.000            0.000            0.000            0.000
    67     3     8  1982      15      15  hru015         0.000       0.000       2.396       1.976            0.000            0.000            0.000           12.505           17.880           -3.804            3.039            0.522            0.099            0.000            0.000            0.000            0.000            0.000            0.000
    67     3     8  1982      16      16  hru016         0.000       0.000       2.615       1.927            0.000            0.000            0.000           12.232           17.895           -3.779            3.042            0.524            0.100            0.000            0.000            0.000            0.000            0.000            0.000
    67     3     8  1982      17      17  hru017         0.000       0.000       2.396       1.976            0.000            0.000            0.000           12.503           17.881           -3.804            3.039            0.522            0.099            0.000            0.000            0.000            0.000            0.000            0.000
    67     3     8  1982      18      18  hru018         0.000       0.000       2.556       1.939            0.000            0.000            0.000           12.250           17.894           -3.784            3.041            0.523            0.099            0.000            0.000            0.000            0.000            0.000            0.000
    67     3     8  1982      19      19  hru019         0.000       0.000       3.729       3.016            0.000            0.000            0.000           27.653           27.330           -6.238            4.655            0.531            0.101            0.000            0.000            0.000            0.000            0.000            0.000
    67     3     8  1982      20      20  hru020         0.000       0.000       3.833       2.990            0.000            0.000            0.000           27.552           27.270           -6.192            4.645            0.523            0.099            0.000            0.000            0.000            0.000            0.000            0.000
    67     3     8  1982      21      21  hru021         0.000       0.000       3.684       3.029            0.000            0.000            0.000           27.663           27.370           -6.262            4.661            0.532            0.101            0.000            0.000            0.000            0.000            0.000            0.000
    67     3     8  1982      22      22  hru022         0.000       0.000       3.729       3.016            0.000            0.000            0.000           27.654           27.330           -6.238            4.655            0.531            0.101            0.000            0.000            0.000            0.000            0.000            0.000
    67     3     8  1982      23      23  hru023         0.000       0.000       3.859       2.984            0.000            0.000            0.000           27.542           27.253           -6.176            4.642            0.518            0.098            0.000            0.000            0.000            0.000            0.000            0.000
    67     3     8  1982      24      24  hru024         0.000       0.000       3.727       3.017            0.000            0.000            0.000           27.656           27.330           -6.238            4.655            0.531            0.101            0.000            0.000            0.000            0.000            0.000            0.000
    67     3     8  1982      25      25  hru025         0.000       0.000       3.833       2.990            0.000            0.000            0.000           27.557           27.265           -6.185            4.644            0.521            0.099            0.000            0.000            0.000            0.000            0.000            0.000
    67     3     8  1982      26      26  hru026         0.000       0.000       3.853       2.986            0.000            0.000            0.000           27.554           27.259           -6.182            4.643            0.520            0.099            0.000            0.000            0.000            0.000            0.000            0.000
    67     3     8  1982      27      27  hru027         0.000       0.000       3.734       3.015            0.000            0.000            0.000           27.658           27.328           -6.237            4.654            0.531            0.101            0.000            0.000            0.000            0.000            0.000            0.000
    67     3     8  1982      28      28  hru028         0.000       0.000       3.877       2.981            0.000            0.000            0.000           27.572           27.241           -6.166            4.640            0.515            0.098            0.000            0.000            0.000            0.000            0.000            0.000
    67     3     8  1982      29      29  hru029         0.000       0.000       2.890       1.884            0.000            0.000            0.000           12.315           17.889           -3.761            3.041            0.526            0.100            0.000            0.000            0.000            0.000            0.000            0.000
    67     3     8  1982      30      30  hru030         0.000       0.000       2.696       1.913            0.000            0.000            0.000           12.239           17.892           -3.776            3.041            0.524            0.100            0.000            0.000            0.000            0.000            0.000            0.000
    67     3     8  1982      31      31  hru031         0.000       0.000       3.869       2.982            0.000            0.000            0.000           27.578           27.246           -6.170            4.641            0.516            0.098            0.000            0.000            0.000            0.000            0.000            0.000
    67     3     8  1982      32      32  hru032         0.000       0.000       2.724       1.909            0.000            0.000            0.000           12.237           17.894           -3.771            3.042            0.525            0.100            0.000            0.000            0.000            0.000            0.000            0.000
    67     3     8  1982      33      33  hru033         0.000       0.000       2.694       1.914            0.000            0.000            0.000           12.239           17.896           -3.772            3.042            0.524            0.100            0.000            0.000            0.000            0.000            0.000            0.000
    67     3     8  1982      34      34  hru034         0.000       0.000       4.132       1.632            0.000            0.000            0.000           12.244           17.642           -3.799            3.002            0.525            0.100            0.000            0.000            0.000            0.000            0.000            0.000
    67     3     8  1982      35      35  hru035         0.000       0.000       2.726       1.909            0.000            0.000            0.000           12.254           17.896           -3.769            3.042            0.525            0.100            0.000            0.000            0.000            0.000            0.000            0.000
    67     3     8  1982      36      36  hru036         0.000       0.000       4.967       2.829            0.000            0.000            0.000           27.533           27.179           -6.207            4.630            0.525            0.100            0.000            0.000            0.000            0.000            0.000            0.000
    67     3     8  1982      37      37  hru037         0.000       0.000       3.999       1.523            0.000            0.000            0.000           17.558           15.631           -3.472            2.659            0.511            0.097            0.000            0.000            0.000            0.000            0.000            0.000
    67     3     8  1982      38      38  hru038         0.000       0.000       3.857       2.985            0.000            0.000            0.000           27.546           27.260           -6.182            4.643            0.520            0.099            0.000            0.000            0.000            0.000            0.000            0.000
    67     3     8  1982      39      39  hru039         0.000       0.000       2.561       1.881            0.000            0.000            0.000           17.313           15.896           -3.433            2.701            0.512            0.097            0.000            0.000            0.000            0.000            0.000            0.000
    67     3     8  1982      40      40  hru040         0.000       0.000       2.507       1.893            0.000            0.000            0.000           17.539           15.889           -3.435            2.700            0.511            0.097            0.000            0.000            0.000            0.000            0.000            0.000
    67     3     8  1982      41      41  hru041         0.000       0.000       2.298       1.935            0.000            0.000            0.000           18.694           15.854           -3.445            2.694            0.504            0.096            0.000            0.000            0.000            0.000            0.000            0.000
    67     3     8  1982      42      42  hru042         0.000       0.000       3.871       2.982            0.000            0.000            0.000           27.542           27.238           -6.163            4.639            0.514            0.098            0.000            0.000            0.000            0.000            0.000            0.000
    67     3     8  1982      43      43  hru043         0.000       0.000       3.862       2.984            0.000            0.000            0.000           27.569           27.252           -6.175            4.642            0.518            0.098            0.000            0.000            0.000            0.000            0.000            0.000
    67     3     8  1982      44      44  hru044         0.000       0.000       3.846       2.987            0.000            0.000            0.000           27.536           27.252           -6.173            4.642            0.517            0.098            0.000            0.000            0.000            0.000            0.000            0.000
    67     3     8  1982      45      45  hru045         0.000       0.000       3.852       2.986            0.000            0.000            0.000           27.552           27.252           -6.174            4.642            0.518            0.098            0.000            0.000            0.000            0.000            0.000            0.000
    67     3     8  1982      46      46  hru046         0.000       0.000       4.980       2.824            0.000            0.000            0.000           27.533           27.167           -6.197            4.628            0.522            0.099            0.000            0.000            0.000            0.000            0.000            0.000
    67     3     8  1982      47      47  hru047         0.000       0.000       3.869       2.982            0.000            0.000            0.000           27.575           27.248           -6.171            4.641            0.517            0.098            0.000            0.000            0.000            0.000            0.000            0.000
    67     3     8  1982      48      48  hru048         0.000       0.000       2.559       1.881            0.000            0.000            0.000           17.383           15.893           -3.433            2.701            0.512            0.097            0.000            0.000            0.000            0.000            0.000            0.000
    67     3     8  1982      49      49  hru049         0.000       0.000       3.872       2.982            0.000            0.000            0.000           27.568           27.245           -6.169            4.640            0.516            0.098            0.000            0.000            0.000            0.000            0.000            0.000
    67     3     8  1982      50      50  hru050         0.000       0.000       3.890       2.979            0.000            0.000            0.000           27.570           27.232           -6.158            4.638            0.513            0.097            0.000            0.000            0.000            0.000            0.000            0.000
    67     3     8  1982      51      51  hru051         0.000       0.000       3.893       2.978            0.000            0.000            0.000           27.581           27.233           -6.160            4.639            0.513            0.098            0.000            0.000            0.000            0.000            0.000            0.000
    67     3     8  1982      52      52  hru052         0.000       0.000       3.896       2.977            0.000            0.000            0.000           27.578           27.229           -6.156            4.638            0.512            0.097            0.000            0.000            0.000            0.000            0.000            0.000
    67     3     8  1982      53      53  hru053         0.000       0.000       2.733       1.908            0.000            0.000            0.000           12.271           17.897           -3.767            3.042            0.525            0.100            0.000            0.000            0.000            0.000            0.000            0.000
    67     3     8  1982      54      54  hru054         0.000       0.000       4.130       1.636            0.000            0.000            0.000           12.232           17.654           -3.802            3.004            0.525            0.100            0.000            0.000            0.000            0.000            0.000            0.000
    67     3     8  1982      55      55  hru055         0.000       0.000       2.395       1.976            0.000            0.000            0.000           12.526           17.883           -3.802            3.039            0.522            0.099            0.000            0.000            0.000            0.000            0.000            0.000
    67     3     8  1982      56      56  hru056         0.000       0.000       2.335       1.988            0.000            0.000            0.000           12.673           17.872           -3.811            3.037            0.521            0.099            0.000            0.000            0.000            0.000            0.000            0.000
    67     3     8  1982      57      57  hru057         0.000       0.000       2.538       1.942            0.000            0.000            0.000           12.301           17.894           -3.786            3.041            0.523            0.099            0.000            0.000            0.000            0.000            0.000            0.000
    67     3     8  1982      58      58  hru058         0.000       0.000       2.393       1.977            0.000            0.000            0.000           12.518           17.882           -3.803            3.039            0.522            0.099            0.000            0.000            0.000            0.000            0.000            0.000
    67     3     8  1982      59      59  hru059         0.000       0.000       2.574       1.935            0.000            0.000            0.000           12.262           17.897           -3.781            3.042            0.524            0.100            0.000            0.000            0.000            0.000            0.000            0.000
    67     3     8  1982      60      60  hru060         0.000       0.000       2.535       1.943            0.000            0.000            0.000           12.321           17.893           -3.787            3.041            0.523            0.099            0.000            0.000            0.000            0.000            0.000            0.000
    67     3     8  1982      61      61  hru061         0.000       0.000       2.330       1.988            0.000            0.000            0.000           12.684           17.872           -3.812            3.037            0.521            0.099            0.000            0.000            0.000            0.000            0.000            0.000
    67     3     8  1982      62      62  hru062         0.000       0.000       2.392       1.977            0.000            0.000            0.000           12.537           17.883           -3.802            3.039            0.522            0.099            0.000            0.000            0.000            0.000            0.000            0.000
    67     3     8  1982      63      63  hru063         0.000       0.000       2.396       1.976            0.000            0.000            0.000           12.515           17.883           -3.803            3.039            0.522            0.099            0.000            0.000            0.000            0.000            0.000            0.000
    67     3     8  1982      64      64  hru064         0.000       0.000       2.552       1.939            0.000            0.000            0.000           12.273           17.896           -3.784            3.042            0.523            0.099            0.000            0.000            0.000            0.000            0.000            0.000
    67     3     8  1982      65      65  hru065         0.000       0.000       2.402       1.975            0.000            0.000            0.000           12.529           17.883           -3.802            3.039            0.522            0.099            0.000            0.000            0.000            0.000            0.000            0.000
    67     3     8  1982      66      66  hru066         0.000       0.000       2.673       1.917            0.000            0.000            0.000           12.270           17.896           -3.774            3.042            0.524            0.100            0.000            0.000            0.000            0.000            0.000            0.000
    67     3     8  1982      67      67  hru067         0.000       0.000       2.657       1.920            0.000            0.000            0.000           12.309           17.900           -3.771            3.042            0.525            0.100            0.000            0.000            0.000            0.000            0.000            0.000
    67     3     8  1982      68      68  hru068         0.000       0.000       2.690       1.914            0.000            0.000            0.000           12.317           17.898           -3.770            3.042            0.525            0.100            0.000            0.000            0.000            0.000            0.000            0.000
    67     3     8  1982      69      69  hru069         0.000       0.000       2.695       1.914            0.000            0.000            0.000           12.308           17.899           -3.769            3.042            0.525            0.100            0.000            0.000            0.000            0.000            0.000            0.000
    67     3     8  1982      70      70  hru070         0.000       0.000       2.731       1.908            0.000            0.000            0.000           12.342           17.898           -3.767            3.042            0.525            0.100            0.000            0.000            0.000            0.000            0.000            0.000
    67     3     8  1982      71      71  hru071         0.000       0.000       2.826       1.893            0.000            0.000            0.000           12.352           17.894           -3.762            3.042            0.526            0.100            0.000            0.000            0.000            0.000            0.000            0.000
    67     3     8  1982      72      72  hru072         0.000       0.000       2.818       1.895            0.000            0.000            0.000           12.372           17.895           -3.761            3.042            0.526            0.100            0.000            0.000            0.000            0.000            0.000            0.000
    67     3     8  1982      73      73  hru073         0.000       0.000       2.729       1.908            0.000            0.000            0.000           12.356           17.899           -3.765            3.042            0.525            0.100            0.000            0.000            0.000            0.000            0.000            0.000
    67     3     8  1982      74      74  hru074         0.000       0.000       2.712       1.911            0.000            0.000            0.000           12.391           17.901           -3.764            3.043            0.525            0.100            0.000            0.000            0.000            0.000            0.000            0.000
    67     3     8  1982      75      75  hru075         0.000       0.000       2.397       1.976            0.000            0.000            0.000           12.539           17.885           -3.801            3.040            0.522            0.099            0.000            0.000            0.000            0.000            0.000            0.000
    67     3     8  1982      76      76  hru076         0.000       0.000       2.638       1.923            0.000            0.000            0.000           12.304           17.900           -3.773            3.042            0.524            0.100            0.000            0.000            0.000            0.000            0.000            0.000
    67     3     8  1982      77      77  hru077         0.000       0.000       2.260       1.500            0.000            0.000            0.000            8.385           13.795           -3.362            2.333            0.487            0.093            0.000            0.000            0.000            0.000            0.000            0.000
    67     3     8  1982      78      78  hru078         0.000       0.000       2.634       1.924            0.000            0.000            0.000           12.308           17.901           -3.772            3.043            0.524            0.100            0.000            0.000            0.000            0.000            0.000            0.000
    67     3     8  1982      79      79  hru079         0.000       0.000       2.784       1.900            0.000            0.000            0.000           12.419           17.897           -3.761            3.042            0.526            0.100            0.000            0.000            0.000            0.000            0.000            0.000
    67     3     8  1982      80      80  hru080         0.000       0.000       2.538       1.463            0.000            0.000            0.000            8.166           13.821           -3.353            2.338            0.482            0.092            0.000            0.000            0.000            0.000            0.000            0.000
    67     3     8  1982      81      81  hru081         0.000       0.000       2.290       1.497            0.000            0.000            0.000            8.354           13.806           -3.359            2.335            0.487            0.093            0.000            0.000            0.000            0.000            0.000            0.000
    67     3     8  1982      82      82  hru082         0.000       0.000       2.683       1.915            0.000            0.000            0.000           12.243           17.896           -3.773            3.042            0.524            0.100            0.000            0.000            0.000            0.000            0.000            0.000
    67     3     8  1982      83      83  hru083         0.000       0.000       4.125       1.642            0.000            0.000            0.000           12.210           17.668           -3.806            3.006            0.524            0.100            0.000            0.000            0.000            0.000            0.000            0.000
    67     3     8  1982      84      84  hru084         0.000       0.000       2.304       1.934            0.000            0.000            0.000           18.700           15.859           -3.444            2.695            0.505            0.096            0.000            0.000            0.000            0.000            0.000            0.000
    67     3     8  1982      85      85  hru085         0.000       0.000       2.630       1.867            0.000            0.000            0.000           17.087           15.911           -3.428            2.704            0.515            0.098            0.000            0.000            0.000            0.000            0.000            0.000
    67     3     8  1982      86      86  hru086         0.000       0.000       4.013       1.513            0.000            0.000            0.000           17.486           15.629           -3.472            2.659            0.512            0.097            0.000            0.000            0.000            0.000            0.000            0.000
    67     3     8  1982      87      87  hru087         0.000       0.000       2.487       1.897            0.000            0.000            0.000           17.627           15.887           -3.435            2.700            0.511            0.097            0.000            0.000            0.000            0.000            0.000            0.000
    67     3     8  1982      88      88  hru088         0.000       0.000       2.735       1.907            0.000            0.000            0.000           12.251           17.896           -3.768            3.042            0.525            0.100            0.000            0.000            0.000            0.000            0.000            0.000
    67     3     8  1982      89      89  hru089         0.000       0.000       4.130       1.637            0.000            0.000            0.000           12.238           17.656           -3.803            3.004            0.524            0.100            0.000            0.000            0.000            0.000            0.000            0.000
    67     3     8  1982      90      90  hru090         0.000       0.000       2.609       1.928            0.000            0.000            0.000           12.249           17.895           -3.780            3.042            0.524            0.100            0.000            0.000            0.000            0.000            0.000            0.000
    67     3     8  1982      91      91  hru091         0.000       0.000       2.641       1.923            0.000            0.000            0.000           12.260           17.896           -3.777            3.042            0.524            0.100            0.000            0.000            0.000            0.000            0.000            0.000
    67     3     8  1982      92      92  hru092         0.000       0.000       2.403       1.974            0.000            0.000            0.000           12.530           17.884           -3.802            3.039            0.522            0.099            0.000            0.000            0.000            0.000            0.000            0.000
    67     3     8  1982      93      93  hru093         0.000       0.000       2.297       1.935            0.000            0.000            0.000           18.685           15.855           -3.445            2.694            0.505            0.096            0.000            0.000            0.000            0.000            0.000            0.000
    67     3     8  1982      94      94  hru094         0.000       0.000       2.541       1.886            0.000            0.000            0.000           17.344           15.897           -3.433            2.701            0.512            0.097            0.000            0.000            0.000            0.000            0.000            0.000
    67     3     8  1982      95      95  hru095         0.000       0.000       2.487       1.897            0.000            0.000            0.000           17.615           15.888           -3.435            2.700            0.511            0.097            0.000            0.000            0.000            0.000            0.000            0.000
    67     3     8  1982      96      96  hru096         0.000       0.000       2.297       1.936            0.000            0.000            0.000           18.690           15.854           -3.445            2.694            0.505            0.096            0.000            0.000            0.000            0.000            0.000            0.000
    67     3     8  1982      97      97  hru097         0.000       0.000       2.396       1.976            0.000            0.000            0.000           12.540           17.885           -3.802            3.040            0.522            0.099            0.000            0.000            0.000            0.000            0.000            0.000
    67     3     8  1982      98      98  hru098         0.000       0.000       2.650       1.921            0.000            0.000            0.000           12.285           17.898           -3.774            3.042            0.524            0.100            0.000            0.000            0.000            0.000            0.000            0.000
    67     3     8  1982      99      99  hru099         0.000       0.000       2.693       1.914            0.000            0.000            0.000           12.244           17.895           -3.773            3.042            0.524            0.100            0.000            0.000            0.000            0.000            0.000            0.000
    67     3     8  1982     100     100  hru100         0.000       0.000       4.129       1.636            0.000            0.000            0.000           12.265           17.656           -3.800            3.004            0.525            0.100            0.000            0.000            0.000            0.000            0.000            0.000
    67     3     8  1982     101     101  hru101         0.000       0.000       2.717       1.910            0.000            0.000            0.000           12.255           17.896           -3.770            3.042            0.525            0.100            0.000            0.000            0.000            0.000            0.000            0.000
    67     3     8  1982     102     102  hru102         0.000       0.000       2.703       1.852            0.000            0.000            0.000           16.818           15.913           -3.427            2.704            0.516            0.098            0.000            0.000            0.000            0.000            0.000            0.000
    67     3     8  1982     103     103  hru103         0.000       0.000       2.873       1.886            0.000            0.000            0.000           12.345           17.890           -3.762            3.041            0.526            0.100            0.000            0.000            0.000            0.000            0.000            0.000
    67     3     8  1982     104     104  hru104         0.000       0.000       2.894       1.884            0.000            0.000            0.000           12.392           17.892           -3.754            3.042            0.527            0.100            0.000            0.000            0.000            0.000            0.000            0.000
    67     3     8  1982     105     105  hru105         0.000       0.000       2.940       1.811            0.000            0.000            0.000           16.010           15.951           -3.415            2.711            0.521            0.099            0.000            0.000            0.000            0.000            0.000            0.000
    67     3     8  1982     106     106  hru106         0.000       0.000       2.886       1.884            0.000            0.000            0.000           12.389           17.891           -3.758            3.041            0.526            0.100            0.000            0.000            0.000            0.000            0.000            0.000
    67     3     8  1982     107     107  hru107         0.000       0.000       2.881       1.885            0.000            0.000            0.000           12.427           17.893           -3.756            3.042            0.526            0.100            0.000            0.000            0.000            0.000            0.000            0.000
    67     3     8  1982     108     108  hru108         0.000       0.000       2.937       1.812            0.000            0.000            0.000           16.130           15.947           -3.417            2.710            0.521            0.099            0.000            0.000            0.000            0.000            0.000            0.000
    67     3     8  1982     109     109  hru109         0.000       0.000       2.641       1.923            0.000            0.000            0.000           12.273           17.899           -3.774            3.042            0.524            0.100            0.000            0.000            0.000            0.000            0.000            0.000
    67     3     8  1982     110     110  hru110         0.000       0.000       2.796       1.898            0.000            0.000            0.000           12.347           17.897           -3.760            3.042            0.526            0.100            0.000            0.000            0.000            0.000            0.000            0.000
    67     3     8  1982     111     111  hru111         0.000       0.000       2.949       1.875            0.000            0.000            0.000           12.421           17.889           -3.753            3.041            0.527            0.100            0.000            0.000            0.000            0.000            0.000            0.000
    67     3     8  1982     112     112  hru112         0.000       0.000       3.010       1.799            0.000            0.000            0.000           15.979           15.947           -3.416            2.710            0.521            0.099            0.000            0.000            0.000            0.000            0.000            0.000
    67     3     8  1982     113     113  hru113         0.000       0.000       2.229       1.951            0.000            0.000            0.000           19.230           15.839           -3.449            2.691            0.502            0.095            0.000            0.000            0.000            0.000            0.000            0.000
    67     3     8  1982     114     114  hru114         0.000       0.000       2.297       1.935            0.000            0.000            0.000           18.693           15.854           -3.445            2.694            0.504            0.096            0.000            0.000            0.000            0.000            0.000            0.000
    67     3     8  1982     115     115  hru115         0.000       0.000       2.456       1.904            0.000            0.000            0.000           17.818           15.879           -3.438            2.698            0.510            0.097            0.000            0.000            0.000            0.000            0.000            0.000
    67     3     8  1982     116     116  hru116         0.000       0.000       4.011       1.516            0.000            0.000            0.000           17.395           15.631           -3.471            2.660            0.512            0.097            0.000            0.000            0.000            0.000            0.000            0.000
    67     3     8  1982     117     117  hru117         0.000       0.000       2.297       1.936            0.000            0.000            0.000           18.716           15.854           -3.445            2.694            0.504            0.096            0.000            0.000            0.000            0.000            0.000            0.000
    67     3     8  1982     118     118  hru118         0.000       0.000       2.527       1.888            0.000            0.000            0.000           17.543           15.889           -3.435            2.700            0.511            0.097            0.000            0.000            0.000            0.000            0.000            0.000
    67     3     8  1982     119     119  hru119         0.000       0.000       2.228       1.952            0.000            0.000            0.000           19.253           15.845           -3.448            2.692            0.502            0.095            0.000            0.000            0.000            0.000            0.000            0.000
    67     3     8  1982     120     120  hru120         0.000       0.000       2.293       1.937            0.000            0.000            0.000           18.732           15.860           -3.444            2.695            0.505            0.096            0.000            0.000            0.000            0.000            0.000            0.000
    67     3     8  1982     121     121  hru121         0.000       0.000       2.590       1.875            0.000            0.000            0.000           17.260           15.906           -3.430            2.703            0.514            0.098            0.000            0.000            0.000            0.000            0.000            0.000
    67     3     8  1982     122     122  hru122         0.000       0.000       2.451       1.904            0.000            0.000            0.000           17.907           15.876           -3.438            2.698            0.509            0.097            0.000            0.000            0.000            0.000            0.000            0.000
    67     3     8  1982     123     123  hru123         0.000       0.000       2.291       1.937            0.000            0.000            0.000           18.735           15.853           -3.445            2.694            0.504            0.096            0.000            0.000            0.000            0.000            0.000            0.000
    67     3     8  1982     124     124  hru124         0.000       0.000       2.226       1.952            0.000            0.000            0.000           19.241           15.839           -3.449            2.691            0.502            0.095            0.000            0.000            0.000            0.000            0.000            0.000
    67     3     8  1982     125     125  hru125         0.000       0.000       2.552       1.872            0.000            0.000            0.000           19.998           15.782           -3.460            2.682            0.497            0.094            0.000            0.000            0.000            0.000            0.000            0.000
    67     3     8  1982     126     126  hru126         0.000       0.000       2.700       1.843            0.000            0.000            0.000           19.279           15.791           -3.456            2.684            0.502            0.095            0.000            0.000            0.000            0.000            0.000            0.000
    67     3     8  1982     127     127  hru127         0.000       0.000       3.503       1.700            0.000            0.000            0.000           18.713           15.737           -3.462            2.675            0.505            0.096            0.000            0.000            0.000            0.000            0.000            0.000
    67     3     8  1982     128     128  hru128         0.000       0.000       3.999       1.526            0.000            0.000            0.000           17.562           15.639           -3.471            2.661            0.511            0.097            0.000            0.000            0.000            0.000            0.000            0.000
    67     3     8  1982     129     129  hru129         0.000       0.000       2.287       1.938            0.000            0.000            0.000           18.703           15.854           -3.445            2.694            0.504            0.096            0.000            0.000            0.000            0.000            0.000            0.000
    67     3     8  1982     130     130  hru130         0.000       0.000       2.452       1.905            0.000            0.000            0.000           17.741           15.883           -3.437            2.699            0.510            0.097            0.000            0.000            0.000            0.000            0.000            0.000
    67     3     8  1982     131     131  hru131         0.000       0.000       2.226       1.952            0.000            0.000            0.000           19.228           15.839           -3.449            2.691            0.502            0.095            0.000            0.000            0.000            0.000            0.000            0.000
    67     3     8  1982     132     132  hru132         0.000       0.000       4.114       1.652            0.000            0.000            0.000           12.282           17.690           -3.807            3.009            0.524            0.100            0.000            0.000            0.000            0.000            0.000            0.000
    67     3     8  1982     133     133  hru133         0.000       0.000       2.758       1.909            0.000            0.000            0.000           12.696           17.834           -3.817            3.031            0.521            0.099            0.000            0.000            0.000            0.000            0.000            0.000
    67     3     8  1982     134     134  hru134         0.000       0.000       2.328       1.989            0.000            0.000            0.000           12.698           17.872           -3.812            3.037            0.521            0.099            0.000            0.000            0.000            0.000            0.000            0.000
    67     3     8  1982     135     135  hru135         0.000       0.000       2.207       1.956            0.000            0.000            0.000           20.008           15.820           -3.454            2.688            0.498            0.095            0.000            0.000            0.000            0.000            0.000            0.000
    67     3     8  1982     136     136  hru136         0.000       0.000       2.221       1.953            0.000            0.000            0.000           19.316           15.842           -3.449            2.692            0.502            0.095            0.000            0.000            0.000            0.000            0.000            0.000
    67     3     8  1982     137     137  hru137         0.000       0.000       2.226       1.952            0.000            0.000            0.000           19.283           15.843           -3.448            2.692            0.502            0.095            0.000            0.000            0.000            0.000            0.000            0.000
    67     3     8  1982     138     138  hru138         0.000       0.000       1.980       1.536            0.000            0.000            0.000            8.707           13.736           -3.377            2.323            0.477            0.091            0.000            0.000            0.000            0.000            0.000            0.000
    67     3     8  1982     139     139  hru139         0.000       0.000       3.122       1.333            0.000            0.000            0.000            8.905           13.587           -3.395            2.299            0.475            0.090            0.000            0.000            0.000            0.000            0.000            0.000
    67     3     8  1982     140     140  hru140         0.000       0.000       3.518       1.221            0.000            0.000            0.000            8.640           13.521           -3.396            2.290            0.478            0.091            0.000            0.000            0.000            0.000            0.000            0.000
    67     3     8  1982     141     141  hru141         0.000       0.000       2.228       1.952            0.000            0.000            0.000           19.251           15.838           -3.449            2.691            0.502            0.095            0.000            0.000            0.000            0.000            0.000            0.000
    67     3     8  1982     142     142  hru142         0.000       0.000       2.297       1.936            0.000            0.000            0.000           18.713           15.853           -3.445            2.694            0.504            0.096            0.000            0.000            0.000            0.000            0.000            0.000
    67     3     8  1982     143     143  hru143         0.000       0.000       2.758       1.832            0.000            0.000            0.000           19.235           15.785           -3.457            2.683            0.502            0.095            0.000            0.000            0.000            0.000            0.000            0.000
    67     3     8  1982     144     144  hru144         0.000       0.000       3.496       1.701            0.000            0.000            0.000           18.721           15.735           -3.462            2.675            0.504            0.096            0.000            0.000            0.000            0.000            0.000            0.000
    67     3     8  1982     145     145  hru145         0.000       0.000       3.984       1.539            0.000            0.000            0.000           17.742           15.646           -3.471            2.662            0.510            0.097            0.000            0.000            0.000            0.000            0.000            0.000
    67     3     8  1982     146     146  hru146         0.000       0.000       2.206       1.956            0.000            0.000            0.000           20.014           15.820           -3.454            2.688            0.498            0.095            0.000            0.000            0.000            0.000            0.000            0.000
    67     3     8  1982     147     147  hru147         0.000       0.000       2.220       1.954            0.000            0.000            0.000           19.352           15.841           -3.449            2.691            0.502            0.095            0.000            0.000            0.000            0.000            0.000            0.000
    67     3     8  1982     148     148  hru148         0.000       0.000       3.526       1.216            0.000            0.000            0.000            8.628           13.513           -3.396            2.289            0.479            0.091            0.000            0.000            0.000            0.000            0.000            0.000
    67     3     8  1982     149     149  hru149         0.000       0.000       3.104       1.337            0.000            0.000            0.000            8.909           13.589           -3.395            2.300            0.475            0.090            0.000            0.000            0.000            0.000            0.000            0.000
    67     3     8  1982     150     150  hru150         0.000       0.000       2.272       1.470            0.000            0.000            0.000            9.060           13.635           -3.394            2.306            0.476            0.090            0.000            0.000            0.000            0.000            0.000            0.000
    67     3     8  1982     151     151  hru151         0.000       0.000       2.718       1.840            0.000            0.000            0.000           19.238           15.792           -3.456            2.684            0.502            0.095            0.000            0.000            0.000            0.000            0.000            0.000
    67     3     8  1982     152     152  hru152         0.000       0.000       3.395       1.719            0.000            0.000            0.000           18.717           15.747           -3.460            2.677            0.505            0.096            0.000            0.000            0.000            0.000            0.000            0.000
    67     3     8  1982     153     153  hru153         0.000       0.000       3.979       1.548            0.000            0.000            0.000           17.740           15.662           -3.468            2.664            0.510            0.097            0.000            0.000            0.000            0.000            0.000            0.000
    67     3     8  1982     154     154  hru154         0.000       0.000       2.223       1.953            0.000            0.000            0.000           19.273           15.841           -3.449            2.691            0.502            0.095            0.000            0.000            0.000            0.000            0.000            0.000
    67     3     8  1982     155     155  hru155         0.000       0.000       2.228       1.952            0.000            0.000            0.000           19.270           15.843           -3.448            2.692            0.502            0.095            0.000            0.000            0.000            0.000            0.000            0.000
    67     3     8  1982     156     156  hru156         0.000       0.000       2.297       1.936            0.000            0.000            0.000           18.759           15.857           -3.444            2.694            0.505            0.096            0.000            0.000            0.000            0.000            0.000            0.000
    67     3     8  1982     157     157  hru157         0.000       0.000       2.603       1.872            0.000            0.000            0.000           17.307           15.899           -3.431            2.702            0.513            0.097            0.000            0.000            0.000            0.000            0.000            0.000
    67     3     8  1982     158     158  hru158         0.000       0.000       2.297       1.936            0.000            0.000            0.000           18.692           15.854           -3.445            2.694            0.504            0.096            0.000            0.000            0.000            0.000            0.000            0.000
    67     3     8  1982     159     159  hru159         0.000       0.000       2.228       1.952            0.000            0.000            0.000           19.241           15.839           -3.449            2.691            0.502            0.095            0.000            0.000            0.000            0.000            0.000            0.000
    67     3     8  1982     160     160  hru160         0.000       0.000       2.438       1.907            0.000            0.000            0.000           17.894           15.877           -3.438            2.698            0.509            0.097            0.000            0.000            0.000            0.000            0.000            0.000
    67     3     8  1982     161     161  hru161         0.000       0.000       2.631       1.867            0.000            0.000            0.000           17.066           15.913           -3.428            2.704            0.516            0.098            0.000            0.000            0.000            0.000            0.000            0.000
    67     3     8  1982     162     162  hru162         0.000       0.000       2.300       1.935            0.000            0.000            0.000           18.719           15.861           -3.443            2.695            0.505            0.096            0.000            0.000            0.000            0.000            0.000            0.000
    67     3     8  1982     163     163  hru163         0.000       0.000       3.999       1.526            0.000            0.000            0.000           17.634           15.640           -3.471            2.661            0.511            0.097            0.000            0.000            0.000            0.000            0.000            0.000
    67     3     8  1982     164     164  hru164         0.000       0.000       4.018       1.507            0.000            0.000            0.000           17.363           15.622           -3.472            2.658            0.512            0.097            0.000            0.000            0.000            0.000            0.000            0.000
    67     3     8  1982     165     165  hru165         0.000       0.000       2.846       1.815            0.000            0.000            0.000           19.201           15.779           -3.458            2.682            0.502            0.095            0.000            0.000            0.000            0.000            0.000            0.000
    67     3     8  1982     166     166  hru166         0.000       0.000       3.979       1.541            0.000            0.000            0.000           17.836           15.644           -3.472            2.661            0.510            0.097            0.000            0.000            0.000            0.000            0.000            0.000
    67     3     8  1982     167     167  hru167         0.000       0.000       3.584       1.685            0.000            0.000            0.000           18.704           15.728           -3.463            2.674            0.505            0.096            0.000            0.000            0.000            0.000            0.000            0.000
    67     3     8  1982     168     168  hru168         0.000       0.000       2.306       1.934            0.000            0.000            0.000           18.712           15.853           -3.445            2.694            0.504            0.096            0.000            0.000            0.000            0.000            0.000            0.000
    67     3     8  1982     169     169  hru169         0.000       0.000       4.038       1.495            0.000            0.000            0.000           17.076           15.621           -3.471            2.658            0.515            0.098            0.000            0.000            0.000            0.000            0.000            0.000
    67     3     8  1982     170     170  hru170         0.000       0.000       4.000       1.527            0.000            0.000            0.000           17.574           15.642           -3.470            2.661            0.511            0.097            0.000            0.000            0.000            0.000            0.000            0.000
    67     3     8  1982     171     171  hru171         0.000       0.000       3.552       1.692            0.000            0.000            0.000           18.690           15.736           -3.462            2.675            0.505            0.096            0.000            0.000            0.000            0.000            0.000            0.000
    67     3     8  1982     172     172  hru172         0.000       0.000       2.744       1.844            0.000            0.000            0.000           16.709           15.921           -3.425            2.706            0.517            0.098            0.000            0.000            0.000            0.000            0.000            0.000
    67     3     8  1982     173     173  hru173         0.000       0.000       2.225       1.953            0.000            0.000            0.000           19.269           15.844           -3.448            2.692            0.502            0.095            0.000            0.000            0.000            0.000            0.000            0.000
    67     3     8  1982     174     174  hru174         0.000       0.000       2.291       1.937            0.000            0.000            0.000           18.717           15.860           -3.444            2.695            0.505            0.096            0.000            0.000            0.000            0.000            0.000            0.000
    67     3     8  1982     175     175  hru175         0.000       0.000       2.609       1.872            0.000            0.000            0.000           16.999           15.918           -3.427            2.705            0.516            0.098            0.000            0.000            0.000            0.000            0.000            0.000
    67     3     8  1982     176     176  hru176         0.000       0.000       2.646       1.922            0.000            0.000            0.000           12.300           17.895           -3.778            3.042            0.524            0.100            0.000            0.000            0.000            0.000            0.000            0.000
    67     3     8  1982     177     177  hru177         0.000       0.000       4.130       1.635            0.000            0.000            0.000           12.288           17.653           -3.800            3.004            0.525            0.100            0.000            0.000            0.000            0.000            0.000            0.000
    67     3     8  1982     178     178  hru178         0.000       0.000       4.055       1.476            0.000            0.000            0.000           16.860           15.597           -3.473            2.655            0.517            0.098            0.000            0.000            0.000            0.000            0.000            0.000
    67     3     8  1982     179     179  hru179         0.000       0.000       2.685       1.915            0.000            0.000            0.000           12.324           17.898           -3.771            3.042            0.525            0.100            0.000            0.000            0.000            0.000            0.000            0.000
    67     3     8  1982     180     180  hru180         0.000       0.000       2.866       1.823            0.000            0.000            0.000           16.314           15.937           -3.420            2.709            0.519            0.099            0.000            0.000            0.000            0.000            0.000            0.000
    67     3     8  1982     181     181  hru181         0.000       0.000       4.127       1.639            0.000            0.000            0.000           12.264           17.663           -3.804            3.005            0.524            0.100            0.000            0.000            0.000            0.000            0.000            0.000
    67     3     8  1982     182     182  hru182         0.000       0.000       2.746       1.906            0.000            0.000            0.000           12.371           17.899           -3.762            3.043            0.525            0.100            0.000            0.000            0.000            0.000            0.000            0.000
    67     3     8  1982     183     183  hru183         0.000       0.000       2.230       1.951            0.000            0.000            0.000           19.213           15.840           -3.449            2.691            0.502            0.095            0.000            0.000            0.000            0.000            0.000            0.000
    67     3     8  1982     184     184  hru184         0.000       0.000       2.491       1.896            0.000            0.000            0.000           17.594           15.888           -3.435            2.700            0.511            0.097            0.000            0.000            0.000            0.000            0.000            0.000
    67     3     8  1982     185     185  hru185         0.000       0.000       2.292       1.937            0.000            0.000            0.000           18.701           15.854           -3.445            2.694            0.504            0.096            0.000            0.000            0.000            0.000            0.000            0.000
    67     3     8  1982     186     186  hru186         0.000       0.000       2.479       1.899            0.000            0.000            0.000           17.732           15.882           -3.437            2.699            0.510            0.097            0.000            0.000            0.000            0.000            0.000            0.000
    67     3     8  1982     187     187  hru187         0.000       0.000       3.993       1.533            0.000            0.000            0.000           17.600           15.646           -3.470            2.662            0.511            0.097            0.000            0.000            0.000            0.000            0.000            0.000
    67     3     8  1982     188     188  hru188         0.000       0.000       3.513       1.698            0.000            0.000            0.000           18.690           15.736           -3.462            2.675            0.505            0.096            0.000            0.000            0.000            0.000            0.000            0.000
    67     3     8  1982     189     189  hru189         0.000       0.000       3.467       1.706            0.000            0.000            0.000           18.691           15.741           -3.461            2.676            0.505            0.096            0.000            0.000            0.000            0.000            0.000            0.000
    67     3     8  1982     190     190  hru190         0.000       0.000       3.988       1.540            0.000            0.000            0.000           17.619           15.656           -3.469            2.663            0.511            0.097            0.000            0.000            0.000            0.000            0.000            0.000
    67     3     8  1982     191     191  hru191         0.000       0.000       2.499       1.895            0.000            0.000            0.000           17.579           15.889           -3.435            2.700            0.511            0.097            0.000            0.000            0.000            0.000            0.000            0.000
    67     3     8  1982     192     192  hru192         0.000       0.000       2.835       1.892            0.000            0.000            0.000           12.432           17.895           -3.758            3.042            0.526            0.100            0.000            0.000            0.000            0.000            0.000            0.000
    67     3     8  1982     193     193  hru193         0.000       0.000       2.266       1.499            0.000            0.000            0.000            8.378           13.792           -3.363            2.332            0.487            0.093            0.000            0.000            0.000            0.000            0.000            0.000
    67     3     8  1982     194     194  hru194         0.000       0.000       2.398       1.975            0.000            0.000            0.000           12.554           17.886           -3.801            3.040            0.522            0.099            0.000            0.000            0.000            0.000            0.000            0.000
    67     3     8  1982     195     195  hru195         0.000       0.000       2.753       1.905            0.000            0.000            0.000           12.364           17.898           -3.764            3.042            0.525            0.100            0.000            0.000            0.000            0.000            0.000            0.000
    67     3     8  1982     196     196  hru196         0.000       0.000       2.713       1.911            0.000            0.000            0.000           12.349           17.899           -3.767            3.042            0.525            0.100            0.000            0.000            0.000            0.000            0.000            0.000
    67     3     8  1982     197     197  hru197         0.000       0.000       2.683       1.916            0.000            0.000            0.000           12.353           17.901           -3.767            3.043            0.525            0.100            0.000            0.000            0.000            0.000            0.000            0.000
    67     3     8  1982     198     198  hru198         0.000       0.000       2.101       1.520            0.000            0.000            0.000            8.544           13.769           -3.369            2.328            0.483            0.092            0.000            0.000            0.000            0.000            0.000            0.000
    67     3     8  1982     199     199  hru199         0.000       0.000       2.227       1.503            0.000            0.000            0.000            8.450           13.779           -3.366            2.330            0.486            0.092            0.000            0.000            0.000            0.000            0.000            0.000
    67     3     8  1982     200     200  hru200         0.000       0.000       2.165       1.512            0.000            0.000            0.000            8.469           13.780           -3.366            2.330            0.485            0.092            0.000            0.000            0.000            0.000            0.000            0.000
    67     3     8  1982     201     201  hru201         0.000       0.000       2.264       1.499            0.000            0.000            0.000            8.379           13.793           -3.362            2.333            0.487            0.093            0.000            0.000            0.000            0.000            0.000            0.000
    67     3     8  1982     202     202  hru202         0.000       0.000       2.361       1.486            0.000            0.000            0.000            8.328           13.796           -3.361            2.333            0.487            0.093            0.000            0.000            0.000            0.000            0.000            0.000
    67     3     8  1982     203     203  hru203         0.000       0.000       2.755       1.904            0.000            0.000            0.000           12.413           17.899           -3.762            3.043            0.526            0.100            0.000            0.000            0.000            0.000            0.000            0.000
    67     3     8  1982     204     204  hru204         0.000       0.000       2.380       1.485            0.000            0.000            0.000            8.254           13.814           -3.356            2.336            0.485            0.092            0.000            0.000            0.000            0.000            0.000            0.000
    67     3     8  1982     205     205  hru205         0.000       0.000       2.395       1.484            0.000            0.000            0.000            8.219           13.822           -3.354            2.338            0.484            0.092            0.000            0.000            0.000            0.000            0.000            0.000
    67     3     8  1982     206     206  hru206         0.000       0.000       2.416       1.479            0.000            0.000            0.000            8.308           13.808           -3.357            2.335            0.486            0.092            0.000            0.000            0.000            0.000            0.000            0.000
    67     3     8  1982     207     207  hru207         0.000       0.000       2.859       1.889            0.000            0.000            0.000           12.463           17.894           -3.757            3.042            0.526            0.100            0.000            0.000            0.000            0.000            0.000            0.000
    67     3     8  1982     208     208  hru208         0.000       0.000       2.810       1.896            0.000            0.000            0.000           12.456           17.897           -3.758            3.042            0.526            0.100            0.000            0.000            0.000            0.000            0.000            0.000
    67     3     8  1982     209     209  hru209         0.000       0.000       2.722       1.909            0.000            0.000            0.000           12.424           17.897           -3.768            3.042            0.525            0.100            0.000            0.000            0.000            0.000            0.000            0.000
    67     3     8  1982     210     210  hru210         0.000       0.000       2.780       1.901            0.000            0.000            0.000           12.458           17.899           -3.759            3.043            0.526            0.100            0.000            0.000            0.000            0.000            0.000            0.000
    67     3     8  1982     211     211  hru211         0.000       0.000       2.863       1.888            0.000            0.000            0.000           12.484           17.895           -3.755            3.042            0.527            0.100            0.000            0.000            0.000            0.000            0.000            0.000
    67     3     8  1982     212     212  hru212         0.000       0.000       1.416       0.994            0.000            0.000            0.000            6.386           10.239           -2.041            1.729            0.531            0.101            0.000            0.000            0.000            0.000            0.000            0.000
    67     3     8  1982     213     213  hru213         0.000       0.000       2.301       1.495            0.000            0.000            0.000            8.368           13.802           -3.360            2.334            0.487            0.093            0.000            0.000            0.000            0.000            0.000            0.000
    67     3     8  1982     214     214  hru214         0.000       0.000       2.301       1.495            0.000            0.000            0.000            8.334           13.803           -3.360            2.334            0.487            0.093            0.000            0.000            0.000            0.000            0.000            0.000
    67     3     8  1982     215     215  hru215         0.000       0.000       2.275       1.499            0.000            0.000            0.000            8.348           13.805           -3.360            2.334            0.487            0.093            0.000            0.000            0.000            0.000            0.000            0.000
    67     3     8  1982     216     216  hru216         0.000       0.000       2.227       1.503            0.000            0.000            0.000            8.439           13.782           -3.365            2.331            0.486            0.092            0.000            0.000            0.000            0.000            0.000            0.000
    67     3     8  1982     217     217  hru217         0.000       0.000       2.331       1.492            0.000            0.000            0.000            8.286           13.816           -3.356            2.337            0.486            0.092            0.000            0.000            0.000            0.000            0.000            0.000
    67     3     8  1982     218     218  hru218         0.000       0.000       2.265       1.501            0.000            0.000            0.000            8.357           13.810           -3.359            2.335            0.487            0.093            0.000            0.000            0.000            0.000            0.000            0.000
    67     3     8  1982     219     219  hru219         0.000       0.000       1.167       1.022            0.000            0.000            0.000            6.744           10.307           -2.061            1.739            0.525            0.100            0.000            0.000            0.000            0.000            0.000            0.000
    67     3     8  1982     220     220  hru220         0.000       0.000       1.212       1.017            0.000            0.000            0.000            6.661           10.288           -2.057            1.736            0.526            0.100            0.000            0.000            0.000            0.000            0.000            0.000
    67     3     8  1982     221     221  hru221         0.000       0.000       3.502       1.700            0.000            0.000            0.000           18.683           15.739           -3.461            2.676            0.505            0.096            0.000            0.000            0.000            0.000            0.000            0.000
    67     3     8  1982     222     222  hru222         0.000       0.000       3.979       1.548            0.000            0.000            0.000           17.753           15.661           -3.469            2.664            0.510            0.097            0.000            0.000            0.000            0.000            0.000            0.000
    67     3     8  1982     223     223  hru223         0.000       0.000       2.296       1.936            0.000            0.000            0.000           18.705           15.858           -3.444            2.694            0.505            0.096            0.000            0.000            0.000            0.000            0.000            0.000
    67     3     8  1982     224     224  hru224         0.000       0.000       2.468       1.901            0.000            0.000            0.000           17.740           15.887           -3.436            2.699            0.510            0.097            0.000            0.000            0.000            0.000            0.000            0.000
    67     3     8  1982     225     225  hru225         0.000       0.000       4.049       1.484            0.000            0.000            0.000           16.937           15.610           -3.471            2.657            0.516            0.098            0.000            0.000            0.000            0.000            0.000            0.000
    67     3     8  1982     226     226  hru226         0.000       0.000       2.295       1.936            0.000            0.000            0.000           18.700           15.854           -3.445            2.694            0.505            0.096            0.000            0.000            0.000            0.000            0.000            0.000
    67     3     8  1982     227     227  hru227         0.000       0.000       2.521       1.890            0.000            0.000            0.000           17.465           15.893           -3.434            2.701            0.511            0.097            0.000            0.000            0.000            0.000            0.000            0.000
    67     3     8  1982     228     228  hru228         0.000       0.000       2.228       1.952            0.000            0.000            0.000           19.235           15.839           -3.449            2.691            0.502            0.095            0.000            0.000            0.000            0.000            0.000            0.000
    67     3     8  1982     229     229  hru229         0.000       0.000       3.412       1.716            0.000            0.000            0.000           18.702           15.747           -3.460            2.677            0.505            0.096            0.000            0.000            0.000            0.000            0.000            0.000
    67     3     8  1982     230     230  hru230         0.000       0.000       3.953       1.572            0.000            0.000            0.000           18.026           15.680           -3.467            2.667            0.509            0.097            0.000            0.000            0.000            0.000            0.000            0.000
    67     3     8  1982     231     231  hru231         0.000       0.000       2.758       1.832            0.000            0.000            0.000           19.215           15.790           -3.456            2.683            0.502            0.095            0.000            0.000            0.000            0.000            0.000            0.000
    67     3     8  1982     232     232  hru232         0.000       0.000       2.226       1.952            0.000            0.000            0.000           19.246           15.839           -3.449            2.691            0.502            0.095            0.000            0.000            0.000            0.000            0.000            0.000
    67     3     8  1982     233     233  hru233         0.000       0.000       2.514       1.891            0.000            0.000            0.000           17.519           15.892           -3.434            2.701            0.511            0.097            0.000            0.000            0.000            0.000            0.000            0.000
    67     3     8  1982     234     234  hru234         0.000       0.000       3.976       1.550            0.000            0.000            0.000           17.783           15.660           -3.469            2.664            0.510            0.097            0.000            0.000            0.000            0.000            0.000            0.000
    67     3     8  1982     235     235  hru235         0.000       0.000       3.484       1.703            0.000            0.000            0.000           18.684           15.738           -3.462            2.676            0.505            0.096            0.000            0.000            0.000            0.000            0.000            0.000
    67     3     8  1982     236     236  hru236         0.000       0.000       2.555       1.883            0.000            0.000            0.000           17.298           15.903           -3.431            2.702            0.513            0.097            0.000            0.000            0.000            0.000            0.000            0.000
    67     3     8  1982     237     237  hru237         0.000       0.000       4.077       1.463            0.000            0.000            0.000           16.139           15.567           -3.473            2.650            0.520            0.099            0.000            0.000            0.000            0.000            0.000            0.000
    67     3     8  1982     238     238  hru238         0.000       0.000       3.998       1.533            0.000            0.000            0.000           17.547           15.653           -3.469            2.663            0.511            0.097            0.000            0.000            0.000            0.000            0.000            0.000
    67     3     8  1982     239     239  hru239         0.000       0.000       3.483       1.704            0.000            0.000            0.000           18.694           15.743           -3.461            2.676            0.505            0.096            0.000            0.000            0.000            0.000            0.000            0.000
    67     3     8  1982     240     240  hru240         0.000       0.000       2.531       1.888            0.000            0.000            0.000           17.471           15.899           -3.432            2.702            0.512            0.097            0.000            0.000            0.000            0.000            0.000            0.000
    67     3     8  1982     241     241  hru241         0.000       0.000       4.084       1.465            0.000            0.000            0.000           16.040           15.581           -3.470            2.653            0.521            0.099            0.000            0.000            0.000            0.000            0.000            0.000
    67     3     8  1982     242     242  hru242         0.000       0.000       2.797       1.835            0.000            0.000            0.000           16.413           15.939           -3.420            2.709            0.519            0.099            0.000            0.000            0.000            0.000            0.000            0.000
    67     3     8  1982     243     243  hru243         0.000       0.000       2.757       1.904            0.000            0.000            0.000           12.380           17.900           -3.761            3.043            0.526            0.100            0.000            0.000            0.000            0.000            0.000            0.000
    67     3     8  1982     244     244  hru244         0.000       0.000       2.652       1.921            0.000            0.000            0.000           12.375           17.900           -3.771            3.043            0.525            0.100            0.000            0.000            0.000            0.000            0.000            0.000
    67     3     8  1982     245     245  hru245         0.000       0.000       2.692       1.914            0.000            0.000            0.000           12.375           17.900           -3.768            3.043            0.525            0.100            0.000            0.000            0.000            0.000            0.000            0.000
    67     3     8  1982     246     246  hru246         0.000       0.000       2.723       1.909            0.000            0.000            0.000           12.396           17.899           -3.765            3.043            0.525            0.100            0.000            0.000            0.000            0.000            0.000            0.000
    67     3     8  1982     247     247  hru247         0.000       0.000       2.692       1.914            0.000            0.000            0.000           12.407           17.898           -3.771            3.042            0.525            0.100            0.000            0.000            0.000            0.000            0.000            0.000
    67     3     8  1982     248     248  hru248         0.000       0.000       2.335       1.990            0.000            0.000            0.000           12.768           17.882           -3.806            3.039            0.522            0.099            0.000            0.000            0.000            0.000            0.000            0.000
    67     3     8  1982     249     249  hru249         0.000       0.000       2.291       1.977            0.000            0.000            0.000           13.006           17.855           -3.821            3.034            0.524            0.100            0.000            0.000            0.000            0.000            0.000            0.000
    67     3     8  1982     250     250  hru250         0.000       0.000       2.803       1.897            0.000            0.000            0.000           12.445           17.896           -3.762            3.042            0.526            0.100            0.000            0.000            0.000            0.000            0.000            0.000
    67     3     8  1982     251     251  hru251         0.000       0.000       2.332       1.990            0.000            0.000            0.000           12.779           17.882           -3.807            3.039            0.522            0.099            0.000            0.000            0.000            0.000            0.000            0.000
    67     3     8  1982     252     252  hru252         0.000       0.000       2.330       1.989            0.000            0.000            0.000           12.695           17.874           -3.811            3.038            0.522            0.099            0.000            0.000            0.000            0.000            0.000            0.000
    67     3     8  1982     253     253  hru253         0.000       0.000       2.663       1.919            0.000            0.000            0.000           12.316           17.901           -3.769            3.043            0.525            0.100            0.000            0.000            0.000            0.000            0.000            0.000
    67     3     8  1982     254     254  hru254         0.000       0.000       2.389       1.977            0.000            0.000            0.000           12.546           17.886           -3.801            3.040            0.522            0.099            0.000            0.000            0.000            0.000            0.000            0.000
    67     3     8  1982     255     255  hru255         0.000       0.000       2.800       1.897            0.000            0.000            0.000           12.418           17.895           -3.763            3.042            0.526            0.100            0.000            0.000            0.000            0.000            0.000            0.000
    67     3     8  1982     256     256  hru256         0.000       0.000       2.775       1.901            0.000            0.000            0.000           12.418           17.898           -3.760            3.042            0.526            0.100            0.000            0.000            0.000            0.000            0.000            0.000
    67     3     8  1982     257     257  hru257         0.000       0.000       2.396       1.975            0.000            0.000            0.000           12.559           17.887           -3.800            3.040            0.522            0.099            0.000            0.000            0.000            0.000            0.000            0.000
    67     3     8  1982     258     258  hru258         0.000       0.000       2.673       1.917            0.000            0.000            0.000           12.336           17.900           -3.769            3.043            0.525            0.100            0.000            0.000            0.000            0.000            0.000            0.000
    67     3     8  1982     259     259  hru259         0.000       0.000       2.637       1.923            0.000            0.000            0.000           12.317           17.900           -3.772            3.043            0.524            0.100            0.000            0.000            0.000            0.000            0.000            0.000
    67     3     8  1982     260     260  hru260         0.000       0.000       2.395       1.976            0.000            0.000            0.000           12.556           17.887           -3.800            3.040            0.522            0.099            0.000            0.000            0.000            0.000            0.000            0.000
    67     3     8  1982     261     261  hru261         0.000       0.000       2.332       1.989            0.000            0.000            0.000           12.700           17.874           -3.811            3.038            0.522            0.099            0.000            0.000            0.000            0.000            0.000            0.000
    67     3     8  1982     262     262  hru262         0.000       0.000       2.396       1.976            0.000            0.000            0.000           12.553           17.885           -3.801            3.040            0.522            0.099            0.000            0.000            0.000            0.000            0.000            0.000
    67     3     8  1982     263     263  hru263         0.000       0.000       2.573       1.935            0.000            0.000            0.000           12.318           17.896           -3.782            3.042            0.524            0.099            0.000            0.000            0.000            0.000            0.000            0.000
    67     3     8  1982     264     264  hru264         0.000       0.000       2.607       1.929            0.000            0.000            0.000           12.291           17.898           -3.778            3.042            0.524            0.100            0.000            0.000            0.000            0.000            0.000            0.000
    67     3     8  1982     265     265  hru265         0.000       0.000       2.331       1.989            0.000            0.000            0.000           12.699           17.874           -3.810            3.038            0.522            0.099            0.000            0.000            0.000            0.000            0.000            0.000
    67     3     8  1982     266     266  hru266         0.000       0.000       2.392       1.977            0.000            0.000            0.000           12.549           17.885           -3.801            3.040            0.522            0.099            0.000            0.000            0.000            0.000            0.000            0.000
    67     3     8  1982     267     267  hru267         0.000       0.000       2.400       1.975            0.000            0.000            0.000           12.558           17.887           -3.800            3.040            0.522            0.099            0.000            0.000            0.000            0.000            0.000            0.000
    67     3     8  1982     268     268  hru268         0.000       0.000       2.709       1.911            0.000            0.000            0.000           12.328           17.898           -3.768            3.042            0.525            0.100            0.000            0.000            0.000            0.000            0.000            0.000
    67     3     8  1982     269     269  hru269         0.000       0.000       2.733       1.908            0.000            0.000            0.000           12.378           17.898           -3.766            3.042            0.525            0.100            0.000            0.000            0.000            0.000            0.000            0.000
    67     3     8  1982     270     270  hru270         0.000       0.000       2.337       1.989            0.000            0.000            0.000           12.759           17.882           -3.806            3.039            0.522            0.099            0.000            0.000            0.000            0.000            0.000            0.000
    67     3     8  1982     271     271  hru271         0.000       0.000       2.783       1.900            0.000            0.000            0.000           12.415           17.895           -3.765            3.042            0.525            0.100            0.000            0.000            0.000            0.000            0.000            0.000
