 Prueba3                   SWAT+ Jul 2 2024        MODULAR Rev 2024.61.0.1                                
   jday   mon   day    yr   unit  gis_id  name                     lai       bioms       yield     residue     sol_tmp       strsw       strsa     strstmp       strsn       strsp       strss        nplt       percn       pplnt         tmx         tmn       tmpav     solarad      wndspd        rhum     phubas0     lai_max      bm_max     bm_grow       c_gro
                                                             m**2/m**2        kgha        kgha        kgha        degc         ---         ---         ---         ---         ---         ---        kgha        kgha        kgha        degc        degc        degc      mj/m^2         m/s        frac        degc   m**2/m**2       kg/ha       kg/ha       kg/ha
    67     3     8  1982       1       1  hru001                 0.000       0.000       0.000     122.120      15.497       0.000       0.000       0.000       0.000       0.000       0.000       0.000      16.598       0.000      21.409      12.499      16.954       0.881       0.754       0.849       0.406       0.000       0.000       0.000       0.000
    67     3     8  1982       2       2  hru002                 0.000       0.000       0.000     110.150      15.068       0.000       0.000       0.000       0.000       0.000       0.000       0.000      13.079       0.000      21.409      12.499      16.954       0.881       0.754       0.849       0.406       0.000       0.000       0.000       0.000
    67     3     8  1982       3       3  hru003                 0.000       0.000       0.000     121.933      15.505       0.000       0.000       0.000       0.000       0.000       0.000       0.000      16.900       0.000      21.409      12.499      16.954       0.881       0.754       0.849       0.406       0.000       0.000       0.000       0.000
    67     3     8  1982       4       4  hru004                 0.000       0.000       0.000     109.425      15.079       0.000       0.000       0.000       0.000       0.000       0.000       0.000      13.759       0.000      21.409      12.499      16.954       0.881       0.754       0.849       0.406       0.000       0.000       0.000       0.000
    67     3     8  1982       5       5  hru005                 0.000       0.000       0.000     109.586      15.076       0.000       0.000       0.000       0.000       0.000       0.000       0.000      13.566       0.000      21.409      12.499      16.954       0.881       0.754       0.849       0.406       0.000       0.000       0.000       0.000
    67     3     8  1982       6       6  hru006                 0.000       0.000       0.000     110.078      15.069       0.000       0.000       0.000       0.000       0.000       0.000       0.000      13.142       0.000      21.409      12.499      16.954       0.881       0.754       0.849       0.406       0.000       0.000       0.000       0.000
    67     3     8  1982       7       7  hru007                 0.000       0.000       0.000     121.944      15.505       0.000       0.000       0.000       0.000       0.000       0.000       0.000      16.874       0.000      21.409      12.499      16.954       0.881       0.754       0.849       0.406       0.000       0.000       0.000       0.000
    67     3     8  1982       8       8  hru008                 0.000       0.000       0.000     121.781      15.508       0.000       0.000       0.000       0.000       0.000       0.000       0.000      17.012       0.000      21.409      12.499      16.954       0.881       0.754       0.849       0.406       0.000       0.000       0.000       0.000
    67     3     8  1982       9       9  hru009                 0.000       0.000       0.000     120.198      15.527       0.000       0.000       0.000       0.000       0.000       0.000       0.000      17.760       0.000      21.409      12.499      16.954       0.881       0.754       0.849       0.406       0.000       0.000       0.000       0.000
    67     3     8  1982      10      10  hru010                 0.000       0.000       0.000     121.521      15.511       0.000       0.000       0.000       0.000       0.000       0.000       0.000      17.133       0.000      21.409      12.499      16.954       0.881       0.754       0.849       0.406       0.000       0.000       0.000       0.000
    67     3     8  1982      11      11  hru011                 0.000       0.000       0.000     120.186      15.527       0.000       0.000       0.000       0.000       0.000       0.000       0.000      17.763       0.000      21.409      12.499      16.954       0.881       0.754       0.849       0.406       0.000       0.000       0.000       0.000
    67     3     8  1982      12      12  hru012                 0.000       0.000       0.000     119.361      15.536       0.000       0.000       0.000       0.000       0.000       0.000       0.000      18.087       0.000      21.409      12.499      16.954       0.881       0.754       0.849       0.406       0.000       0.000       0.000       0.000
    67     3     8  1982      13      13  hru013                 0.000       0.000       0.000     109.607      15.076       0.000       0.000       0.000       0.000       0.000       0.000       0.000      13.554       0.000      21.409      12.499      16.954       0.881       0.754       0.849       0.406       0.000       0.000       0.000       0.000
    67     3     8  1982      14      14  hru014                 0.000       0.000       0.000     110.027      15.070       0.000       0.000       0.000       0.000       0.000       0.000       0.000      13.177       0.000      21.409      12.499      16.954       0.881       0.754       0.849       0.406       0.000       0.000       0.000       0.000
    67     3     8  1982      15      15  hru015                 0.000       0.000       0.000     109.595      15.076       0.000       0.000       0.000       0.000       0.000       0.000       0.000      13.558       0.000      21.409      12.499      16.954       0.881       0.754       0.849       0.406       0.000       0.000       0.000       0.000
    67     3     8  1982      16      16  hru016                 0.000       0.000       0.000     110.111      15.068       0.000       0.000       0.000       0.000       0.000       0.000       0.000      13.138       0.000      21.409      12.499      16.954       0.881       0.754       0.849       0.406       0.000       0.000       0.000       0.000
    67     3     8  1982      17      17  hru017                 0.000       0.000       0.000     109.605      15.076       0.000       0.000       0.000       0.000       0.000       0.000       0.000      13.553       0.000      21.409      12.499      16.954       0.881       0.754       0.849       0.406       0.000       0.000       0.000       0.000
    67     3     8  1982      18      18  hru018                 0.000       0.000       0.000     109.999      15.070       0.000       0.000       0.000       0.000       0.000       0.000       0.000      13.184       0.000      21.409      12.499      16.954       0.881       0.754       0.849       0.406       0.000       0.000       0.000       0.000
    67     3     8  1982      19      19  hru019                 0.000       0.000       0.000     120.195      15.527       0.000       0.000       0.000       0.000       0.000       0.000       0.000      17.757       0.000      21.409      12.499      16.954       0.881       0.754       0.849       0.406       0.000       0.000       0.000       0.000
    67     3     8  1982      20      20  hru020                 0.000       0.000       0.000     121.633      15.509       0.000       0.000       0.000       0.000       0.000       0.000       0.000      17.076       0.000      21.409      12.499      16.954       0.881       0.754       0.849       0.406       0.000       0.000       0.000       0.000
    67     3     8  1982      21      21  hru021                 0.000       0.000       0.000     119.353      15.536       0.000       0.000       0.000       0.000       0.000       0.000       0.000      18.091       0.000      21.409      12.499      16.954       0.881       0.754       0.849       0.406       0.000       0.000       0.000       0.000
    67     3     8  1982      22      22  hru022                 0.000       0.000       0.000     120.204      15.527       0.000       0.000       0.000       0.000       0.000       0.000       0.000      17.755       0.000      21.409      12.499      16.954       0.881       0.754       0.849       0.406       0.000       0.000       0.000       0.000
    67     3     8  1982      23      23  hru023                 0.000       0.000       0.000     121.977      15.504       0.000       0.000       0.000       0.000       0.000       0.000       0.000      16.853       0.000      21.409      12.499      16.954       0.881       0.754       0.849       0.406       0.000       0.000       0.000       0.000
    67     3     8  1982      24      24  hru024                 0.000       0.000       0.000     120.204      15.527       0.000       0.000       0.000       0.000       0.000       0.000       0.000      17.756       0.000      21.409      12.499      16.954       0.881       0.754       0.849       0.406       0.000       0.000       0.000       0.000
    67     3     8  1982      25      25  hru025                 0.000       0.000       0.000     121.811      15.507       0.000       0.000       0.000       0.000       0.000       0.000       0.000      16.989       0.000      21.409      12.499      16.954       0.881       0.754       0.849       0.406       0.000       0.000       0.000       0.000
    67     3     8  1982      26      26  hru026                 0.000       0.000       0.000     121.889      15.506       0.000       0.000       0.000       0.000       0.000       0.000       0.000      16.952       0.000      21.409      12.499      16.954       0.881       0.754       0.849       0.406       0.000       0.000       0.000       0.000
    67     3     8  1982      27      27  hru027                 0.000       0.000       0.000     120.245      15.527       0.000       0.000       0.000       0.000       0.000       0.000       0.000      17.740       0.000      21.409      12.499      16.954       0.881       0.754       0.849       0.406       0.000       0.000       0.000       0.000
    67     3     8  1982      28      28  hru028                 0.000       0.000       0.000     122.074      15.500       0.000       0.000       0.000       0.000       0.000       0.000       0.000      16.733       0.000      21.409      12.499      16.954       0.881       0.754       0.849       0.406       0.000       0.000       0.000       0.000
    67     3     8  1982      29      29  hru029                 0.000       0.000       0.000     110.603      15.062       0.000       0.000       0.000       0.000       0.000       0.000       0.000      13.119       0.000      21.409      12.499      16.954       0.881       0.754       0.849       0.406       0.000       0.000       0.000       0.000
    67     3     8  1982      30      30  hru030                 0.000       0.000       0.000     110.191      15.067       0.000       0.000       0.000       0.000       0.000       0.000       0.000      13.128       0.000      21.409      12.499      16.954       0.881       0.754       0.849       0.406       0.000       0.000       0.000       0.000
    67     3     8  1982      31      31  hru031                 0.000       0.000       0.000     122.052      15.502       0.000       0.000       0.000       0.000       0.000       0.000       0.000      16.795       0.000      21.409      12.499      16.954       0.881       0.754       0.849       0.406       0.000       0.000       0.000       0.000
    67     3     8  1982      32      32  hru032                 0.000       0.000       0.000     110.299      15.066       0.000       0.000       0.000       0.000       0.000       0.000       0.000      13.098       0.000      21.409      12.499      16.954       0.881       0.754       0.849       0.406       0.000       0.000       0.000       0.000
    67     3     8  1982      33      33  hru033                 0.000       0.000       0.000     110.287      15.066       0.000       0.000       0.000       0.000       0.000       0.000       0.000      13.104       0.000      21.409      12.499      16.954       0.881       0.754       0.849       0.406       0.000       0.000       0.000       0.000
    67     3     8  1982      34      34  hru034                 0.000       0.000       0.000     110.445      15.064       0.000       0.000       0.000       0.000       0.000       0.000       0.000      13.078       0.000      21.409      12.499      16.954       0.881       0.754       0.849       0.406       0.000       0.000       0.000       0.000
    67     3     8  1982      35      35  hru035                 0.000       0.000       0.000     110.353      15.065       0.000       0.000       0.000       0.000       0.000       0.000       0.000      13.105       0.000      21.409      12.499      16.954       0.881       0.754       0.849       0.406       0.000       0.000       0.000       0.000
    67     3     8  1982      36      36  hru036                 0.000       0.000       0.000     121.438      15.512       0.000       0.000       0.000       0.000       0.000       0.000       0.000      17.167       0.000      21.409      12.499      16.954       0.881       0.754       0.849       0.406       0.000       0.000       0.000       0.000
    67     3     8  1982      37      37  hru037                 0.000       0.000       0.000     108.494      15.068       0.000       0.000       0.000       0.000       0.000       0.000       0.000       4.415       0.000      21.409      12.499      16.954       0.881       0.754       0.849       0.406       0.000       0.000       0.000       0.000
    67     3     8  1982      38      38  hru038                 0.000       0.000       0.000     121.880      15.506       0.000       0.000       0.000       0.000       0.000       0.000       0.000      16.954       0.000      21.409      12.499      16.954       0.881       0.754       0.849       0.406       0.000       0.000       0.000       0.000
    67     3     8  1982      39      39  hru039                 0.000       0.000       0.000     108.811      15.068       0.000       0.000       0.000       0.000       0.000       0.000       0.000       4.353       0.000      21.409      12.499      16.954       0.881       0.754       0.849       0.406       0.000       0.000       0.000       0.000
    67     3     8  1982      40      40  hru040                 0.000       0.000       0.000     108.547      15.068       0.000       0.000       0.000       0.000       0.000       0.000       0.000       4.410       0.000      21.409      12.499      16.954       0.881       0.754       0.849       0.406       0.000       0.000       0.000       0.000
    67     3     8  1982      41      41  hru041                 0.000       0.000       0.000     106.725      15.067       0.000       0.000       0.000       0.000       0.000       0.000       0.000       4.702       0.000      21.409      12.499      16.954       0.881       0.754       0.849       0.406       0.000       0.000       0.000       0.000
    67     3     8  1982      42      42  hru042                 0.000       0.000       0.000     122.086      15.499       0.000       0.000       0.000       0.000       0.000       0.000       0.000      16.668       0.000      21.409      12.499      16.954       0.881       0.754       0.849       0.406       0.000       0.000       0.000       0.000
    67     3     8  1982      43      43  hru043                 0.000       0.000       0.000     121.988      15.503       0.000       0.000       0.000       0.000       0.000       0.000       0.000      16.862       0.000      21.409      12.499      16.954       0.881       0.754       0.849       0.406       0.000       0.000       0.000       0.000
    67     3     8  1982      44      44  hru044                 0.000       0.000       0.000     122.008      15.503       0.000       0.000       0.000       0.000       0.000       0.000       0.000      16.813       0.000      21.409      12.499      16.954       0.881       0.754       0.849       0.406       0.000       0.000       0.000       0.000
    67     3     8  1982      45      45  hru045                 0.000       0.000       0.000     121.993      15.503       0.000       0.000       0.000       0.000       0.000       0.000       0.000      16.843       0.000      21.409      12.499      16.954       0.881       0.754       0.849       0.406       0.000       0.000       0.000       0.000
    67     3     8  1982      46      46  hru046                 0.000       0.000       0.000     121.724      15.508       0.000       0.000       0.000       0.000       0.000       0.000       0.000      17.019       0.000      21.409      12.499      16.954       0.881       0.754       0.849       0.406       0.000       0.000       0.000       0.000
    67     3     8  1982      47      47  hru047                 0.000       0.000       0.000     122.039      15.502       0.000       0.000       0.000       0.000       0.000       0.000       0.000      16.810       0.000      21.409      12.499      16.954       0.881       0.754       0.849       0.406       0.000       0.000       0.000       0.000
    67     3     8  1982      48      48  hru048                 0.000       0.000       0.000     108.747      15.068       0.000       0.000       0.000       0.000       0.000       0.000       0.000       4.370       0.000      21.409      12.499      16.954       0.881       0.754       0.849       0.406       0.000       0.000       0.000       0.000
    67     3     8  1982      49      49  hru049                 0.000       0.000       0.000     122.057      15.501       0.000       0.000       0.000       0.000       0.000       0.000       0.000      16.769       0.000      21.409      12.499      16.954       0.881       0.754       0.849       0.406       0.000       0.000       0.000       0.000
    67     3     8  1982      50      50  hru050                 0.000       0.000       0.000     122.124      15.497       0.000       0.000       0.000       0.000       0.000       0.000       0.000      16.633       0.000      21.409      12.499      16.954       0.881       0.754       0.849       0.406       0.000       0.000       0.000       0.000
    67     3     8  1982      51      51  hru051                 0.000       0.000       0.000     122.117      15.498       0.000       0.000       0.000       0.000       0.000       0.000       0.000      16.664       0.000      21.409      12.499      16.954       0.881       0.754       0.849       0.406       0.000       0.000       0.000       0.000
    67     3     8  1982      52      52  hru052                 0.000       0.000       0.000     122.144      15.497       0.000       0.000       0.000       0.000       0.000       0.000       0.000      16.619       0.000      21.409      12.499      16.954       0.881       0.754       0.849       0.406       0.000       0.000       0.000       0.000
    67     3     8  1982      53      53  hru053                 0.000       0.000       0.000     110.415      15.064       0.000       0.000       0.000       0.000       0.000       0.000       0.000      13.111       0.000      21.409      12.499      16.954       0.881       0.754       0.849       0.406       0.000       0.000       0.000       0.000
    67     3     8  1982      54      54  hru054                 0.000       0.000       0.000     110.315      15.065       0.000       0.000       0.000       0.000       0.000       0.000       0.000      13.091       0.000      21.409      12.499      16.954       0.881       0.754       0.849       0.406       0.000       0.000       0.000       0.000
    67     3     8  1982      55      55  hru055                 0.000       0.000       0.000     109.633      15.076       0.000       0.000       0.000       0.000       0.000       0.000       0.000      13.572       0.000      21.409      12.499      16.954       0.881       0.754       0.849       0.406       0.000       0.000       0.000       0.000
    67     3     8  1982      56      56  hru056                 0.000       0.000       0.000     109.470      15.078       0.000       0.000       0.000       0.000       0.000       0.000       0.000      13.770       0.000      21.409      12.499      16.954       0.881       0.754       0.849       0.406       0.000       0.000       0.000       0.000
    67     3     8  1982      57      57  hru057                 0.000       0.000       0.000     109.968      15.071       0.000       0.000       0.000       0.000       0.000       0.000       0.000      13.247       0.000      21.409      12.499      16.954       0.881       0.754       0.849       0.406       0.000       0.000       0.000       0.000
    67     3     8  1982      58      58  hru058                 0.000       0.000       0.000     109.615      15.076       0.000       0.000       0.000       0.000       0.000       0.000       0.000      13.567       0.000      21.409      12.499      16.954       0.881       0.754       0.849       0.406       0.000       0.000       0.000       0.000
    67     3     8  1982      59      59  hru059                 0.000       0.000       0.000     110.076      15.069       0.000       0.000       0.000       0.000       0.000       0.000       0.000      13.179       0.000      21.409      12.499      16.954       0.881       0.754       0.849       0.406       0.000       0.000       0.000       0.000
    67     3     8  1982      60      60  hru060                 0.000       0.000       0.000     109.949      15.071       0.000       0.000       0.000       0.000       0.000       0.000       0.000      13.274       0.000      21.409      12.499      16.954       0.881       0.754       0.849       0.406       0.000       0.000       0.000       0.000
    67     3     8  1982      61      61  hru061                 0.000       0.000       0.000     109.462      15.078       0.000       0.000       0.000       0.000       0.000       0.000       0.000      13.784       0.000      21.409      12.499      16.954       0.881       0.754       0.849       0.406       0.000       0.000       0.000       0.000
    67     3     8  1982      62      62  hru062                 0.000       0.000       0.000     109.631      15.076       0.000       0.000       0.000       0.000       0.000       0.000       0.000      13.585       0.000      21.409      12.499      16.954       0.881       0.754       0.849       0.406       0.000       0.000       0.000       0.000
    67     3     8  1982      63      63  hru063                 0.000       0.000       0.000     109.628      15.076       0.000       0.000       0.000       0.000       0.000       0.000       0.000      13.561       0.000      21.409      12.499      16.954       0.881       0.754       0.849       0.406       0.000       0.000       0.000       0.000
    67     3     8  1982      64      64  hru064                 0.000       0.000       0.000     110.013      15.070       0.000       0.000       0.000       0.000       0.000       0.000       0.000      13.206       0.000      21.409      12.499      16.954       0.881       0.754       0.849       0.406       0.000       0.000       0.000       0.000
    67     3     8  1982      65      65  hru065                 0.000       0.000       0.000     109.638      15.076       0.000       0.000       0.000       0.000       0.000       0.000       0.000      13.575       0.000      21.409      12.499      16.954       0.881       0.754       0.849       0.406       0.000       0.000       0.000       0.000
    67     3     8  1982      66      66  hru066                 0.000       0.000       0.000     110.243      15.067       0.000       0.000       0.000       0.000       0.000       0.000       0.000      13.149       0.000      21.409      12.499      16.954       0.881       0.754       0.849       0.406       0.000       0.000       0.000       0.000
    67     3     8  1982      67      67  hru067                 0.000       0.000       0.000     110.289      15.066       0.000       0.000       0.000       0.000       0.000       0.000       0.000      13.180       0.000      21.409      12.499      16.954       0.881       0.754       0.849       0.406       0.000       0.000       0.000       0.000
    67     3     8  1982      68      68  hru068                 0.000       0.000       0.000     110.324      15.065       0.000       0.000       0.000       0.000       0.000       0.000       0.000      13.181       0.000      21.409      12.499      16.954       0.881       0.754       0.849       0.406       0.000       0.000       0.000       0.000
    67     3     8  1982      69      69  hru069                 0.000       0.000       0.000     110.349      15.065       0.000       0.000       0.000       0.000       0.000       0.000       0.000      13.164       0.000      21.409      12.499      16.954       0.881       0.754       0.849       0.406       0.000       0.000       0.000       0.000
    67     3     8  1982      70      70  hru070                 0.000       0.000       0.000     110.423      15.064       0.000       0.000       0.000       0.000       0.000       0.000       0.000      13.187       0.000      21.409      12.499      16.954       0.881       0.754       0.849       0.406       0.000       0.000       0.000       0.000
    67     3     8  1982      71      71  hru071                 0.000       0.000       0.000     110.571      15.062       0.000       0.000       0.000       0.000       0.000       0.000       0.000      13.166       0.000      21.409      12.499      16.954       0.881       0.754       0.849       0.406       0.000       0.000       0.000       0.000
    67     3     8  1982      72      72  hru072                 0.000       0.000       0.000     110.584      15.062       0.000       0.000       0.000       0.000       0.000       0.000       0.000      13.185       0.000      21.409      12.499      16.954       0.881       0.754       0.849       0.406       0.000       0.000       0.000       0.000
    67     3     8  1982      73      73  hru073                 0.000       0.000       0.000     110.472      15.064       0.000       0.000       0.000       0.000       0.000       0.000       0.000      13.193       0.000      21.409      12.499      16.954       0.881       0.754       0.849       0.406       0.000       0.000       0.000       0.000
    67     3     8  1982      74      74  hru074                 0.000       0.000       0.000     110.483      15.064       0.000       0.000       0.000       0.000       0.000       0.000       0.000      13.229       0.000      21.409      12.499      16.954       0.881       0.754       0.849       0.406       0.000       0.000       0.000       0.000
    67     3     8  1982      75      75  hru075                 0.000       0.000       0.000     109.660      15.075       0.000       0.000       0.000       0.000       0.000       0.000       0.000      13.582       0.000      21.409      12.499      16.954       0.881       0.754       0.849       0.406       0.000       0.000       0.000       0.000
    67     3     8  1982      76      76  hru076                 0.000       0.000       0.000     110.249      15.067       0.000       0.000       0.000       0.000       0.000       0.000       0.000      13.185       0.000      21.409      12.499      16.954       0.881       0.754       0.849       0.406       0.000       0.000       0.000       0.000
    67     3     8  1982      77      77  hru077                 0.000       0.000       0.000      72.974      14.969       0.000       0.000       0.000       0.000       0.000       0.000       0.000      12.605       0.000      21.409      12.499      16.954       0.881       0.754       0.849       0.406       0.000       0.000       0.000       0.000
    67     3     8  1982      78      78  hru078                 0.000       0.000       0.000     110.265      15.066       0.000       0.000       0.000       0.000       0.000       0.000       0.000      13.185       0.000      21.409      12.499      16.954       0.881       0.754       0.849       0.406       0.000       0.000       0.000       0.000
    67     3     8  1982      79      79  hru079                 0.000       0.000       0.000     110.586      15.062       0.000       0.000       0.000       0.000       0.000       0.000       0.000      13.237       0.000      21.409      12.499      16.954       0.881       0.754       0.849       0.406       0.000       0.000       0.000       0.000
    67     3     8  1982      80      80  hru080                 0.000       0.000       0.000      76.488      14.966       0.000       0.000       0.000       0.000       0.000       0.000       0.000      12.235       0.000      21.409      12.499      16.954       0.881       0.754       0.849       0.406       0.000       0.000       0.000       0.000
    67     3     8  1982      81      81  hru081                 0.000       0.000       0.000      73.570      14.968       0.000       0.000       0.000       0.000       0.000       0.000       0.000      12.549       0.000      21.409      12.499      16.954       0.881       0.754       0.849       0.406       0.000       0.000       0.000       0.000
    67     3     8  1982      82      82  hru082                 0.000       0.000       0.000     110.257      15.066       0.000       0.000       0.000       0.000       0.000       0.000       0.000      13.116       0.000      21.409      12.499      16.954       0.881       0.754       0.849       0.406       0.000       0.000       0.000       0.000
    67     3     8  1982      83      83  hru083                 0.000       0.000       0.000     110.162      15.068       0.000       0.000       0.000       0.000       0.000       0.000       0.000      13.104       0.000      21.409      12.499      16.954       0.881       0.754       0.849       0.406       0.000       0.000       0.000       0.000
    67     3     8  1982      84      84  hru084                 0.000       0.000       0.000     106.872      15.067       0.000       0.000       0.000       0.000       0.000       0.000       0.000       4.704       0.000      21.409      12.499      16.954       0.881       0.754       0.849       0.406       0.000       0.000       0.000       0.000
    67     3     8  1982      85      85  hru085                 0.000       0.000       0.000     109.688      15.068       0.000       0.000       0.000       0.000       0.000       0.000       0.000       4.295       0.000      21.409      12.499      16.954       0.881       0.754       0.849       0.406       0.000       0.000       0.000       0.000
    67     3     8  1982      86      86  hru086                 0.000       0.000       0.000     108.744      15.068       0.000       0.000       0.000       0.000       0.000       0.000       0.000       4.397       0.000      21.409      12.499      16.954       0.881       0.754       0.849       0.406       0.000       0.000       0.000       0.000
    67     3     8  1982      87      87  hru087                 0.000       0.000       0.000     108.444      15.068       0.000       0.000       0.000       0.000       0.000       0.000       0.000       4.432       0.000      21.409      12.499      16.954       0.881       0.754       0.849       0.406       0.000       0.000       0.000       0.000
    67     3     8  1982      88      88  hru088                 0.000       0.000       0.000     110.370      15.065       0.000       0.000       0.000       0.000       0.000       0.000       0.000      13.098       0.000      21.409      12.499      16.954       0.881       0.754       0.849       0.406       0.000       0.000       0.000       0.000
    67     3     8  1982      89      89  hru089                 0.000       0.000       0.000     110.266      15.066       0.000       0.000       0.000       0.000       0.000       0.000       0.000      13.109       0.000      21.409      12.499      16.954       0.881       0.754       0.849       0.406       0.000       0.000       0.000       0.000
    67     3     8  1982      90      90  hru090                 0.000       0.000       0.000     110.107      15.069       0.000       0.000       0.000       0.000       0.000       0.000       0.000      13.158       0.000      21.409      12.499      16.954       0.881       0.754       0.849       0.406       0.000       0.000       0.000       0.000
    67     3     8  1982      91      91  hru091                 0.000       0.000       0.000     110.172      15.068       0.000       0.000       0.000       0.000       0.000       0.000       0.000      13.155       0.000      21.409      12.499      16.954       0.881       0.754       0.849       0.406       0.000       0.000       0.000       0.000
    67     3     8  1982      92      92  hru092                 0.000       0.000       0.000     109.641      15.076       0.000       0.000       0.000       0.000       0.000       0.000       0.000      13.576       0.000      21.409      12.499      16.954       0.881       0.754       0.849       0.406       0.000       0.000       0.000       0.000
    67     3     8  1982      93      93  hru093                 0.000       0.000       0.000     106.744      15.067       0.000       0.000       0.000       0.000       0.000       0.000       0.000       4.700       0.000      21.409      12.499      16.954       0.881       0.754       0.849       0.406       0.000       0.000       0.000       0.000
    67     3     8  1982      94      94  hru094                 0.000       0.000       0.000     108.794      15.068       0.000       0.000       0.000       0.000       0.000       0.000       0.000       4.360       0.000      21.409      12.499      16.954       0.881       0.754       0.849       0.406       0.000       0.000       0.000       0.000
    67     3     8  1982      95      95  hru095                 0.000       0.000       0.000     108.465      15.068       0.000       0.000       0.000       0.000       0.000       0.000       0.000       4.429       0.000      21.409      12.499      16.954       0.881       0.754       0.849       0.406       0.000       0.000       0.000       0.000
    67     3     8  1982      96      96  hru096                 0.000       0.000       0.000     106.739      15.067       0.000       0.000       0.000       0.000       0.000       0.000       0.000       4.701       0.000      21.409      12.499      16.954       0.881       0.754       0.849       0.406       0.000       0.000       0.000       0.000
    67     3     8  1982      97      97  hru097                 0.000       0.000       0.000     109.648      15.076       0.000       0.000       0.000       0.000       0.000       0.000       0.000      13.585       0.000      21.409      12.499      16.954       0.881       0.754       0.849       0.406       0.000       0.000       0.000       0.000
    67     3     8  1982      98      98  hru098                 0.000       0.000       0.000     110.232      15.067       0.000       0.000       0.000       0.000       0.000       0.000       0.000      13.168       0.000      21.409      12.499      16.954       0.881       0.754       0.849       0.406       0.000       0.000       0.000       0.000
    67     3     8  1982      99      99  hru099                 0.000       0.000       0.000     110.255      15.066       0.000       0.000       0.000       0.000       0.000       0.000       0.000      13.117       0.000      21.409      12.499      16.954       0.881       0.754       0.849       0.406       0.000       0.000       0.000       0.000
    67     3     8  1982     100     100  hru100                 0.000       0.000       0.000     110.357      15.065       0.000       0.000       0.000       0.000       0.000       0.000       0.000      13.117       0.000      21.409      12.499      16.954       0.881       0.754       0.849       0.406       0.000       0.000       0.000       0.000
    67     3     8  1982     101     101  hru101                 0.000       0.000       0.000     110.329      15.065       0.000       0.000       0.000       0.000       0.000       0.000       0.000      13.111       0.000      21.409      12.499      16.954       0.881       0.754       0.849       0.406       0.000       0.000       0.000       0.000
    67     3     8  1982     102     102  hru102                 0.000       0.000       0.000     110.000      15.068       0.000       0.000       0.000       0.000       0.000       0.000       0.000       4.227       0.000      21.409      12.499      16.954       0.881       0.754       0.849       0.406       0.000       0.000       0.000       0.000
    67     3     8  1982     103     103  hru103                 0.000       0.000       0.000     110.579      15.062       0.000       0.000       0.000       0.000       0.000       0.000       0.000      13.156       0.000      21.409      12.499      16.954       0.881       0.754       0.849       0.406       0.000       0.000       0.000       0.000
    67     3     8  1982     104     104  hru104                 0.000       0.000       0.000     110.825      15.060       0.000       0.000       0.000       0.000       0.000       0.000       0.000      13.160       0.000      21.409      12.499      16.954       0.881       0.754       0.849       0.406       0.000       0.000       0.000       0.000
    67     3     8  1982     105     105  hru105                 0.000       0.000       0.000     111.429      15.068       0.000       0.000       0.000       0.000       0.000       0.000       0.000       4.023       0.000      21.409      12.499      16.954       0.881       0.754       0.849       0.406       0.000       0.000       0.000       0.000
    67     3     8  1982     106     106  hru106                 0.000       0.000       0.000     110.697      15.061       0.000       0.000       0.000       0.000       0.000       0.000       0.000      13.181       0.000      21.409      12.499      16.954       0.881       0.754       0.849       0.406       0.000       0.000       0.000       0.000
    67     3     8  1982     107     107  hru107                 0.000       0.000       0.000     110.777      15.060       0.000       0.000       0.000       0.000       0.000       0.000       0.000      13.207       0.000      21.409      12.499      16.954       0.881       0.754       0.849       0.406       0.000       0.000       0.000       0.000
    67     3     8  1982     108     108  hru108                 0.000       0.000       0.000     111.333      15.068       0.000       0.000       0.000       0.000       0.000       0.000       0.000       4.054       0.000      21.409      12.499      16.954       0.881       0.754       0.849       0.406       0.000       0.000       0.000       0.000
    67     3     8  1982     109     109  hru109                 0.000       0.000       0.000     110.235      15.067       0.000       0.000       0.000       0.000       0.000       0.000       0.000      13.154       0.000      21.409      12.499      16.954       0.881       0.754       0.849       0.406       0.000       0.000       0.000       0.000
    67     3     8  1982     110     110  hru110                 0.000       0.000       0.000     110.610      15.062       0.000       0.000       0.000       0.000       0.000       0.000       0.000      13.152       0.000      21.409      12.499      16.954       0.881       0.754       0.849       0.406       0.000       0.000       0.000       0.000
    67     3     8  1982     111     111  hru111                 0.000       0.000       0.000     110.888      15.059       0.000       0.000       0.000       0.000       0.000       0.000       0.000      13.178       0.000      21.409      12.499      16.954       0.881       0.754       0.849       0.406       0.000       0.000       0.000       0.000
    67     3     8  1982     112     112  hru112                 0.000       0.000       0.000     111.454      15.068       0.000       0.000       0.000       0.000       0.000       0.000       0.000       4.015       0.000      21.409      12.499      16.954       0.881       0.754       0.849       0.406       0.000       0.000       0.000       0.000
    67     3     8  1982     113     113  hru113                 0.000       0.000       0.000     105.921      15.067       0.000       0.000       0.000       0.000       0.000       0.000       0.000       4.838       0.000      21.409      12.499      16.954       0.881       0.754       0.849       0.406       0.000       0.000       0.000       0.000
    67     3     8  1982     114     114  hru114                 0.000       0.000       0.000     106.725      15.067       0.000       0.000       0.000       0.000       0.000       0.000       0.000       4.702       0.000      21.409      12.499      16.954       0.881       0.754       0.849       0.406       0.000       0.000       0.000       0.000
    67     3     8  1982     115     115  hru115                 0.000       0.000       0.000     108.198      15.068       0.000       0.000       0.000       0.000       0.000       0.000       0.000       4.480       0.000      21.409      12.499      16.954       0.881       0.754       0.849       0.406       0.000       0.000       0.000       0.000
    67     3     8  1982     116     116  hru116                 0.000       0.000       0.000     108.728      15.068       0.000       0.000       0.000       0.000       0.000       0.000       0.000       4.374       0.000      21.409      12.499      16.954       0.881       0.754       0.849       0.406       0.000       0.000       0.000       0.000
    67     3     8  1982     117     117  hru117                 0.000       0.000       0.000     106.714      15.067       0.000       0.000       0.000       0.000       0.000       0.000       0.000       4.708       0.000      21.409      12.499      16.954       0.881       0.754       0.849       0.406       0.000       0.000       0.000       0.000
    67     3     8  1982     118     118  hru118                 0.000       0.000       0.000     108.577      15.068       0.000       0.000       0.000       0.000       0.000       0.000       0.000       4.411       0.000      21.409      12.499      16.954       0.881       0.754       0.849       0.406       0.000       0.000       0.000       0.000
    67     3     8  1982     119     119  hru119                 0.000       0.000       0.000     106.104      15.067       0.000       0.000       0.000       0.000       0.000       0.000       0.000       4.843       0.000      21.409      12.499      16.954       0.881       0.754       0.849       0.406       0.000       0.000       0.000       0.000
    67     3     8  1982     120     120  hru120                 0.000       0.000       0.000     106.867      15.067       0.000       0.000       0.000       0.000       0.000       0.000       0.000       4.712       0.000      21.409      12.499      16.954       0.881       0.754       0.849       0.406       0.000       0.000       0.000       0.000
    67     3     8  1982     121     121  hru121                 0.000       0.000       0.000     109.294      15.068       0.000       0.000       0.000       0.000       0.000       0.000       0.000       4.339       0.000      21.409      12.499      16.954       0.881       0.754       0.849       0.406       0.000       0.000       0.000       0.000
    67     3     8  1982     122     122  hru122                 0.000       0.000       0.000     108.049      15.068       0.000       0.000       0.000       0.000       0.000       0.000       0.000       4.503       0.000      21.409      12.499      16.954       0.881       0.754       0.849       0.406       0.000       0.000       0.000       0.000
    67     3     8  1982     123     123  hru123                 0.000       0.000       0.000     106.661      15.067       0.000       0.000       0.000       0.000       0.000       0.000       0.000       4.712       0.000      21.409      12.499      16.954       0.881       0.754       0.849       0.406       0.000       0.000       0.000       0.000
    67     3     8  1982     124     124  hru124                 0.000       0.000       0.000     105.907      15.067       0.000       0.000       0.000       0.000       0.000       0.000       0.000       4.840       0.000      21.409      12.499      16.954       0.881       0.754       0.849       0.406       0.000       0.000       0.000       0.000
    67     3     8  1982     125     125  hru125                 0.000       0.000       0.000     104.745      15.067       0.000       0.000       0.000       0.000       0.000       0.000       0.000       5.032       0.000      21.409      12.499      16.954       0.881       0.754       0.849       0.406       0.000       0.000       0.000       0.000
    67     3     8  1982     126     126  hru126                 0.000       0.000       0.000     105.917      15.067       0.000       0.000       0.000       0.000       0.000       0.000       0.000       4.850       0.000      21.409      12.499      16.954       0.881       0.754       0.849       0.406       0.000       0.000       0.000       0.000
    67     3     8  1982     127     127  hru127                 0.000       0.000       0.000     106.759      15.067       0.000       0.000       0.000       0.000       0.000       0.000       0.000       4.707       0.000      21.409      12.499      16.954       0.881       0.754       0.849       0.406       0.000       0.000       0.000       0.000
    67     3     8  1982     128     128  hru128                 0.000       0.000       0.000     108.552      15.068       0.000       0.000       0.000       0.000       0.000       0.000       0.000       4.416       0.000      21.409      12.499      16.954       0.881       0.754       0.849       0.406       0.000       0.000       0.000       0.000
    67     3     8  1982     129     129  hru129                 0.000       0.000       0.000     106.704      15.067       0.000       0.000       0.000       0.000       0.000       0.000       0.000       4.704       0.000      21.409      12.499      16.954       0.881       0.754       0.849       0.406       0.000       0.000       0.000       0.000
    67     3     8  1982     130     130  hru130                 0.000       0.000       0.000     108.300      15.068       0.000       0.000       0.000       0.000       0.000       0.000       0.000       4.461       0.000      21.409      12.499      16.954       0.881       0.754       0.849       0.406       0.000       0.000       0.000       0.000
    67     3     8  1982     131     131  hru131                 0.000       0.000       0.000     105.921      15.067       0.000       0.000       0.000       0.000       0.000       0.000       0.000       4.837       0.000      21.409      12.499      16.954       0.881       0.754       0.849       0.406       0.000       0.000       0.000       0.000
    67     3     8  1982     132     132  hru132                 0.000       0.000       0.000     110.091      15.069       0.000       0.000       0.000       0.000       0.000       0.000       0.000      13.200       0.000      21.409      12.499      16.954       0.881       0.754       0.849       0.406       0.000       0.000       0.000       0.000
    67     3     8  1982     133     133  hru133                 0.000       0.000       0.000     109.462      15.078       0.000       0.000       0.000       0.000       0.000       0.000       0.000      13.798       0.000      21.409      12.499      16.954       0.881       0.754       0.849       0.406       0.000       0.000       0.000       0.000
    67     3     8  1982     134     134  hru134                 0.000       0.000       0.000     109.459      15.078       0.000       0.000       0.000       0.000       0.000       0.000       0.000      13.801       0.000      21.409      12.499      16.954       0.881       0.754       0.849       0.406       0.000       0.000       0.000       0.000
    67     3     8  1982     135     135  hru135                 0.000       0.000       0.000     104.872      15.067       0.000       0.000       0.000       0.000       0.000       0.000       0.000       5.035       0.000      21.409      12.499      16.954       0.881       0.754       0.849       0.406       0.000       0.000       0.000       0.000
    67     3     8  1982     136     136  hru136                 0.000       0.000       0.000     105.963      15.067       0.000       0.000       0.000       0.000       0.000       0.000       0.000       4.859       0.000      21.409      12.499      16.954       0.881       0.754       0.849       0.406       0.000       0.000       0.000       0.000
    67     3     8  1982     137     137  hru137                 0.000       0.000       0.000     106.022      15.067       0.000       0.000       0.000       0.000       0.000       0.000       0.000       4.851       0.000      21.409      12.499      16.954       0.881       0.754       0.849       0.406       0.000       0.000       0.000       0.000
    67     3     8  1982     138     138  hru138                 0.000       0.000       0.000      71.285      14.972       0.000       0.000       0.000       0.000       0.000       0.000       0.000      13.124       0.000      21.409      12.499      16.954       0.881       0.754       0.849       0.406       0.000       0.000       0.000       0.000
    67     3     8  1982     139     139  hru139                 0.000       0.000       0.000      69.879      14.974       0.000       0.000       0.000       0.000       0.000       0.000       0.000      13.437       0.000      21.409      12.499      16.954       0.881       0.754       0.849       0.406       0.000       0.000       0.000       0.000
    67     3     8  1982     140     140  hru140                 0.000       0.000       0.000      71.581      14.972       0.000       0.000       0.000       0.000       0.000       0.000       0.000      13.020       0.000      21.409      12.499      16.954       0.881       0.754       0.849       0.406       0.000       0.000       0.000       0.000
    67     3     8  1982     141     141  hru141                 0.000       0.000       0.000     105.892      15.067       0.000       0.000       0.000       0.000       0.000       0.000       0.000       4.843       0.000      21.409      12.499      16.954       0.881       0.754       0.849       0.406       0.000       0.000       0.000       0.000
    67     3     8  1982     142     142  hru142                 0.000       0.000       0.000     106.693      15.067       0.000       0.000       0.000       0.000       0.000       0.000       0.000       4.707       0.000      21.409      12.499      16.954       0.881       0.754       0.849       0.406       0.000       0.000       0.000       0.000
    67     3     8  1982     143     143  hru143                 0.000       0.000       0.000     105.921      15.067       0.000       0.000       0.000       0.000       0.000       0.000       0.000       4.839       0.000      21.409      12.499      16.954       0.881       0.754       0.849       0.406       0.000       0.000       0.000       0.000
    67     3     8  1982     144     144  hru144                 0.000       0.000       0.000     106.693      15.067       0.000       0.000       0.000       0.000       0.000       0.000       0.000       4.709       0.000      21.409      12.499      16.954       0.881       0.754       0.849       0.406       0.000       0.000       0.000       0.000
    67     3     8  1982     145     145  hru145                 0.000       0.000       0.000     108.303      15.068       0.000       0.000       0.000       0.000       0.000       0.000       0.000       4.462       0.000      21.409      12.499      16.954       0.881       0.754       0.849       0.406       0.000       0.000       0.000       0.000
    67     3     8  1982     146     146  hru146                 0.000       0.000       0.000     104.898      15.067       0.000       0.000       0.000       0.000       0.000       0.000       0.000       5.036       0.000      21.409      12.499      16.954       0.881       0.754       0.849       0.406       0.000       0.000       0.000       0.000
    67     3     8  1982     147     147  hru147                 0.000       0.000       0.000     105.939      15.067       0.000       0.000       0.000       0.000       0.000       0.000       0.000       4.868       0.000      21.409      12.499      16.954       0.881       0.754       0.849       0.406       0.000       0.000       0.000       0.000
    67     3     8  1982     148     148  hru148                 0.000       0.000       0.000      71.679      14.972       0.000       0.000       0.000       0.000       0.000       0.000       0.000      13.001       0.000      21.409      12.499      16.954       0.881       0.754       0.849       0.406       0.000       0.000       0.000       0.000
    67     3     8  1982     149     149  hru149                 0.000       0.000       0.000      69.875      14.974       0.000       0.000       0.000       0.000       0.000       0.000       0.000      13.444       0.000      21.409      12.499      16.954       0.881       0.754       0.849       0.406       0.000       0.000       0.000       0.000
    67     3     8  1982     150     150  hru150                 0.000       0.000       0.000      68.210      14.975       0.000       0.000       0.000       0.000       0.000       0.000       0.000      13.678       0.000      21.409      12.499      16.954       0.881       0.754       0.849       0.406       0.000       0.000       0.000       0.000
    67     3     8  1982     151     151  hru151                 0.000       0.000       0.000     106.003      15.067       0.000       0.000       0.000       0.000       0.000       0.000       0.000       4.840       0.000      21.409      12.499      16.954       0.881       0.754       0.849       0.406       0.000       0.000       0.000       0.000
    67     3     8  1982     152     152  hru152                 0.000       0.000       0.000     106.771      15.067       0.000       0.000       0.000       0.000       0.000       0.000       0.000       4.708       0.000      21.409      12.499      16.954       0.881       0.754       0.849       0.406       0.000       0.000       0.000       0.000
    67     3     8  1982     153     153  hru153                 0.000       0.000       0.000     108.351      15.068       0.000       0.000       0.000       0.000       0.000       0.000       0.000       4.461       0.000      21.409      12.499      16.954       0.881       0.754       0.849       0.406       0.000       0.000       0.000       0.000
    67     3     8  1982     154     154  hru154                 0.000       0.000       0.000     105.957      15.067       0.000       0.000       0.000       0.000       0.000       0.000       0.000       4.848       0.000      21.409      12.499      16.954       0.881       0.754       0.849       0.406       0.000       0.000       0.000       0.000
    67     3     8  1982     155     155  hru155                 0.000       0.000       0.000     106.042      15.067       0.000       0.000       0.000       0.000       0.000       0.000       0.000       4.848       0.000      21.409      12.499      16.954       0.881       0.754       0.849       0.406       0.000       0.000       0.000       0.000
    67     3     8  1982     156     156  hru156                 0.000       0.000       0.000     106.789      15.067       0.000       0.000       0.000       0.000       0.000       0.000       0.000       4.718       0.000      21.409      12.499      16.954       0.881       0.754       0.849       0.406       0.000       0.000       0.000       0.000
    67     3     8  1982     157     157  hru157                 0.000       0.000       0.000     109.083      15.068       0.000       0.000       0.000       0.000       0.000       0.000       0.000       4.351       0.000      21.409      12.499      16.954       0.881       0.754       0.849       0.406       0.000       0.000       0.000       0.000
    67     3     8  1982     158     158  hru158                 0.000       0.000       0.000     106.723      15.067       0.000       0.000       0.000       0.000       0.000       0.000       0.000       4.702       0.000      21.409      12.499      16.954       0.881       0.754       0.849       0.406       0.000       0.000       0.000       0.000
    67     3     8  1982     159     159  hru159                 0.000       0.000       0.000     105.905      15.067       0.000       0.000       0.000       0.000       0.000       0.000       0.000       4.841       0.000      21.409      12.499      16.954       0.881       0.754       0.849       0.406       0.000       0.000       0.000       0.000
    67     3     8  1982     160     160  hru160                 0.000       0.000       0.000     108.061      15.068       0.000       0.000       0.000       0.000       0.000       0.000       0.000       4.499       0.000      21.409      12.499      16.954       0.881       0.754       0.849       0.406       0.000       0.000       0.000       0.000
    67     3     8  1982     161     161  hru161                 0.000       0.000       0.000     109.761      15.068       0.000       0.000       0.000       0.000       0.000       0.000       0.000       4.290       0.000      21.409      12.499      16.954       0.881       0.754       0.849       0.406       0.000       0.000       0.000       0.000
    67     3     8  1982     162     162  hru162                 0.000       0.000       0.000     106.896      15.068       0.000       0.000       0.000       0.000       0.000       0.000       0.000       4.708       0.000      21.409      12.499      16.954       0.881       0.754       0.849       0.406       0.000       0.000       0.000       0.000
    67     3     8  1982     163     163  hru163                 0.000       0.000       0.000     108.551      15.068       0.000       0.000       0.000       0.000       0.000       0.000       0.000       4.434       0.000      21.409      12.499      16.954       0.881       0.754       0.849       0.406       0.000       0.000       0.000       0.000
    67     3     8  1982     164     164  hru164                 0.000       0.000       0.000     108.804      15.068       0.000       0.000       0.000       0.000       0.000       0.000       0.000       4.366       0.000      21.409      12.499      16.954       0.881       0.754       0.849       0.406       0.000       0.000       0.000       0.000
    67     3     8  1982     165     165  hru165                 0.000       0.000       0.000     105.993      15.067       0.000       0.000       0.000       0.000       0.000       0.000       0.000       4.830       0.000      21.409      12.499      16.954       0.881       0.754       0.849       0.406       0.000       0.000       0.000       0.000
    67     3     8  1982     166     166  hru166                 0.000       0.000       0.000     108.181      15.068       0.000       0.000       0.000       0.000       0.000       0.000       0.000       4.485       0.000      21.409      12.499      16.954       0.881       0.754       0.849       0.406       0.000       0.000       0.000       0.000
    67     3     8  1982     167     167  hru167                 0.000       0.000       0.000     106.736      15.067       0.000       0.000       0.000       0.000       0.000       0.000       0.000       4.705       0.000      21.409      12.499      16.954       0.881       0.754       0.849       0.406       0.000       0.000       0.000       0.000
    67     3     8  1982     168     168  hru168                 0.000       0.000       0.000     106.721      15.067       0.000       0.000       0.000       0.000       0.000       0.000       0.000       4.707       0.000      21.409      12.499      16.954       0.881       0.754       0.849       0.406       0.000       0.000       0.000       0.000
    67     3     8  1982     169     169  hru169                 0.000       0.000       0.000     109.499      15.068       0.000       0.000       0.000       0.000       0.000       0.000       0.000       4.293       0.000      21.409      12.499      16.954       0.881       0.754       0.849       0.406       0.000       0.000       0.000       0.000
    67     3     8  1982     170     170  hru170                 0.000       0.000       0.000     108.585      15.068       0.000       0.000       0.000       0.000       0.000       0.000       0.000       4.419       0.000      21.409      12.499      16.954       0.881       0.754       0.849       0.406       0.000       0.000       0.000       0.000
    67     3     8  1982     171     171  hru171                 0.000       0.000       0.000     106.847      15.067       0.000       0.000       0.000       0.000       0.000       0.000       0.000       4.701       0.000      21.409      12.499      16.954       0.881       0.754       0.849       0.406       0.000       0.000       0.000       0.000
    67     3     8  1982     172     172  hru172                 0.000       0.000       0.000     110.145      15.068       0.000       0.000       0.000       0.000       0.000       0.000       0.000       4.200       0.000      21.409      12.499      16.954       0.881       0.754       0.849       0.406       0.000       0.000       0.000       0.000
    67     3     8  1982     173     173  hru173                 0.000       0.000       0.000     106.052      15.067       0.000       0.000       0.000       0.000       0.000       0.000       0.000       4.847       0.000      21.409      12.499      16.954       0.881       0.754       0.849       0.406       0.000       0.000       0.000       0.000
    67     3     8  1982     174     174  hru174                 0.000       0.000       0.000     106.869      15.067       0.000       0.000       0.000       0.000       0.000       0.000       0.000       4.708       0.000      21.409      12.499      16.954       0.881       0.754       0.849       0.406       0.000       0.000       0.000       0.000
    67     3     8  1982     175     175  hru175                 0.000       0.000       0.000     109.860      15.068       0.000       0.000       0.000       0.000       0.000       0.000       0.000       4.273       0.000      21.409      12.499      16.954       0.881       0.754       0.849       0.406       0.000       0.000       0.000       0.000
    67     3     8  1982     176     176  hru176                 0.000       0.000       0.000     110.157      15.068       0.000       0.000       0.000       0.000       0.000       0.000       0.000      13.202       0.000      21.409      12.499      16.954       0.881       0.754       0.849       0.406       0.000       0.000       0.000       0.000
    67     3     8  1982     177     177  hru177                 0.000       0.000       0.000     110.373      15.065       0.000       0.000       0.000       0.000       0.000       0.000       0.000      13.140       0.000      21.409      12.499      16.954       0.881       0.754       0.849       0.406       0.000       0.000       0.000       0.000
    67     3     8  1982     178     178  hru178                 0.000       0.000       0.000     110.046      15.068       0.000       0.000       0.000       0.000       0.000       0.000       0.000       4.239       0.000      21.409      12.499      16.954       0.881       0.754       0.849       0.406       0.000       0.000       0.000       0.000
    67     3     8  1982     179     179  hru179                 0.000       0.000       0.000     110.307      15.066       0.000       0.000       0.000       0.000       0.000       0.000       0.000      13.193       0.000      21.409      12.499      16.954       0.881       0.754       0.849       0.406       0.000       0.000       0.000       0.000
    67     3     8  1982     180     180  hru180                 0.000       0.000       0.000     110.912      15.068       0.000       0.000       0.000       0.000       0.000       0.000       0.000       4.100       0.000      21.409      12.499      16.954       0.881       0.754       0.849       0.406       0.000       0.000       0.000       0.000
    67     3     8  1982     181     181  hru181                 0.000       0.000       0.000     110.229      15.067       0.000       0.000       0.000       0.000       0.000       0.000       0.000      13.148       0.000      21.409      12.499      16.954       0.881       0.754       0.849       0.406       0.000       0.000       0.000       0.000
    67     3     8  1982     182     182  hru182                 0.000       0.000       0.000     110.532      15.063       0.000       0.000       0.000       0.000       0.000       0.000       0.000      13.194       0.000      21.409      12.499      16.954       0.881       0.754       0.849       0.406       0.000       0.000       0.000       0.000
    67     3     8  1982     183     183  hru183                 0.000       0.000       0.000     105.956      15.067       0.000       0.000       0.000       0.000       0.000       0.000       0.000       4.833       0.000      21.409      12.499      16.954       0.881       0.754       0.849       0.406       0.000       0.000       0.000       0.000
    67     3     8  1982     184     184  hru184                 0.000       0.000       0.000     108.483      15.068       0.000       0.000       0.000       0.000       0.000       0.000       0.000       4.424       0.000      21.409      12.499      16.954       0.881       0.754       0.849       0.406       0.000       0.000       0.000       0.000
    67     3     8  1982     185     185  hru185                 0.000       0.000       0.000     106.719      15.067       0.000       0.000       0.000       0.000       0.000       0.000       0.000       4.704       0.000      21.409      12.499      16.954       0.881       0.754       0.849       0.406       0.000       0.000       0.000       0.000
    67     3     8  1982     186     186  hru186                 0.000       0.000       0.000     108.335      15.068       0.000       0.000       0.000       0.000       0.000       0.000       0.000       4.459       0.000      21.409      12.499      16.954       0.881       0.754       0.849       0.406       0.000       0.000       0.000       0.000
    67     3     8  1982     187     187  hru187                 0.000       0.000       0.000     108.476      15.068       0.000       0.000       0.000       0.000       0.000       0.000       0.000       4.426       0.000      21.409      12.499      16.954       0.881       0.754       0.849       0.406       0.000       0.000       0.000       0.000
    67     3     8  1982     188     188  hru188                 0.000       0.000       0.000     106.768      15.067       0.000       0.000       0.000       0.000       0.000       0.000       0.000       4.701       0.000      21.409      12.499      16.954       0.881       0.754       0.849       0.406       0.000       0.000       0.000       0.000
    67     3     8  1982     189     189  hru189                 0.000       0.000       0.000     106.785      15.067       0.000       0.000       0.000       0.000       0.000       0.000       0.000       4.702       0.000      21.409      12.499      16.954       0.881       0.754       0.849       0.406       0.000       0.000       0.000       0.000
    67     3     8  1982     190     190  hru190                 0.000       0.000       0.000     108.477      15.068       0.000       0.000       0.000       0.000       0.000       0.000       0.000       4.431       0.000      21.409      12.499      16.954       0.881       0.754       0.849       0.406       0.000       0.000       0.000       0.000
    67     3     8  1982     191     191  hru191                 0.000       0.000       0.000     108.532      15.068       0.000       0.000       0.000       0.000       0.000       0.000       0.000       4.420       0.000      21.409      12.499      16.954       0.881       0.754       0.849       0.406       0.000       0.000       0.000       0.000
    67     3     8  1982     192     192  hru192                 0.000       0.000       0.000     110.699      15.061       0.000       0.000       0.000       0.000       0.000       0.000       0.000      13.228       0.000      21.409      12.499      16.954       0.881       0.754       0.849       0.406       0.000       0.000       0.000       0.000
    67     3     8  1982     193     193  hru193                 0.000       0.000       0.000      72.907      14.969       0.000       0.000       0.000       0.000       0.000       0.000       0.000      12.595       0.000      21.409      12.499      16.954       0.881       0.754       0.849       0.406       0.000       0.000       0.000       0.000
    67     3     8  1982     194     194  hru194                 0.000       0.000       0.000     109.668      15.075       0.000       0.000       0.000       0.000       0.000       0.000       0.000      13.596       0.000      21.409      12.499      16.954       0.881       0.754       0.849       0.406       0.000       0.000       0.000       0.000
    67     3     8  1982     195     195  hru195                 0.000       0.000       0.000     110.505      15.063       0.000       0.000       0.000       0.000       0.000       0.000       0.000      13.193       0.000      21.409      12.499      16.954       0.881       0.754       0.849       0.406       0.000       0.000       0.000       0.000
    67     3     8  1982     196     196  hru196                 0.000       0.000       0.000     110.399      15.064       0.000       0.000       0.000       0.000       0.000       0.000       0.000      13.199       0.000      21.409      12.499      16.954       0.881       0.754       0.849       0.406       0.000       0.000       0.000       0.000
    67     3     8  1982     197     197  hru197                 0.000       0.000       0.000     110.405      15.064       0.000       0.000       0.000       0.000       0.000       0.000       0.000      13.203       0.000      21.409      12.499      16.954       0.881       0.754       0.849       0.406       0.000       0.000       0.000       0.000
    67     3     8  1982     198     198  hru198                 0.000       0.000       0.000      72.211      14.970       0.000       0.000       0.000       0.000       0.000       0.000       0.000      12.862       0.000      21.409      12.499      16.954       0.881       0.754       0.849       0.406       0.000       0.000       0.000       0.000
    67     3     8  1982     199     199  hru199                 0.000       0.000       0.000      72.527      14.969       0.000       0.000       0.000       0.000       0.000       0.000       0.000      12.712       0.000      21.409      12.499      16.954       0.881       0.754       0.849       0.406       0.000       0.000       0.000       0.000
    67     3     8  1982     200     200  hru200                 0.000       0.000       0.000      72.427      14.970       0.000       0.000       0.000       0.000       0.000       0.000       0.000      12.742       0.000      21.409      12.499      16.954       0.881       0.754       0.849       0.406       0.000       0.000       0.000       0.000
    67     3     8  1982     201     201  hru201                 0.000       0.000       0.000      72.926      14.969       0.000       0.000       0.000       0.000       0.000       0.000       0.000      12.597       0.000      21.409      12.499      16.954       0.881       0.754       0.849       0.406       0.000       0.000       0.000       0.000
    67     3     8  1982     202     202  hru202                 0.000       0.000       0.000      73.459      14.968       0.000       0.000       0.000       0.000       0.000       0.000       0.000      12.512       0.000      21.409      12.499      16.954       0.881       0.754       0.849       0.406       0.000       0.000       0.000       0.000
    67     3     8  1982     203     203  hru203                 0.000       0.000       0.000     110.547      15.063       0.000       0.000       0.000       0.000       0.000       0.000       0.000      13.238       0.000      21.409      12.499      16.954       0.881       0.754       0.849       0.406       0.000       0.000       0.000       0.000
    67     3     8  1982     204     204  hru204                 0.000       0.000       0.000      74.722      14.967       0.000       0.000       0.000       0.000       0.000       0.000       0.000      12.386       0.000      21.409      12.499      16.954       0.881       0.754       0.849       0.406       0.000       0.000       0.000       0.000
    67     3     8  1982     205     205  hru205                 0.000       0.000       0.000      75.451      14.967       0.000       0.000       0.000       0.000       0.000       0.000       0.000      12.326       0.000      21.409      12.499      16.954       0.881       0.754       0.849       0.406       0.000       0.000       0.000       0.000
    67     3     8  1982     206     206  hru206                 0.000       0.000       0.000      74.451      14.967       0.000       0.000       0.000       0.000       0.000       0.000       0.000      12.470       0.000      21.409      12.499      16.954       0.881       0.754       0.849       0.406       0.000       0.000       0.000       0.000
    67     3     8  1982     207     207  hru207                 0.000       0.000       0.000     110.737      15.061       0.000       0.000       0.000       0.000       0.000       0.000       0.000      13.255       0.000      21.409      12.499      16.954       0.881       0.754       0.849       0.406       0.000       0.000       0.000       0.000
    67     3     8  1982     208     208  hru208                 0.000       0.000       0.000     110.686      15.061       0.000       0.000       0.000       0.000       0.000       0.000       0.000      13.257       0.000      21.409      12.499      16.954       0.881       0.754       0.849       0.406       0.000       0.000       0.000       0.000
    67     3     8  1982     209     209  hru209                 0.000       0.000       0.000     110.379      15.065       0.000       0.000       0.000       0.000       0.000       0.000       0.000      13.286       0.000      21.409      12.499      16.954       0.881       0.754       0.849       0.406       0.000       0.000       0.000       0.000
    67     3     8  1982     210     210  hru210                 0.000       0.000       0.000     110.651      15.062       0.000       0.000       0.000       0.000       0.000       0.000       0.000      13.266       0.000      21.409      12.499      16.954       0.881       0.754       0.849       0.406       0.000       0.000       0.000       0.000
    67     3     8  1982     211     211  hru211                 0.000       0.000       0.000     110.797      15.060       0.000       0.000       0.000       0.000       0.000       0.000       0.000      13.266       0.000      21.409      12.499      16.954       0.881       0.754       0.849       0.406       0.000       0.000       0.000       0.000
    67     3     8  1982     212     212  hru212                 0.000       0.000       0.000     115.887      15.269       0.000       0.000       0.000       0.000       0.000       0.000       0.000      13.053       0.000      21.409      12.499      16.954       0.881       0.754       0.849       0.406       0.000       0.000       0.000       0.000
    67     3     8  1982     213     213  hru213                 0.000       0.000       0.000      73.404      14.968       0.000       0.000       0.000       0.000       0.000       0.000       0.000      12.573       0.000      21.409      12.499      16.954       0.881       0.754       0.849       0.406       0.000       0.000       0.000       0.000
    67     3     8  1982     214     214  hru214                 0.000       0.000       0.000      73.511      14.968       0.000       0.000       0.000       0.000       0.000       0.000       0.000      12.521       0.000      21.409      12.499      16.954       0.881       0.754       0.849       0.406       0.000       0.000       0.000       0.000
    67     3     8  1982     215     215  hru215                 0.000       0.000       0.000      73.460      14.968       0.000       0.000       0.000       0.000       0.000       0.000       0.000      12.542       0.000      21.409      12.499      16.954       0.881       0.754       0.849       0.406       0.000       0.000       0.000       0.000
    67     3     8  1982     216     216  hru216                 0.000       0.000       0.000      72.593      14.969       0.000       0.000       0.000       0.000       0.000       0.000       0.000      12.693       0.000      21.409      12.499      16.954       0.881       0.754       0.849       0.406       0.000       0.000       0.000       0.000
    67     3     8  1982     217     217  hru217                 0.000       0.000       0.000      74.531      14.967       0.000       0.000       0.000       0.000       0.000       0.000       0.000      12.436       0.000      21.409      12.499      16.954       0.881       0.754       0.849       0.406       0.000       0.000       0.000       0.000
    67     3     8  1982     218     218  hru218                 0.000       0.000       0.000      73.682      14.968       0.000       0.000       0.000       0.000       0.000       0.000       0.000      12.553       0.000      21.409      12.499      16.954       0.881       0.754       0.849       0.406       0.000       0.000       0.000       0.000
    67     3     8  1982     219     219  hru219                 0.000       0.000       0.000     113.593      15.289       0.000       0.000       0.000       0.000       0.000       0.000       0.000      14.283       0.000      21.409      12.499      16.954       0.881       0.754       0.849       0.406       0.000       0.000       0.000       0.000
    67     3     8  1982     220     220  hru220                 0.000       0.000       0.000     113.982      15.285       0.000       0.000       0.000       0.000       0.000       0.000       0.000      14.013       0.000      21.409      12.499      16.954       0.881       0.754       0.849       0.406       0.000       0.000       0.000       0.000
    67     3     8  1982     221     221  hru221                 0.000       0.000       0.000     106.805      15.067       0.000       0.000       0.000       0.000       0.000       0.000       0.000       4.699       0.000      21.409      12.499      16.954       0.881       0.754       0.849       0.406       0.000       0.000       0.000       0.000
    67     3     8  1982     222     222  hru222                 0.000       0.000       0.000     108.334      15.068       0.000       0.000       0.000       0.000       0.000       0.000       0.000       4.464       0.000      21.409      12.499      16.954       0.881       0.754       0.849       0.406       0.000       0.000       0.000       0.000
    67     3     8  1982     223     223  hru223                 0.000       0.000       0.000     106.824      15.067       0.000       0.000       0.000       0.000       0.000       0.000       0.000       4.705       0.000      21.409      12.499      16.954       0.881       0.754       0.849       0.406       0.000       0.000       0.000       0.000
    67     3     8  1982     224     224  hru224                 0.000       0.000       0.000     108.387      15.068       0.000       0.000       0.000       0.000       0.000       0.000       0.000       4.461       0.000      21.409      12.499      16.954       0.881       0.754       0.849       0.406       0.000       0.000       0.000       0.000
    67     3     8  1982     225     225  hru225                 0.000       0.000       0.000     109.905      15.068       0.000       0.000       0.000       0.000       0.000       0.000       0.000       4.258       0.000      21.409      12.499      16.954       0.881       0.754       0.849       0.406       0.000       0.000       0.000       0.000
    67     3     8  1982     226     226  hru226                 0.000       0.000       0.000     106.730      15.067       0.000       0.000       0.000       0.000       0.000       0.000       0.000       4.704       0.000      21.409      12.499      16.954       0.881       0.754       0.849       0.406       0.000       0.000       0.000       0.000
    67     3     8  1982     227     227  hru227                 0.000       0.000       0.000     108.671      15.068       0.000       0.000       0.000       0.000       0.000       0.000       0.000       4.391       0.000      21.409      12.499      16.954       0.881       0.754       0.849       0.406       0.000       0.000       0.000       0.000
    67     3     8  1982     228     228  hru228                 0.000       0.000       0.000     105.920      15.067       0.000       0.000       0.000       0.000       0.000       0.000       0.000       4.839       0.000      21.409      12.499      16.954       0.881       0.754       0.849       0.406       0.000       0.000       0.000       0.000
    67     3     8  1982     229     229  hru229                 0.000       0.000       0.000     106.804      15.067       0.000       0.000       0.000       0.000       0.000       0.000       0.000       4.704       0.000      21.409      12.499      16.954       0.881       0.754       0.849       0.406       0.000       0.000       0.000       0.000
    67     3     8  1982     230     230  hru230                 0.000       0.000       0.000     107.892      15.068       0.000       0.000       0.000       0.000       0.000       0.000       0.000       4.533       0.000      21.409      12.499      16.954       0.881       0.754       0.849       0.406       0.000       0.000       0.000       0.000
    67     3     8  1982     231     231  hru231                 0.000       0.000       0.000     106.054      15.067       0.000       0.000       0.000       0.000       0.000       0.000       0.000       4.834       0.000      21.409      12.499      16.954       0.881       0.754       0.849       0.406       0.000       0.000       0.000       0.000
    67     3     8  1982     232     232  hru232                 0.000       0.000       0.000     105.906      15.067       0.000       0.000       0.000       0.000       0.000       0.000       0.000       4.842       0.000      21.409      12.499      16.954       0.881       0.754       0.849       0.406       0.000       0.000       0.000       0.000
    67     3     8  1982     233     233  hru233                 0.000       0.000       0.000     108.631      15.068       0.000       0.000       0.000       0.000       0.000       0.000       0.000       4.405       0.000      21.409      12.499      16.954       0.881       0.754       0.849       0.406       0.000       0.000       0.000       0.000
    67     3     8  1982     234     234  hru234                 0.000       0.000       0.000     108.269      15.068       0.000       0.000       0.000       0.000       0.000       0.000       0.000       4.472       0.000      21.409      12.499      16.954       0.881       0.754       0.849       0.406       0.000       0.000       0.000       0.000
    67     3     8  1982     235     235  hru235                 0.000       0.000       0.000     106.749      15.067       0.000       0.000       0.000       0.000       0.000       0.000       0.000       4.700       0.000      21.409      12.499      16.954       0.881       0.754       0.849       0.406       0.000       0.000       0.000       0.000
    67     3     8  1982     236     236  hru236                 0.000       0.000       0.000     109.089      15.068       0.000       0.000       0.000       0.000       0.000       0.000       0.000       4.349       0.000      21.409      12.499      16.954       0.881       0.754       0.849       0.406       0.000       0.000       0.000       0.000
    67     3     8  1982     237     237  hru237                 0.000       0.000       0.000     111.188      15.068       0.000       0.000       0.000       0.000       0.000       0.000       0.000       4.057       0.000      21.409      12.499      16.954       0.881       0.754       0.849       0.406       0.000       0.000       0.000       0.000
    67     3     8  1982     238     238  hru238                 0.000       0.000       0.000     108.630      15.068       0.000       0.000       0.000       0.000       0.000       0.000       0.000       4.412       0.000      21.409      12.499      16.954       0.881       0.754       0.849       0.406       0.000       0.000       0.000       0.000
    67     3     8  1982     239     239  hru239                 0.000       0.000       0.000     106.862      15.067       0.000       0.000       0.000       0.000       0.000       0.000       0.000       4.702       0.000      21.409      12.499      16.954       0.881       0.754       0.849       0.406       0.000       0.000       0.000       0.000
    67     3     8  1982     240     240  hru240                 0.000       0.000       0.000     108.806      15.068       0.000       0.000       0.000       0.000       0.000       0.000       0.000       4.392       0.000      21.409      12.499      16.954       0.881       0.754       0.849       0.406       0.000       0.000       0.000       0.000
    67     3     8  1982     241     241  hru241                 0.000       0.000       0.000     111.333      15.068       0.000       0.000       0.000       0.000       0.000       0.000       0.000       4.032       0.000      21.409      12.499      16.954       0.881       0.754       0.849       0.406       0.000       0.000       0.000       0.000
    67     3     8  1982     242     242  hru242                 0.000       0.000       0.000     110.747      15.068       0.000       0.000       0.000       0.000       0.000       0.000       0.000       4.125       0.000      21.409      12.499      16.954       0.881       0.754       0.849       0.406       0.000       0.000       0.000       0.000
    67     3     8  1982     243     243  hru243                 0.000       0.000       0.000     110.586      15.062       0.000       0.000       0.000       0.000       0.000       0.000       0.000      13.194       0.000      21.409      12.499      16.954       0.881       0.754       0.849       0.406       0.000       0.000       0.000       0.000
    67     3     8  1982     244     244  hru244                 0.000       0.000       0.000     110.295      15.066       0.000       0.000       0.000       0.000       0.000       0.000       0.000      13.252       0.000      21.409      12.499      16.954       0.881       0.754       0.849       0.406       0.000       0.000       0.000       0.000
    67     3     8  1982     245     245  hru245                 0.000       0.000       0.000     110.384      15.065       0.000       0.000       0.000       0.000       0.000       0.000       0.000      13.230       0.000      21.409      12.499      16.954       0.881       0.754       0.849       0.406       0.000       0.000       0.000       0.000
    67     3     8  1982     246     246  hru246                 0.000       0.000       0.000     110.473      15.064       0.000       0.000       0.000       0.000       0.000       0.000       0.000      13.236       0.000      21.409      12.499      16.954       0.881       0.754       0.849       0.406       0.000       0.000       0.000       0.000
    67     3     8  1982     247     247  hru247                 0.000       0.000       0.000     110.323      15.066       0.000       0.000       0.000       0.000       0.000       0.000       0.000      13.281       0.000      21.409      12.499      16.954       0.881       0.754       0.849       0.406       0.000       0.000       0.000       0.000
    67     3     8  1982     248     248  hru248                 0.000       0.000       0.000     109.574      15.077       0.000       0.000       0.000       0.000       0.000       0.000       0.000      13.856       0.000      21.409      12.499      16.954       0.881       0.754       0.849       0.406       0.000       0.000       0.000       0.000
    67     3     8  1982     249     249  hru249                 0.000       0.000       0.000     108.858      15.080       0.000       0.000       0.000       0.000       0.000       0.000       0.000      14.172       0.000      21.409      12.499      16.954       0.881       0.754       0.849       0.406       0.000       0.000       0.000       0.000
    67     3     8  1982     250     250  hru250                 0.000       0.000       0.000     110.566      15.063       0.000       0.000       0.000       0.000       0.000       0.000       0.000      13.269       0.000      21.409      12.499      16.954       0.881       0.754       0.849       0.406       0.000       0.000       0.000       0.000
    67     3     8  1982     251     251  hru251                 0.000       0.000       0.000     109.566      15.077       0.000       0.000       0.000       0.000       0.000       0.000       0.000      13.870       0.000      21.409      12.499      16.954       0.881       0.754       0.849       0.406       0.000       0.000       0.000       0.000
    67     3     8  1982     252     252  hru252                 0.000       0.000       0.000     109.485      15.078       0.000       0.000       0.000       0.000       0.000       0.000       0.000      13.792       0.000      21.409      12.499      16.954       0.881       0.754       0.849       0.406       0.000       0.000       0.000       0.000
    67     3     8  1982     253     253  hru253                 0.000       0.000       0.000     110.339      15.065       0.000       0.000       0.000       0.000       0.000       0.000       0.000      13.176       0.000      21.409      12.499      16.954       0.881       0.754       0.849       0.406       0.000       0.000       0.000       0.000
    67     3     8  1982     254     254  hru254                 0.000       0.000       0.000     109.656      15.075       0.000       0.000       0.000       0.000       0.000       0.000       0.000      13.591       0.000      21.409      12.499      16.954       0.881       0.754       0.849       0.406       0.000       0.000       0.000       0.000
    67     3     8  1982     255     255  hru255                 0.000       0.000       0.000     110.539      15.063       0.000       0.000       0.000       0.000       0.000       0.000       0.000      13.246       0.000      21.409      12.499      16.954       0.881       0.754       0.849       0.406       0.000       0.000       0.000       0.000
    67     3     8  1982     256     256  hru256                 0.000       0.000       0.000     110.605      15.062       0.000       0.000       0.000       0.000       0.000       0.000       0.000      13.232       0.000      21.409      12.499      16.954       0.881       0.754       0.849       0.406       0.000       0.000       0.000       0.000
    67     3     8  1982     257     257  hru257                 0.000       0.000       0.000     109.683      15.075       0.000       0.000       0.000       0.000       0.000       0.000       0.000      13.599       0.000      21.409      12.499      16.954       0.881       0.754       0.849       0.406       0.000       0.000       0.000       0.000
    67     3     8  1982     258     258  hru258                 0.000       0.000       0.000     110.334      15.065       0.000       0.000       0.000       0.000       0.000       0.000       0.000      13.199       0.000      21.409      12.499      16.954       0.881       0.754       0.849       0.406       0.000       0.000       0.000       0.000
    67     3     8  1982     259     259  hru259                 0.000       0.000       0.000     110.264      15.066       0.000       0.000       0.000       0.000       0.000       0.000       0.000      13.196       0.000      21.409      12.499      16.954       0.881       0.754       0.849       0.406       0.000       0.000       0.000       0.000
    67     3     8  1982     260     260  hru260                 0.000       0.000       0.000     109.682      15.075       0.000       0.000       0.000       0.000       0.000       0.000       0.000      13.595       0.000      21.409      12.499      16.954       0.881       0.754       0.849       0.406       0.000       0.000       0.000       0.000
    67     3     8  1982     261     261  hru261                 0.000       0.000       0.000     109.483      15.078       0.000       0.000       0.000       0.000       0.000       0.000       0.000      13.798       0.000      21.409      12.499      16.954       0.881       0.754       0.849       0.406       0.000       0.000       0.000       0.000
    67     3     8  1982     262     262  hru262                 0.000       0.000       0.000     109.656      15.075       0.000       0.000       0.000       0.000       0.000       0.000       0.000      13.598       0.000      21.409      12.499      16.954       0.881       0.754       0.849       0.406       0.000       0.000       0.000       0.000
    67     3     8  1982     263     263  hru263                 0.000       0.000       0.000     110.048      15.069       0.000       0.000       0.000       0.000       0.000       0.000       0.000      13.246       0.000      21.409      12.499      16.954       0.881       0.754       0.849       0.406       0.000       0.000       0.000       0.000
    67     3     8  1982     264     264  hru264                 0.000       0.000       0.000     110.146      15.068       0.000       0.000       0.000       0.000       0.000       0.000       0.000      13.194       0.000      21.409      12.499      16.954       0.881       0.754       0.849       0.406       0.000       0.000       0.000       0.000
    67     3     8  1982     265     265  hru265                 0.000       0.000       0.000     109.486      15.078       0.000       0.000       0.000       0.000       0.000       0.000       0.000      13.796       0.000      21.409      12.499      16.954       0.881       0.754       0.849       0.406       0.000       0.000       0.000       0.000
    67     3     8  1982     266     266  hru266                 0.000       0.000       0.000     109.654      15.075       0.000       0.000       0.000       0.000       0.000       0.000       0.000      13.594       0.000      21.409      12.499      16.954       0.881       0.754       0.849       0.406       0.000       0.000       0.000       0.000
    67     3     8  1982     267     267  hru267                 0.000       0.000       0.000     109.682      15.075       0.000       0.000       0.000       0.000       0.000       0.000       0.000      13.597       0.000      21.409      12.499      16.954       0.881       0.754       0.849       0.406       0.000       0.000       0.000       0.000
    67     3     8  1982     268     268  hru268                 0.000       0.000       0.000     110.368      15.065       0.000       0.000       0.000       0.000       0.000       0.000       0.000      13.183       0.000      21.409      12.499      16.954       0.881       0.754       0.849       0.406       0.000       0.000       0.000       0.000
    67     3     8  1982     269     269  hru269                 0.000       0.000       0.000     110.456      15.064       0.000       0.000       0.000       0.000       0.000       0.000       0.000      13.219       0.000      21.409      12.499      16.954       0.881       0.754       0.849       0.406       0.000       0.000       0.000       0.000
    67     3     8  1982     270     270  hru270                 0.000       0.000       0.000     109.570      15.077       0.000       0.000       0.000       0.000       0.000       0.000       0.000      13.847       0.000      21.409      12.499      16.954       0.881       0.754       0.849       0.406       0.000       0.000       0.000       0.000
    67     3     8  1982     271     271  hru271                 0.000       0.000       0.000     110.492      15.063       0.000       0.000       0.000       0.000       0.000       0.000       0.000      13.253       0.000      21.409      12.499      16.954       0.881       0.754       0.849       0.406       0.000       0.000       0.000       0.000
