 Prueba3                   SWAT+ Jul 2 2024        MODULAR Rev 2024.61.0.1                                
  jday   mon   day    yr    unit  gis_id  name            grzn        grzp        lab_min_p   act_sta_p       fertn            fertp            fixn             denit            act_nit_n        act_sta_n        org_lab_p        rsd_nitorg_n     rsd_laborg_p    no3atmo          nh4atmo          nuptake          puptake          gwsoiln          gwsoilp      
                                                          kgha        kgha        kgha        kgha             kgha             kgha             kgha             kgha             kgha             kgha             kgha             kgha             kgha             kgha             kgha             kgha             kgha             kgha             kgha       
    67     3     8  1982       1       1  hru001         0.000       0.000      20.565      15.759            0.000            0.000            0.000          145.535          144.047          -32.573           24.535            2.709            0.515            0.000            0.000            0.000            0.000            0.000            0.000
    67     3     8  1982       2       2  hru002         0.000       0.000      14.023      10.162            0.000            0.000            0.000           64.466           94.655          -19.984           16.089            2.772            0.527            0.000            0.000            0.000            0.000            0.000            0.000
    67     3     8  1982       3       3  hru003         0.000       0.000      20.366      15.796            0.000            0.000            0.000          145.644          144.185          -32.688           24.558            2.744            0.521            0.000            0.000            0.000            0.000            0.000            0.000
    67     3     8  1982       4       4  hru004         0.000       0.000      12.332      10.505            0.000            0.000            0.000           66.942           94.518          -20.173           16.063            2.757            0.524            0.000            0.000            0.000            0.000            0.000            0.000
    67     3     8  1982       5       5  hru005         0.000       0.000      12.655      10.458            0.000            0.000            0.000           66.182           94.582          -20.126           16.075            2.761            0.525            0.000            0.000            0.000            0.000            0.000            0.000
    67     3     8  1982       6       6  hru006         0.000       0.000      13.819      10.198            0.000            0.000            0.000           64.687           94.654          -20.001           16.089            2.770            0.526            0.000            0.000            0.000            0.000            0.000            0.000
    67     3     8  1982       7       7  hru007         0.000       0.000      20.393      15.791            0.000            0.000            0.000          145.555          144.177          -32.682           24.557            2.742            0.521            0.000            0.000            0.000            0.000            0.000            0.000
    67     3     8  1982       8       8  hru008         0.000       0.000      20.316      15.806            0.000            0.000            0.000          145.842          144.228          -32.725           24.565            2.756            0.524            0.000            0.000            0.000            0.000            0.000            0.000
    67     3     8  1982       9       9  hru009         0.000       0.000      19.728      15.955            0.000            0.000            0.000          146.317          144.572          -32.999           24.622            2.809            0.534            0.000            0.000            0.000            0.000            0.000            0.000
    67     3     8  1982      10      10  hru010         0.000       0.000      20.193      15.834            0.000            0.000            0.000          145.740          144.281          -32.772           24.574            2.772            0.527            0.000            0.000            0.000            0.000            0.000            0.000
    67     3     8  1982      11      11  hru011         0.000       0.000      19.705      15.960            0.000            0.000            0.000          146.298          144.576          -33.001           24.623            2.809            0.534            0.000            0.000            0.000            0.000            0.000            0.000
    67     3     8  1982      12      12  hru012         0.000       0.000      19.482      16.024            0.000            0.000            0.000          146.347          144.782          -33.121           24.657            2.817            0.535            0.000            0.000            0.000            0.000            0.000            0.000
    67     3     8  1982      13      13  hru013         0.000       0.000      12.698      10.448            0.000            0.000            0.000           66.145           94.588          -20.120           16.076            2.761            0.525            0.000            0.000            0.000            0.000            0.000            0.000
    67     3     8  1982      14      14  hru014         0.000       0.000      13.620      10.236            0.000            0.000            0.000           64.801           94.658          -20.012           16.089            2.769            0.526            0.000            0.000            0.000            0.000            0.000            0.000
    67     3     8  1982      15      15  hru015         0.000       0.000      12.676      10.453            0.000            0.000            0.000           66.152           94.585          -20.124           16.075            2.761            0.525            0.000            0.000            0.000            0.000            0.000            0.000
    67     3     8  1982      16      16  hru016         0.000       0.000      13.834      10.195            0.000            0.000            0.000           64.707           94.661          -19.993           16.090            2.771            0.527            0.000            0.000            0.000            0.000            0.000            0.000
    67     3     8  1982      17      17  hru017         0.000       0.000      12.675      10.453            0.000            0.000            0.000           66.140           94.589          -20.121           16.076            2.761            0.525            0.000            0.000            0.000            0.000            0.000            0.000
    67     3     8  1982      18      18  hru018         0.000       0.000      13.521      10.255            0.000            0.000            0.000           64.803           94.658          -20.019           16.089            2.769            0.526            0.000            0.000            0.000            0.000            0.000            0.000
    67     3     8  1982      19      19  hru019         0.000       0.000      19.727      15.955            0.000            0.000            0.000          146.279          144.574          -33.000           24.623            2.809            0.534            0.000            0.000            0.000            0.000            0.000            0.000
    67     3     8  1982      20      20  hru020         0.000       0.000      20.274      15.815            0.000            0.000            0.000          145.745          144.255          -32.753           24.570            2.765            0.525            0.000            0.000            0.000            0.000            0.000            0.000
    67     3     8  1982      21      21  hru021         0.000       0.000      19.488      16.023            0.000            0.000            0.000          146.334          144.785          -33.123           24.658            2.817            0.535            0.000            0.000            0.000            0.000            0.000            0.000
    67     3     8  1982      22      22  hru022         0.000       0.000      19.725      15.956            0.000            0.000            0.000          146.287          144.572          -32.998           24.622            2.808            0.534            0.000            0.000            0.000            0.000            0.000            0.000
    67     3     8  1982      23      23  hru023         0.000       0.000      20.412      15.787            0.000            0.000            0.000          145.693          144.165          -32.668           24.555            2.739            0.520            0.000            0.000            0.000            0.000            0.000            0.000
    67     3     8  1982      24      24  hru024         0.000       0.000      19.713      15.958            0.000            0.000            0.000          146.297          144.572          -32.998           24.622            2.808            0.534            0.000            0.000            0.000            0.000            0.000            0.000
    67     3     8  1982      25      25  hru025         0.000       0.000      20.277      15.815            0.000            0.000            0.000          145.774          144.226          -32.719           24.565            2.754            0.523            0.000            0.000            0.000            0.000            0.000            0.000
    67     3     8  1982      26      26  hru026         0.000       0.000      20.381      15.794            0.000            0.000            0.000          145.755          144.198          -32.702           24.560            2.749            0.522            0.000            0.000            0.000            0.000            0.000            0.000
    67     3     8  1982      27      27  hru027         0.000       0.000      19.753      15.948            0.000            0.000            0.000          146.305          144.560          -32.992           24.620            2.808            0.534            0.000            0.000            0.000            0.000            0.000            0.000
    67     3     8  1982      28      28  hru028         0.000       0.000      20.510      15.768            0.000            0.000            0.000          145.849          144.103          -32.618           24.544            2.725            0.518            0.000            0.000            0.000            0.000            0.000            0.000
    67     3     8  1982      29      29  hru029         0.000       0.000      15.285       9.965            0.000            0.000            0.000           65.146           94.630          -19.896           16.086            2.781            0.528            0.000            0.000            0.000            0.000            0.000            0.000
    67     3     8  1982      30      30  hru030         0.000       0.000      14.262      10.122            0.000            0.000            0.000           64.744           94.645          -19.977           16.088            2.773            0.527            0.000            0.000            0.000            0.000            0.000            0.000
    67     3     8  1982      31      31  hru031         0.000       0.000      20.467      15.776            0.000            0.000            0.000          145.886          144.130          -32.638           24.549            2.732            0.519            0.000            0.000            0.000            0.000            0.000            0.000
    67     3     8  1982      32      32  hru032         0.000       0.000      14.410      10.097            0.000            0.000            0.000           64.731           94.658          -19.950           16.090            2.775            0.527            0.000            0.000            0.000            0.000            0.000            0.000
    67     3     8  1982      33      33  hru033         0.000       0.000      14.252      10.123            0.000            0.000            0.000           64.741           94.669          -19.951           16.092            2.775            0.527            0.000            0.000            0.000            0.000            0.000            0.000
    67     3     8  1982      34      34  hru034         0.000       0.000      21.858       8.631            0.000            0.000            0.000           64.768           93.321          -20.095           15.879            2.778            0.528            0.000            0.000            0.000            0.000            0.000            0.000
    67     3     8  1982      35      35  hru035         0.000       0.000      14.421      10.096            0.000            0.000            0.000           64.823           94.668          -19.937           16.092            2.776            0.527            0.000            0.000            0.000            0.000            0.000            0.000
    67     3     8  1982      36      36  hru036         0.000       0.000      26.273      14.964            0.000            0.000            0.000          145.646          143.773          -32.834           24.492            2.777            0.528            0.000            0.000            0.000            0.000            0.000            0.000
    67     3     8  1982      37      37  hru037         0.000       0.000      21.154       8.056            0.000            0.000            0.000           92.877           82.688          -18.368           14.068            2.702            0.513            0.000            0.000            0.000            0.000            0.000            0.000
    67     3     8  1982      38      38  hru038         0.000       0.000      20.403      15.790            0.000            0.000            0.000          145.712          144.199          -32.705           24.561            2.750            0.522            0.000            0.000            0.000            0.000            0.000            0.000
    67     3     8  1982      39      39  hru039         0.000       0.000      13.545       9.951            0.000            0.000            0.000           91.583           84.085          -18.158           14.289            2.707            0.514            0.000            0.000            0.000            0.000            0.000            0.000
    67     3     8  1982      40      40  hru040         0.000       0.000      13.261      10.013            0.000            0.000            0.000           92.780           84.051          -18.169           14.282            2.703            0.513            0.000            0.000            0.000            0.000            0.000            0.000
    67     3     8  1982      41      41  hru041         0.000       0.000      12.157      10.237            0.000            0.000            0.000           98.887           83.865          -18.224           14.250            2.669            0.507            0.000            0.000            0.000            0.000            0.000            0.000
    67     3     8  1982      42      42  hru042         0.000       0.000      20.478      15.775            0.000            0.000            0.000          145.692          144.087          -32.602           24.542            2.719            0.517            0.000            0.000            0.000            0.000            0.000            0.000
    67     3     8  1982      43      43  hru043         0.000       0.000      20.430      15.783            0.000            0.000            0.000          145.836          144.161          -32.665           24.554            2.739            0.520            0.000            0.000            0.000            0.000            0.000            0.000
    67     3     8  1982      44      44  hru044         0.000       0.000      20.344      15.801            0.000            0.000            0.000          145.661          144.157          -32.655           24.553            2.735            0.520            0.000            0.000            0.000            0.000            0.000            0.000
    67     3     8  1982      45      45  hru045         0.000       0.000      20.377      15.794            0.000            0.000            0.000          145.746          144.162          -32.662           24.554            2.738            0.520            0.000            0.000            0.000            0.000            0.000            0.000
    67     3     8  1982      46      46  hru046         0.000       0.000      26.346      14.938            0.000            0.000            0.000          145.646          143.708          -32.783           24.481            2.759            0.524            0.000            0.000            0.000            0.000            0.000            0.000
    67     3     8  1982      47      47  hru047         0.000       0.000      20.467      15.776            0.000            0.000            0.000          145.867          144.136          -32.645           24.550            2.733            0.519            0.000            0.000            0.000            0.000            0.000            0.000
    67     3     8  1982      48      48  hru048         0.000       0.000      13.539       9.951            0.000            0.000            0.000           91.951           84.072          -18.161           14.286            2.706            0.514            0.000            0.000            0.000            0.000            0.000            0.000
    67     3     8  1982      49      49  hru049         0.000       0.000      20.484      15.773            0.000            0.000            0.000          145.829          144.120          -32.632           24.547            2.729            0.518            0.000            0.000            0.000            0.000            0.000            0.000
    67     3     8  1982      50      50  hru050         0.000       0.000      20.575      15.756            0.000            0.000            0.000          145.841          144.052          -32.577           24.536            2.712            0.515            0.000            0.000            0.000            0.000            0.000            0.000
    67     3     8  1982      51      51  hru051         0.000       0.000      20.596      15.752            0.000            0.000            0.000          145.902          144.059          -32.585           24.537            2.715            0.516            0.000            0.000            0.000            0.000            0.000            0.000
    67     3     8  1982      52      52  hru052         0.000       0.000      20.609      15.750            0.000            0.000            0.000          145.882          144.036          -32.565           24.533            2.709            0.515            0.000            0.000            0.000            0.000            0.000            0.000
    67     3     8  1982      53      53  hru053         0.000       0.000      14.459      10.091            0.000            0.000            0.000           64.909           94.672          -19.926           16.092            2.777            0.528            0.000            0.000            0.000            0.000            0.000            0.000
    67     3     8  1982      54      54  hru054         0.000       0.000      21.845       8.653            0.000            0.000            0.000           64.703           93.389          -20.110           15.889            2.775            0.527            0.000            0.000            0.000            0.000            0.000            0.000
    67     3     8  1982      55      55  hru055         0.000       0.000      12.669      10.454            0.000            0.000            0.000           66.259           94.601          -20.114           16.078            2.762            0.525            0.000            0.000            0.000            0.000            0.000            0.000
    67     3     8  1982      56      56  hru056         0.000       0.000      12.351      10.515            0.000            0.000            0.000           67.038           94.543          -20.161           16.068            2.758            0.524            0.000            0.000            0.000            0.000            0.000            0.000
    67     3     8  1982      57      57  hru057         0.000       0.000      13.425      10.273            0.000            0.000            0.000           65.070           94.658          -20.027           16.089            2.768            0.526            0.000            0.000            0.000            0.000            0.000            0.000
    67     3     8  1982      58      58  hru058         0.000       0.000      12.656      10.457            0.000            0.000            0.000           66.217           94.595          -20.118           16.077            2.761            0.525            0.000            0.000            0.000            0.000            0.000            0.000
    67     3     8  1982      59      59  hru059         0.000       0.000      13.616      10.235            0.000            0.000            0.000           64.862           94.672          -19.999           16.091            2.770            0.526            0.000            0.000            0.000            0.000            0.000            0.000
    67     3     8  1982      60      60  hru060         0.000       0.000      13.410      10.277            0.000            0.000            0.000           65.175           94.654          -20.032           16.088            2.768            0.526            0.000            0.000            0.000            0.000            0.000            0.000
    67     3     8  1982      61      61  hru061         0.000       0.000      12.326      10.518            0.000            0.000            0.000           67.096           94.540          -20.163           16.067            2.758            0.524            0.000            0.000            0.000            0.000            0.000            0.000
    67     3     8  1982      62      62  hru062         0.000       0.000      12.652      10.458            0.000            0.000            0.000           66.318           94.601          -20.115           16.078            2.762            0.525            0.000            0.000            0.000            0.000            0.000            0.000
    67     3     8  1982      63      63  hru063         0.000       0.000      12.676      10.453            0.000            0.000            0.000           66.200           94.598          -20.115           16.077            2.762            0.525            0.000            0.000            0.000            0.000            0.000            0.000
    67     3     8  1982      64      64  hru064         0.000       0.000      13.498      10.258            0.000            0.000            0.000           64.922           94.665          -20.015           16.090            2.769            0.526            0.000            0.000            0.000            0.000            0.000            0.000
    67     3     8  1982      65      65  hru065         0.000       0.000      12.707      10.445            0.000            0.000            0.000           66.278           94.600          -20.113           16.078            2.762            0.525            0.000            0.000            0.000            0.000            0.000            0.000
    67     3     8  1982      66      66  hru066         0.000       0.000      14.142      10.141            0.000            0.000            0.000           64.907           94.669          -19.962           16.092            2.774            0.527            0.000            0.000            0.000            0.000            0.000            0.000
    67     3     8  1982      67      67  hru067         0.000       0.000      14.056      10.156            0.000            0.000            0.000           65.113           94.686          -19.950           16.094            2.775            0.527            0.000            0.000            0.000            0.000            0.000            0.000
    67     3     8  1982      68      68  hru068         0.000       0.000      14.232      10.126            0.000            0.000            0.000           65.157           94.678          -19.943           16.093            2.775            0.527            0.000            0.000            0.000            0.000            0.000            0.000
    67     3     8  1982      69      69  hru069         0.000       0.000      14.258      10.123            0.000            0.000            0.000           65.105           94.681          -19.937           16.094            2.776            0.527            0.000            0.000            0.000            0.000            0.000            0.000
    67     3     8  1982      70      70  hru070         0.000       0.000      14.445      10.093            0.000            0.000            0.000           65.289           94.676          -19.925           16.093            2.777            0.528            0.000            0.000            0.000            0.000            0.000            0.000
    67     3     8  1982      71      71  hru071         0.000       0.000      14.947      10.016            0.000            0.000            0.000           65.340           94.655          -19.899           16.090            2.780            0.528            0.000            0.000            0.000            0.000            0.000            0.000
    67     3     8  1982      72      72  hru072         0.000       0.000      14.905      10.022            0.000            0.000            0.000           65.445           94.660          -19.896           16.091            2.781            0.528            0.000            0.000            0.000            0.000            0.000            0.000
    67     3     8  1982      73      73  hru073         0.000       0.000      14.436      10.096            0.000            0.000            0.000           65.363           94.682          -19.916           16.094            2.778            0.528            0.000            0.000            0.000            0.000            0.000            0.000
    67     3     8  1982      74      74  hru074         0.000       0.000      14.344      10.111            0.000            0.000            0.000           65.547           94.692          -19.913           16.096            2.779            0.528            0.000            0.000            0.000            0.000            0.000            0.000
    67     3     8  1982      75      75  hru075         0.000       0.000      12.680      10.450            0.000            0.000            0.000           66.330           94.611          -20.107           16.080            2.762            0.525            0.000            0.000            0.000            0.000            0.000            0.000
    67     3     8  1982      76      76  hru076         0.000       0.000      13.954      10.173            0.000            0.000            0.000           65.087           94.687          -19.959           16.094            2.774            0.527            0.000            0.000            0.000            0.000            0.000            0.000
    67     3     8  1982      77      77  hru077         0.000       0.000      11.955       7.936            0.000            0.000            0.000           44.357           72.976          -17.784           12.341            2.578            0.490            0.000            0.000            0.000            0.000            0.000            0.000
    67     3     8  1982      78      78  hru078         0.000       0.000      13.933      10.177            0.000            0.000            0.000           65.109           94.691          -19.955           16.095            2.774            0.527            0.000            0.000            0.000            0.000            0.000            0.000
    67     3     8  1982      79      79  hru079         0.000       0.000      14.726      10.051            0.000            0.000            0.000           65.697           94.675          -19.895           16.093            2.781            0.528            0.000            0.000            0.000            0.000            0.000            0.000
    67     3     8  1982      80      80  hru080         0.000       0.000      13.427       7.740            0.000            0.000            0.000           43.200           73.111          -17.736           12.366            2.549            0.484            0.000            0.000            0.000            0.000            0.000            0.000
    67     3     8  1982      81      81  hru081         0.000       0.000      12.113       7.919            0.000            0.000            0.000           44.189           73.030          -17.770           12.350            2.577            0.490            0.000            0.000            0.000            0.000            0.000            0.000
    67     3     8  1982      82      82  hru082         0.000       0.000      14.193      10.132            0.000            0.000            0.000           64.765           94.668          -19.958           16.091            2.774            0.527            0.000            0.000            0.000            0.000            0.000            0.000
    67     3     8  1982      83      83  hru083         0.000       0.000      21.818       8.688            0.000            0.000            0.000           64.587           93.463          -20.135           15.900            2.772            0.527            0.000            0.000            0.000            0.000            0.000            0.000
    67     3     8  1982      84      84  hru084         0.000       0.000      12.188      10.231            0.000            0.000            0.000           98.923           83.893          -18.217           14.254            2.672            0.508            0.000            0.000            0.000            0.000            0.000            0.000
    67     3     8  1982      85      85  hru085         0.000       0.000      13.913       9.876            0.000            0.000            0.000           90.387           84.167          -18.135           14.303            2.727            0.518            0.000            0.000            0.000            0.000            0.000            0.000
    67     3     8  1982      86      86  hru086         0.000       0.000      21.228       8.004            0.000            0.000            0.000           92.496           82.674          -18.364           14.067            2.707            0.514            0.000            0.000            0.000            0.000            0.000            0.000
    67     3     8  1982      87      87  hru087         0.000       0.000      13.156      10.036            0.000            0.000            0.000           93.243           84.037          -18.173           14.280            2.701            0.513            0.000            0.000            0.000            0.000            0.000            0.000
    67     3     8  1982      88      88  hru088         0.000       0.000      14.466      10.089            0.000            0.000            0.000           64.804           94.666          -19.934           16.091            2.776            0.527            0.000            0.000            0.000            0.000            0.000            0.000
    67     3     8  1982      89      89  hru089         0.000       0.000      21.845       8.657            0.000            0.000            0.000           64.735           93.399          -20.120           15.891            2.774            0.527            0.000            0.000            0.000            0.000            0.000            0.000
    67     3     8  1982      90      90  hru090         0.000       0.000      13.802      10.201            0.000            0.000            0.000           64.796           94.664          -19.993           16.090            2.771            0.526            0.000            0.000            0.000            0.000            0.000            0.000
    67     3     8  1982      91      91  hru091         0.000       0.000      13.972      10.170            0.000            0.000            0.000           64.855           94.665          -19.979           16.091            2.772            0.527            0.000            0.000            0.000            0.000            0.000            0.000
    67     3     8  1982      92      92  hru092         0.000       0.000      12.711      10.444            0.000            0.000            0.000           66.284           94.601          -20.112           16.078            2.762            0.525            0.000            0.000            0.000            0.000            0.000            0.000
    67     3     8  1982      93      93  hru093         0.000       0.000      12.153      10.238            0.000            0.000            0.000           98.840           83.868          -18.223           14.250            2.669            0.507            0.000            0.000            0.000            0.000            0.000            0.000
    67     3     8  1982      94      94  hru094         0.000       0.000      13.442       9.975            0.000            0.000            0.000           91.745           84.092          -18.157           14.290            2.707            0.514            0.000            0.000            0.000            0.000            0.000            0.000
    67     3     8  1982      95      95  hru095         0.000       0.000      13.154      10.036            0.000            0.000            0.000           93.182           84.043          -18.172           14.281            2.701            0.513            0.000            0.000            0.000            0.000            0.000            0.000
    67     3     8  1982      96      96  hru096         0.000       0.000      12.149      10.239            0.000            0.000            0.000           98.867           83.868          -18.223           14.250            2.669            0.507            0.000            0.000            0.000            0.000            0.000            0.000
    67     3     8  1982      97      97  hru097         0.000       0.000      12.674      10.452            0.000            0.000            0.000           66.333           94.607          -20.110           16.079            2.762            0.525            0.000            0.000            0.000            0.000            0.000            0.000
    67     3     8  1982      98      98  hru098         0.000       0.000      14.016      10.162            0.000            0.000            0.000           64.985           94.676          -19.964           16.093            2.774            0.527            0.000            0.000            0.000            0.000            0.000            0.000
    67     3     8  1982      99      99  hru099         0.000       0.000      14.246      10.123            0.000            0.000            0.000           64.769           94.663          -19.959           16.091            2.774            0.527            0.000            0.000            0.000            0.000            0.000            0.000
    67     3     8  1982     100     100  hru100         0.000       0.000      21.840       8.656            0.000            0.000            0.000           64.879           93.397          -20.100           15.891            2.776            0.527            0.000            0.000            0.000            0.000            0.000            0.000
    67     3     8  1982     101     101  hru101         0.000       0.000      14.371      10.104            0.000            0.000            0.000           64.825           94.668          -19.942           16.092            2.775            0.527            0.000            0.000            0.000            0.000            0.000            0.000
    67     3     8  1982     102     102  hru102         0.000       0.000      14.296       9.797            0.000            0.000            0.000           88.962           84.176          -18.129           14.305            2.732            0.519            0.000            0.000            0.000            0.000            0.000            0.000
    67     3     8  1982     103     103  hru103         0.000       0.000      15.195       9.978            0.000            0.000            0.000           65.302           94.635          -19.900           16.087            2.780            0.528            0.000            0.000            0.000            0.000            0.000            0.000
    67     3     8  1982     104     104  hru104         0.000       0.000      15.309       9.964            0.000            0.000            0.000           65.553           94.647          -19.859           16.089            2.785            0.529            0.000            0.000            0.000            0.000            0.000            0.000
    67     3     8  1982     105     105  hru105         0.000       0.000      15.554       9.582            0.000            0.000            0.000           84.692           84.381          -18.067           14.341            2.756            0.524            0.000            0.000            0.000            0.000            0.000            0.000
    67     3     8  1982     106     106  hru106         0.000       0.000      15.269       9.968            0.000            0.000            0.000           65.533           94.641          -19.880           16.088            2.783            0.529            0.000            0.000            0.000            0.000            0.000            0.000
    67     3     8  1982     107     107  hru107         0.000       0.000      15.238       9.973            0.000            0.000            0.000           65.737           94.651          -19.866           16.090            2.785            0.529            0.000            0.000            0.000            0.000            0.000            0.000
    67     3     8  1982     108     108  hru108         0.000       0.000      15.535       9.583            0.000            0.000            0.000           85.327           84.355          -18.074           14.337            2.755            0.523            0.000            0.000            0.000            0.000            0.000            0.000
    67     3     8  1982     109     109  hru109         0.000       0.000      13.971      10.171            0.000            0.000            0.000           64.925           94.681          -19.962           16.093            2.774            0.527            0.000            0.000            0.000            0.000            0.000            0.000
    67     3     8  1982     110     110  hru110         0.000       0.000      14.789      10.042            0.000            0.000            0.000           65.312           94.671          -19.890           16.093            2.781            0.528            0.000            0.000            0.000            0.000            0.000            0.000
    67     3     8  1982     111     111  hru111         0.000       0.000      15.601       9.919            0.000            0.000            0.000           65.703           94.628          -19.852           16.086            2.787            0.530            0.000            0.000            0.000            0.000            0.000            0.000
    67     3     8  1982     112     112  hru112         0.000       0.000      15.925       9.518            0.000            0.000            0.000           84.526           84.356          -18.070           14.337            2.756            0.524            0.000            0.000            0.000            0.000            0.000            0.000
    67     3     8  1982     113     113  hru113         0.000       0.000      11.791      10.322            0.000            0.000            0.000          101.723           83.787          -18.245           14.236            2.654            0.504            0.000            0.000            0.000            0.000            0.000            0.000
    67     3     8  1982     114     114  hru114         0.000       0.000      12.153      10.238            0.000            0.000            0.000           98.884           83.865          -18.223           14.250            2.669            0.507            0.000            0.000            0.000            0.000            0.000            0.000
    67     3     8  1982     115     115  hru115         0.000       0.000      12.993      10.069            0.000            0.000            0.000           94.253           83.999          -18.184           14.273            2.697            0.512            0.000            0.000            0.000            0.000            0.000            0.000
    67     3     8  1982     116     116  hru116         0.000       0.000      21.216       8.018            0.000            0.000            0.000           92.017           82.687          -18.363           14.069            2.706            0.514            0.000            0.000            0.000            0.000            0.000            0.000
    67     3     8  1982     117     117  hru117         0.000       0.000      12.152      10.239            0.000            0.000            0.000           99.007           83.865          -18.224           14.249            2.669            0.507            0.000            0.000            0.000            0.000            0.000            0.000
    67     3     8  1982     118     118  hru118         0.000       0.000      13.367       9.989            0.000            0.000            0.000           92.802           84.048          -18.169           14.282            2.703            0.514            0.000            0.000            0.000            0.000            0.000            0.000
    67     3     8  1982     119     119  hru119         0.000       0.000      11.787      10.324            0.000            0.000            0.000          101.847           83.818          -18.238           14.241            2.658            0.505            0.000            0.000            0.000            0.000            0.000            0.000
    67     3     8  1982     120     120  hru120         0.000       0.000      12.132      10.244            0.000            0.000            0.000           99.092           83.898          -18.216           14.255            2.672            0.508            0.000            0.000            0.000            0.000            0.000            0.000
    67     3     8  1982     121     121  hru121         0.000       0.000      13.702       9.919            0.000            0.000            0.000           91.303           84.138          -18.144           14.298            2.718            0.516            0.000            0.000            0.000            0.000            0.000            0.000
    67     3     8  1982     122     122  hru122         0.000       0.000      12.964      10.074            0.000            0.000            0.000           94.723           83.980          -18.189           14.270            2.694            0.512            0.000            0.000            0.000            0.000            0.000            0.000
    67     3     8  1982     123     123  hru123         0.000       0.000      12.119      10.246            0.000            0.000            0.000           99.104           83.860          -18.225           14.249            2.667            0.507            0.000            0.000            0.000            0.000            0.000            0.000
    67     3     8  1982     124     124  hru124         0.000       0.000      11.777      10.326            0.000            0.000            0.000          101.780           83.786          -18.246           14.236            2.654            0.504            0.000            0.000            0.000            0.000            0.000            0.000
    67     3     8  1982     125     125  hru125         0.000       0.000      13.498       9.904            0.000            0.000            0.000          105.785           83.486          -18.301           14.187            2.631            0.500            0.000            0.000            0.000            0.000            0.000            0.000
    67     3     8  1982     126     126  hru126         0.000       0.000      14.280       9.750            0.000            0.000            0.000          101.984           83.534          -18.282           14.196            2.654            0.504            0.000            0.000            0.000            0.000            0.000            0.000
    67     3     8  1982     127     127  hru127         0.000       0.000      18.528       8.994            0.000            0.000            0.000           98.989           83.246          -18.312           14.152            2.670            0.507            0.000            0.000            0.000            0.000            0.000            0.000
    67     3     8  1982     128     128  hru128         0.000       0.000      21.155       8.073            0.000            0.000            0.000           92.898           82.729          -18.360           14.075            2.703            0.514            0.000            0.000            0.000            0.000            0.000            0.000
    67     3     8  1982     129     129  hru129         0.000       0.000      12.100      10.250            0.000            0.000            0.000           98.938           83.867          -18.224           14.250            2.668            0.507            0.000            0.000            0.000            0.000            0.000            0.000
    67     3     8  1982     130     130  hru130         0.000       0.000      12.973      10.076            0.000            0.000            0.000           93.848           84.020          -18.179           14.277            2.699            0.513            0.000            0.000            0.000            0.000            0.000            0.000
    67     3     8  1982     131     131  hru131         0.000       0.000      11.773      10.327            0.000            0.000            0.000          101.712           83.788          -18.245           14.236            2.654            0.504            0.000            0.000            0.000            0.000            0.000            0.000
    67     3     8  1982     132     132  hru132         0.000       0.000      21.760       8.738            0.000            0.000            0.000           64.972           93.577          -20.137           15.918            2.771            0.526            0.000            0.000            0.000            0.000            0.000            0.000
    67     3     8  1982     133     133  hru133         0.000       0.000      14.591      10.096            0.000            0.000            0.000           67.159           94.341          -20.189           16.036            2.758            0.524            0.000            0.000            0.000            0.000            0.000            0.000
    67     3     8  1982     134     134  hru134         0.000       0.000      12.314      10.519            0.000            0.000            0.000           67.171           94.538          -20.165           16.067            2.758            0.524            0.000            0.000            0.000            0.000            0.000            0.000
    67     3     8  1982     135     135  hru135         0.000       0.000      11.677      10.347            0.000            0.000            0.000          105.839           83.684          -18.271           14.218            2.634            0.500            0.000            0.000            0.000            0.000            0.000            0.000
    67     3     8  1982     136     136  hru136         0.000       0.000      11.751      10.333            0.000            0.000            0.000          102.179           83.800          -18.243           14.238            2.655            0.504            0.000            0.000            0.000            0.000            0.000            0.000
    67     3     8  1982     137     137  hru137         0.000       0.000      11.775      10.327            0.000            0.000            0.000          102.002           83.806          -18.241           14.239            2.656            0.505            0.000            0.000            0.000            0.000            0.000            0.000
    67     3     8  1982     138     138  hru138         0.000       0.000      10.473       8.124            0.000            0.000            0.000           46.060           72.664          -17.866           12.286            2.524            0.479            0.000            0.000            0.000            0.000            0.000            0.000
    67     3     8  1982     139     139  hru139         0.000       0.000      16.517       7.052            0.000            0.000            0.000           47.105           71.873          -17.961           12.163            2.514            0.478            0.000            0.000            0.000            0.000            0.000            0.000
    67     3     8  1982     140     140  hru140         0.000       0.000      18.611       6.459            0.000            0.000            0.000           45.703           71.524          -17.963           12.115            2.529            0.480            0.000            0.000            0.000            0.000            0.000            0.000
    67     3     8  1982     141     141  hru141         0.000       0.000      11.784      10.324            0.000            0.000            0.000          101.835           83.783          -18.246           14.235            2.653            0.504            0.000            0.000            0.000            0.000            0.000            0.000
    67     3     8  1982     142     142  hru142         0.000       0.000      12.151      10.239            0.000            0.000            0.000           98.988           83.861          -18.225           14.249            2.668            0.507            0.000            0.000            0.000            0.000            0.000            0.000
    67     3     8  1982     143     143  hru143         0.000       0.000      14.589       9.690            0.000            0.000            0.000          101.752           83.502          -18.286           14.191            2.654            0.504            0.000            0.000            0.000            0.000            0.000            0.000
    67     3     8  1982     144     144  hru144         0.000       0.000      18.496       8.999            0.000            0.000            0.000           99.030           83.237          -18.315           14.151            2.668            0.507            0.000            0.000            0.000            0.000            0.000            0.000
    67     3     8  1982     145     145  hru145         0.000       0.000      21.074       8.141            0.000            0.000            0.000           93.854           82.766          -18.361           14.080            2.699            0.513            0.000            0.000            0.000            0.000            0.000            0.000
    67     3     8  1982     146     146  hru146         0.000       0.000      11.672      10.348            0.000            0.000            0.000          105.870           83.687          -18.270           14.219            2.634            0.501            0.000            0.000            0.000            0.000            0.000            0.000
    67     3     8  1982     147     147  hru147         0.000       0.000      11.743      10.335            0.000            0.000            0.000          102.367           83.798          -18.243           14.238            2.655            0.504            0.000            0.000            0.000            0.000            0.000            0.000
    67     3     8  1982     148     148  hru148         0.000       0.000      18.653       6.433            0.000            0.000            0.000           45.639           71.483          -17.964           12.109            2.531            0.481            0.000            0.000            0.000            0.000            0.000            0.000
    67     3     8  1982     149     149  hru149         0.000       0.000      16.421       7.071            0.000            0.000            0.000           47.129           71.884          -17.960           12.165            2.514            0.478            0.000            0.000            0.000            0.000            0.000            0.000
    67     3     8  1982     150     150  hru150         0.000       0.000      12.017       7.777            0.000            0.000            0.000           47.928           72.128          -17.953           12.199            2.517            0.478            0.000            0.000            0.000            0.000            0.000            0.000
    67     3     8  1982     151     151  hru151         0.000       0.000      14.376       9.732            0.000            0.000            0.000          101.769           83.538          -18.280           14.197            2.656            0.505            0.000            0.000            0.000            0.000            0.000            0.000
    67     3     8  1982     152     152  hru152         0.000       0.000      17.958       9.094            0.000            0.000            0.000           99.012           83.301          -18.304           14.161            2.670            0.507            0.000            0.000            0.000            0.000            0.000            0.000
    67     3     8  1982     153     153  hru153         0.000       0.000      21.051       8.189            0.000            0.000            0.000           93.840           82.850          -18.347           14.093            2.700            0.513            0.000            0.000            0.000            0.000            0.000            0.000
    67     3     8  1982     154     154  hru154         0.000       0.000      11.757      10.332            0.000            0.000            0.000          101.949           83.797          -18.243           14.238            2.655            0.504            0.000            0.000            0.000            0.000            0.000            0.000
    67     3     8  1982     155     155  hru155         0.000       0.000      11.787      10.324            0.000            0.000            0.000          101.933           83.808          -18.240           14.239            2.657            0.505            0.000            0.000            0.000            0.000            0.000            0.000
    67     3     8  1982     156     156  hru156         0.000       0.000      12.150      10.239            0.000            0.000            0.000           99.233           83.882          -18.220           14.252            2.670            0.507            0.000            0.000            0.000            0.000            0.000            0.000
    67     3     8  1982     157     157  hru157         0.000       0.000      13.769       9.902            0.000            0.000            0.000           91.551           84.102          -18.152           14.292            2.714            0.516            0.000            0.000            0.000            0.000            0.000            0.000
    67     3     8  1982     158     158  hru158         0.000       0.000      12.150      10.239            0.000            0.000            0.000           98.879           83.865          -18.224           14.250            2.669            0.507            0.000            0.000            0.000            0.000            0.000            0.000
    67     3     8  1982     159     159  hru159         0.000       0.000      11.785      10.324            0.000            0.000            0.000          101.783           83.785          -18.246           14.235            2.653            0.504            0.000            0.000            0.000            0.000            0.000            0.000
    67     3     8  1982     160     160  hru160         0.000       0.000      12.898      10.090            0.000            0.000            0.000           94.654           83.988          -18.188           14.271            2.694            0.512            0.000            0.000            0.000            0.000            0.000            0.000
    67     3     8  1982     161     161  hru161         0.000       0.000      13.916       9.876            0.000            0.000            0.000           90.276           84.176          -18.133           14.305            2.728            0.518            0.000            0.000            0.000            0.000            0.000            0.000
    67     3     8  1982     162     162  hru162         0.000       0.000      12.168      10.236            0.000            0.000            0.000           99.022           83.900          -18.215           14.255            2.672            0.508            0.000            0.000            0.000            0.000            0.000            0.000
    67     3     8  1982     163     163  hru163         0.000       0.000      21.156       8.075            0.000            0.000            0.000           93.281           82.736          -18.359           14.076            2.703            0.514            0.000            0.000            0.000            0.000            0.000            0.000
    67     3     8  1982     164     164  hru164         0.000       0.000      21.256       7.972            0.000            0.000            0.000           91.847           82.640          -18.368           14.061            2.707            0.514            0.000            0.000            0.000            0.000            0.000            0.000
    67     3     8  1982     165     165  hru165         0.000       0.000      15.054       9.601            0.000            0.000            0.000          101.568           83.466          -18.290           14.186            2.655            0.504            0.000            0.000            0.000            0.000            0.000            0.000
    67     3     8  1982     166     166  hru166         0.000       0.000      21.051       8.151            0.000            0.000            0.000           94.352           82.756          -18.364           14.078            2.697            0.512            0.000            0.000            0.000            0.000            0.000            0.000
    67     3     8  1982     167     167  hru167         0.000       0.000      18.957       8.916            0.000            0.000            0.000           98.939           83.199          -18.319           14.145            2.669            0.507            0.000            0.000            0.000            0.000            0.000            0.000
    67     3     8  1982     168     168  hru168         0.000       0.000      12.196      10.228            0.000            0.000            0.000           98.986           83.862          -18.224           14.249            2.669            0.507            0.000            0.000            0.000            0.000            0.000            0.000
    67     3     8  1982     169     169  hru169         0.000       0.000      21.358       7.908            0.000            0.000            0.000           90.331           82.631          -18.361           14.061            2.722            0.517            0.000            0.000            0.000            0.000            0.000            0.000
    67     3     8  1982     170     170  hru170         0.000       0.000      21.160       8.077            0.000            0.000            0.000           92.963           82.744          -18.357           14.077            2.704            0.514            0.000            0.000            0.000            0.000            0.000            0.000
    67     3     8  1982     171     171  hru171         0.000       0.000      18.788       8.950            0.000            0.000            0.000           98.865           83.241          -18.311           14.152            2.671            0.508            0.000            0.000            0.000            0.000            0.000            0.000
    67     3     8  1982     172     172  hru172         0.000       0.000      14.514       9.756            0.000            0.000            0.000           88.386           84.219          -18.117           14.313            2.734            0.519            0.000            0.000            0.000            0.000            0.000            0.000
    67     3     8  1982     173     173  hru173         0.000       0.000      11.767      10.329            0.000            0.000            0.000          101.930           83.812          -18.240           14.240            2.657            0.505            0.000            0.000            0.000            0.000            0.000            0.000
    67     3     8  1982     174     174  hru174         0.000       0.000      12.118      10.247            0.000            0.000            0.000           99.008           83.899          -18.216           14.255            2.672            0.508            0.000            0.000            0.000            0.000            0.000            0.000
    67     3     8  1982     175     175  hru175         0.000       0.000      13.801       9.903            0.000            0.000            0.000           89.921           84.202          -18.128           14.309            2.730            0.519            0.000            0.000            0.000            0.000            0.000            0.000
    67     3     8  1982     176     176  hru176         0.000       0.000      13.994      10.166            0.000            0.000            0.000           65.067           94.661          -19.983           16.090            2.772            0.527            0.000            0.000            0.000            0.000            0.000            0.000
    67     3     8  1982     177     177  hru177         0.000       0.000      21.846       8.649            0.000            0.000            0.000           65.001           93.381          -20.100           15.888            2.776            0.528            0.000            0.000            0.000            0.000            0.000            0.000
    67     3     8  1982     178     178  hru178         0.000       0.000      21.450       7.806            0.000            0.000            0.000           89.189           82.508          -18.369           14.043            2.733            0.519            0.000            0.000            0.000            0.000            0.000            0.000
    67     3     8  1982     179     179  hru179         0.000       0.000      14.205      10.130            0.000            0.000            0.000           65.193           94.677          -19.948           16.093            2.775            0.527            0.000            0.000            0.000            0.000            0.000            0.000
    67     3     8  1982     180     180  hru180         0.000       0.000      15.162       9.643            0.000            0.000            0.000           86.298           84.305          -18.090           14.328            2.747            0.522            0.000            0.000            0.000            0.000            0.000            0.000
    67     3     8  1982     181     181  hru181         0.000       0.000      21.832       8.672            0.000            0.000            0.000           64.874           93.433          -20.125           15.896            2.774            0.527            0.000            0.000            0.000            0.000            0.000            0.000
    67     3     8  1982     182     182  hru182         0.000       0.000      14.524      10.083            0.000            0.000            0.000           65.440           94.685          -19.902           16.095            2.780            0.528            0.000            0.000            0.000            0.000            0.000            0.000
    67     3     8  1982     183     183  hru183         0.000       0.000      11.794      10.321            0.000            0.000            0.000          101.632           83.792          -18.244           14.237            2.654            0.504            0.000            0.000            0.000            0.000            0.000            0.000
    67     3     8  1982     184     184  hru184         0.000       0.000      13.175      10.032            0.000            0.000            0.000           93.072           84.045          -18.171           14.281            2.702            0.513            0.000            0.000            0.000            0.000            0.000            0.000
    67     3     8  1982     185     185  hru185         0.000       0.000      12.125      10.245            0.000            0.000            0.000           98.927           83.867          -18.223           14.250            2.669            0.507            0.000            0.000            0.000            0.000            0.000            0.000
    67     3     8  1982     186     186  hru186         0.000       0.000      13.115      10.044            0.000            0.000            0.000           93.800           84.016          -18.179           14.276            2.699            0.513            0.000            0.000            0.000            0.000            0.000            0.000
    67     3     8  1982     187     187  hru187         0.000       0.000      21.121       8.110            0.000            0.000            0.000           93.100           82.764          -18.357           14.080            2.702            0.513            0.000            0.000            0.000            0.000            0.000            0.000
    67     3     8  1982     188     188  hru188         0.000       0.000      18.584       8.984            0.000            0.000            0.000           98.868           83.242          -18.313           14.152            2.670            0.507            0.000            0.000            0.000            0.000            0.000            0.000
    67     3     8  1982     189     189  hru189         0.000       0.000      18.342       9.027            0.000            0.000            0.000           98.875           83.268          -18.309           14.156            2.670            0.507            0.000            0.000            0.000            0.000            0.000            0.000
    67     3     8  1982     190     190  hru190         0.000       0.000      21.098       8.146            0.000            0.000            0.000           93.204           82.816          -18.349           14.088            2.702            0.513            0.000            0.000            0.000            0.000            0.000            0.000
    67     3     8  1982     191     191  hru191         0.000       0.000      13.220      10.022            0.000            0.000            0.000           92.988           84.053          -18.169           14.283            2.702            0.513            0.000            0.000            0.000            0.000            0.000            0.000
    67     3     8  1982     192     192  hru192         0.000       0.000      14.994      10.010            0.000            0.000            0.000           65.766           94.664          -19.878           16.092            2.783            0.529            0.000            0.000            0.000            0.000            0.000            0.000
    67     3     8  1982     193     193  hru193         0.000       0.000      11.985       7.930            0.000            0.000            0.000           44.320           72.958          -17.787           12.338            2.577            0.490            0.000            0.000            0.000            0.000            0.000            0.000
    67     3     8  1982     194     194  hru194         0.000       0.000      12.684      10.449            0.000            0.000            0.000           66.409           94.614          -20.105           16.080            2.762            0.525            0.000            0.000            0.000            0.000            0.000            0.000
    67     3     8  1982     195     195  hru195         0.000       0.000      14.562      10.076            0.000            0.000            0.000           65.403           94.676          -19.910           16.093            2.779            0.528            0.000            0.000            0.000            0.000            0.000            0.000
    67     3     8  1982     196     196  hru196         0.000       0.000      14.352      10.108            0.000            0.000            0.000           65.323           94.681          -19.928           16.094            2.777            0.528            0.000            0.000            0.000            0.000            0.000            0.000
    67     3     8  1982     197     197  hru197         0.000       0.000      14.194      10.134            0.000            0.000            0.000           65.348           94.695          -19.925           16.096            2.777            0.528            0.000            0.000            0.000            0.000            0.000            0.000
    67     3     8  1982     198     198  hru198         0.000       0.000      11.115       8.042            0.000            0.000            0.000           45.197           72.838          -17.823           12.316            2.556            0.486            0.000            0.000            0.000            0.000            0.000            0.000
    67     3     8  1982     199     199  hru199         0.000       0.000      11.782       7.949            0.000            0.000            0.000           44.701           72.889          -17.805           12.326            2.569            0.488            0.000            0.000            0.000            0.000            0.000            0.000
    67     3     8  1982     200     200  hru200         0.000       0.000      11.452       7.999            0.000            0.000            0.000           44.800           72.894          -17.807           12.326            2.567            0.488            0.000            0.000            0.000            0.000            0.000            0.000
    67     3     8  1982     201     201  hru201         0.000       0.000      11.976       7.932            0.000            0.000            0.000           44.326           72.964          -17.786           12.339            2.577            0.490            0.000            0.000            0.000            0.000            0.000            0.000
    67     3     8  1982     202     202  hru202         0.000       0.000      12.491       7.859            0.000            0.000            0.000           44.055           72.981          -17.777           12.342            2.577            0.490            0.000            0.000            0.000            0.000            0.000            0.000
    67     3     8  1982     203     203  hru203         0.000       0.000      14.572      10.075            0.000            0.000            0.000           65.661           94.683          -19.901           16.095            2.780            0.528            0.000            0.000            0.000            0.000            0.000            0.000
    67     3     8  1982     204     204  hru204         0.000       0.000      12.588       7.856            0.000            0.000            0.000           43.660           73.074          -17.755           12.358            2.567            0.488            0.000            0.000            0.000            0.000            0.000            0.000
    67     3     8  1982     205     205  hru205         0.000       0.000      12.670       7.849            0.000            0.000            0.000           43.479           73.116          -17.744           12.365            2.561            0.487            0.000            0.000            0.000            0.000            0.000            0.000
    67     3     8  1982     206     206  hru206         0.000       0.000      12.783       7.825            0.000            0.000            0.000           43.947           73.044          -17.760           12.353            2.570            0.488            0.000            0.000            0.000            0.000            0.000            0.000
    67     3     8  1982     207     207  hru207         0.000       0.000      15.122       9.990            0.000            0.000            0.000           65.929           94.657          -19.873           16.091            2.784            0.529            0.000            0.000            0.000            0.000            0.000            0.000
    67     3     8  1982     208     208  hru208         0.000       0.000      14.866      10.030            0.000            0.000            0.000           65.891           94.672          -19.880           16.093            2.783            0.529            0.000            0.000            0.000            0.000            0.000            0.000
    67     3     8  1982     209     209  hru209         0.000       0.000      14.400      10.098            0.000            0.000            0.000           65.723           94.675          -19.934           16.093            2.777            0.528            0.000            0.000            0.000            0.000            0.000            0.000
    67     3     8  1982     210     210  hru210         0.000       0.000      14.705      10.055            0.000            0.000            0.000           65.900           94.683          -19.884           16.095            2.782            0.529            0.000            0.000            0.000            0.000            0.000            0.000
    67     3     8  1982     211     211  hru211         0.000       0.000      15.143       9.988            0.000            0.000            0.000           66.040           94.660          -19.863           16.091            2.785            0.529            0.000            0.000            0.000            0.000            0.000            0.000
    67     3     8  1982     212     212  hru212         0.000       0.000       7.488       5.260            0.000            0.000            0.000           33.781           54.164          -10.796            9.144            2.809            0.534            0.000            0.000            0.000            0.000            0.000            0.000
    67     3     8  1982     213     213  hru213         0.000       0.000      12.173       7.908            0.000            0.000            0.000           44.267           73.010          -17.774           12.347            2.578            0.490            0.000            0.000            0.000            0.000            0.000            0.000
    67     3     8  1982     214     214  hru214         0.000       0.000      12.174       7.909            0.000            0.000            0.000           44.088           73.015          -17.773           12.348            2.577            0.490            0.000            0.000            0.000            0.000            0.000            0.000
    67     3     8  1982     215     215  hru215         0.000       0.000      12.032       7.930            0.000            0.000            0.000           44.162           73.025          -17.772           12.349            2.577            0.490            0.000            0.000            0.000            0.000            0.000            0.000
    67     3     8  1982     216     216  hru216         0.000       0.000      11.778       7.952            0.000            0.000            0.000           44.642           72.906          -17.801           12.329            2.570            0.488            0.000            0.000            0.000            0.000            0.000            0.000
    67     3     8  1982     217     217  hru217         0.000       0.000      12.332       7.894            0.000            0.000            0.000           43.832           73.087          -17.755           12.360            2.569            0.488            0.000            0.000            0.000            0.000            0.000            0.000
    67     3     8  1982     218     218  hru218         0.000       0.000      11.979       7.941            0.000            0.000            0.000           44.209           73.053          -17.767           12.354            2.576            0.490            0.000            0.000            0.000            0.000            0.000            0.000
    67     3     8  1982     219     219  hru219         0.000       0.000       6.171       5.408            0.000            0.000            0.000           35.673           54.525          -10.902            9.201            2.780            0.528            0.000            0.000            0.000            0.000            0.000            0.000
    67     3     8  1982     220     220  hru220         0.000       0.000       6.411       5.381            0.000            0.000            0.000           35.235           54.420          -10.879            9.184            2.782            0.529            0.000            0.000            0.000            0.000            0.000            0.000
    67     3     8  1982     221     221  hru221         0.000       0.000      18.527       8.995            0.000            0.000            0.000           98.828           83.255          -18.310           14.154            2.670            0.507            0.000            0.000            0.000            0.000            0.000            0.000
    67     3     8  1982     222     222  hru222         0.000       0.000      21.049       8.189            0.000            0.000            0.000           93.912           82.845          -18.348           14.092            2.699            0.513            0.000            0.000            0.000            0.000            0.000            0.000
    67     3     8  1982     223     223  hru223         0.000       0.000      12.147      10.240            0.000            0.000            0.000           98.947           83.886          -18.219           14.253            2.671            0.507            0.000            0.000            0.000            0.000            0.000            0.000
    67     3     8  1982     224     224  hru224         0.000       0.000      13.054      10.059            0.000            0.000            0.000           93.844           84.038          -18.174           14.280            2.700            0.513            0.000            0.000            0.000            0.000            0.000            0.000
    67     3     8  1982     225     225  hru225         0.000       0.000      21.421       7.849            0.000            0.000            0.000           89.593           82.575          -18.363           14.053            2.731            0.519            0.000            0.000            0.000            0.000            0.000            0.000
    67     3     8  1982     226     226  hru226         0.000       0.000      12.141      10.241            0.000            0.000            0.000           98.920           83.867          -18.223           14.250            2.669            0.507            0.000            0.000            0.000            0.000            0.000            0.000
    67     3     8  1982     227     227  hru227         0.000       0.000      13.336       9.997            0.000            0.000            0.000           92.389           84.074          -18.163           14.286            2.705            0.514            0.000            0.000            0.000            0.000            0.000            0.000
    67     3     8  1982     228     228  hru228         0.000       0.000      11.785      10.324            0.000            0.000            0.000          101.748           83.787          -18.245           14.236            2.654            0.504            0.000            0.000            0.000            0.000            0.000            0.000
    67     3     8  1982     229     229  hru229         0.000       0.000      18.051       9.078            0.000            0.000            0.000           98.931           83.299          -18.304           14.161            2.670            0.507            0.000            0.000            0.000            0.000            0.000            0.000
    67     3     8  1982     230     230  hru230         0.000       0.000      20.909       8.313            0.000            0.000            0.000           95.356           82.947          -18.340           14.108            2.691            0.511            0.000            0.000            0.000            0.000            0.000            0.000
    67     3     8  1982     231     231  hru231         0.000       0.000      14.588       9.692            0.000            0.000            0.000          101.646           83.525          -18.281           14.195            2.657            0.505            0.000            0.000            0.000            0.000            0.000            0.000
    67     3     8  1982     232     232  hru232         0.000       0.000      11.774      10.326            0.000            0.000            0.000          101.810           83.786          -18.246           14.236            2.654            0.504            0.000            0.000            0.000            0.000            0.000            0.000
    67     3     8  1982     233     233  hru233         0.000       0.000      13.301      10.005            0.000            0.000            0.000           92.673           84.068          -18.164           14.285            2.704            0.514            0.000            0.000            0.000            0.000            0.000            0.000
    67     3     8  1982     234     234  hru234         0.000       0.000      21.032       8.197            0.000            0.000            0.000           94.068           82.839          -18.351           14.091            2.698            0.513            0.000            0.000            0.000            0.000            0.000            0.000
    67     3     8  1982     235     235  hru235         0.000       0.000      18.431       9.011            0.000            0.000            0.000           98.838           83.251          -18.312           14.153            2.669            0.507            0.000            0.000            0.000            0.000            0.000            0.000
    67     3     8  1982     236     236  hru236         0.000       0.000      13.518       9.960            0.000            0.000            0.000           91.505           84.127          -18.148           14.296            2.714            0.516            0.000            0.000            0.000            0.000            0.000            0.000
    67     3     8  1982     237     237  hru237         0.000       0.000      21.565       7.737            0.000            0.000            0.000           85.375           82.345          -18.371           14.020            2.752            0.523            0.000            0.000            0.000            0.000            0.000            0.000
    67     3     8  1982     238     238  hru238         0.000       0.000      21.147       8.110            0.000            0.000            0.000           92.820           82.802          -18.348           14.086            2.704            0.514            0.000            0.000            0.000            0.000            0.000            0.000
    67     3     8  1982     239     239  hru239         0.000       0.000      18.423       9.014            0.000            0.000            0.000           98.889           83.277          -18.306           14.158            2.672            0.508            0.000            0.000            0.000            0.000            0.000            0.000
    67     3     8  1982     240     240  hru240         0.000       0.000      13.391       9.987            0.000            0.000            0.000           92.417           84.104          -18.155           14.292            2.708            0.514            0.000            0.000            0.000            0.000            0.000            0.000
    67     3     8  1982     241     241  hru241         0.000       0.000      21.606       7.750            0.000            0.000            0.000           84.848           82.421          -18.356           14.033            2.755            0.523            0.000            0.000            0.000            0.000            0.000            0.000
    67     3     8  1982     242     242  hru242         0.000       0.000      14.798       9.707            0.000            0.000            0.000           86.823           84.317          -18.090           14.330            2.744            0.521            0.000            0.000            0.000            0.000            0.000            0.000
    67     3     8  1982     243     243  hru243         0.000       0.000      14.586      10.074            0.000            0.000            0.000           65.491           94.686          -19.893           16.095            2.781            0.528            0.000            0.000            0.000            0.000            0.000            0.000
    67     3     8  1982     244     244  hru244         0.000       0.000      14.026      10.160            0.000            0.000            0.000           65.463           94.690          -19.950           16.095            2.775            0.527            0.000            0.000            0.000            0.000            0.000            0.000
    67     3     8  1982     245     245  hru245         0.000       0.000      14.242      10.126            0.000            0.000            0.000           65.461           94.689          -19.930           16.095            2.777            0.528            0.000            0.000            0.000            0.000            0.000            0.000
    67     3     8  1982     246     246  hru246         0.000       0.000      14.406      10.100            0.000            0.000            0.000           65.573           94.686          -19.915           16.095            2.779            0.528            0.000            0.000            0.000            0.000            0.000            0.000
    67     3     8  1982     247     247  hru247         0.000       0.000      14.239      10.124            0.000            0.000            0.000           65.634           94.677          -19.946           16.093            2.776            0.527            0.000            0.000            0.000            0.000            0.000            0.000
    67     3     8  1982     248     248  hru248         0.000       0.000      12.352      10.525            0.000            0.000            0.000           67.543           94.593          -20.134           16.076            2.761            0.525            0.000            0.000            0.000            0.000            0.000            0.000
    67     3     8  1982     249     249  hru249         0.000       0.000      12.120      10.457            0.000            0.000            0.000           68.800           94.451          -20.210           16.052            2.772            0.527            0.000            0.000            0.000            0.000            0.000            0.000
    67     3     8  1982     250     250  hru250         0.000       0.000      14.825      10.033            0.000            0.000            0.000           65.831           94.665          -19.901           16.092            2.780            0.528            0.000            0.000            0.000            0.000            0.000            0.000
    67     3     8  1982     251     251  hru251         0.000       0.000      12.334      10.529            0.000            0.000            0.000           67.598           94.591          -20.137           16.076            2.761            0.525            0.000            0.000            0.000            0.000            0.000            0.000
    67     3     8  1982     252     252  hru252         0.000       0.000      12.326      10.524            0.000            0.000            0.000           67.153           94.552          -20.157           16.069            2.759            0.524            0.000            0.000            0.000            0.000            0.000            0.000
    67     3     8  1982     253     253  hru253         0.000       0.000      14.089      10.151            0.000            0.000            0.000           65.149           94.694          -19.938           16.096            2.776            0.527            0.000            0.000            0.000            0.000            0.000            0.000
    67     3     8  1982     254     254  hru254         0.000       0.000      12.638      10.460            0.000            0.000            0.000           66.369           94.612          -20.108           16.080            2.762            0.525            0.000            0.000            0.000            0.000            0.000            0.000
    67     3     8  1982     255     255  hru255         0.000       0.000      14.813      10.035            0.000            0.000            0.000           65.692           94.663          -19.905           16.091            2.780            0.528            0.000            0.000            0.000            0.000            0.000            0.000
    67     3     8  1982     256     256  hru256         0.000       0.000      14.681      10.058            0.000            0.000            0.000           65.690           94.680          -19.891           16.094            2.781            0.528            0.000            0.000            0.000            0.000            0.000            0.000
    67     3     8  1982     257     257  hru257         0.000       0.000      12.674      10.450            0.000            0.000            0.000           66.435           94.620          -20.101           16.081            2.763            0.525            0.000            0.000            0.000            0.000            0.000            0.000
    67     3     8  1982     258     258  hru258         0.000       0.000      14.138      10.142            0.000            0.000            0.000           65.257           94.689          -19.940           16.095            2.776            0.527            0.000            0.000            0.000            0.000            0.000            0.000
    67     3     8  1982     259     259  hru259         0.000       0.000      13.948      10.174            0.000            0.000            0.000           65.157           94.690          -19.955           16.095            2.774            0.527            0.000            0.000            0.000            0.000            0.000            0.000
    67     3     8  1982     260     260  hru260         0.000       0.000      12.669      10.451            0.000            0.000            0.000           66.419           94.621          -20.101           16.081            2.763            0.525            0.000            0.000            0.000            0.000            0.000            0.000
    67     3     8  1982     261     261  hru261         0.000       0.000      12.334      10.521            0.000            0.000            0.000           67.179           94.550          -20.158           16.069            2.759            0.524            0.000            0.000            0.000            0.000            0.000            0.000
    67     3     8  1982     262     262  hru262         0.000       0.000      12.673      10.452            0.000            0.000            0.000           66.406           94.610          -20.108           16.079            2.762            0.525            0.000            0.000            0.000            0.000            0.000            0.000
    67     3     8  1982     263     263  hru263         0.000       0.000      13.612      10.236            0.000            0.000            0.000           65.158           94.665          -20.007           16.090            2.770            0.526            0.000            0.000            0.000            0.000            0.000            0.000
    67     3     8  1982     264     264  hru264         0.000       0.000      13.789      10.203            0.000            0.000            0.000           65.016           94.675          -19.984           16.092            2.772            0.527            0.000            0.000            0.000            0.000            0.000            0.000
    67     3     8  1982     265     265  hru265         0.000       0.000      12.330      10.523            0.000            0.000            0.000           67.175           94.552          -20.157           16.069            2.759            0.524            0.000            0.000            0.000            0.000            0.000            0.000
    67     3     8  1982     266     266  hru266         0.000       0.000      12.652      10.457            0.000            0.000            0.000           66.383           94.611          -20.109           16.080            2.762            0.525            0.000            0.000            0.000            0.000            0.000            0.000
    67     3     8  1982     267     267  hru267         0.000       0.000      12.696      10.445            0.000            0.000            0.000           66.428           94.619          -20.102           16.081            2.763            0.525            0.000            0.000            0.000            0.000            0.000            0.000
    67     3     8  1982     268     268  hru268         0.000       0.000      14.329      10.111            0.000            0.000            0.000           65.216           94.678          -19.934           16.093            2.776            0.527            0.000            0.000            0.000            0.000            0.000            0.000
    67     3     8  1982     269     269  hru269         0.000       0.000      14.456      10.091            0.000            0.000            0.000           65.475           94.679          -19.919           16.094            2.778            0.528            0.000            0.000            0.000            0.000            0.000            0.000
    67     3     8  1982     270     270  hru270         0.000       0.000      12.360      10.523            0.000            0.000            0.000           67.495           94.591          -20.135           16.076            2.761            0.525            0.000            0.000            0.000            0.000            0.000            0.000
    67     3     8  1982     271     271  hru271         0.000       0.000      14.721      10.048            0.000            0.000            0.000           65.676           94.662          -19.915           16.091            2.779            0.528            0.000            0.000            0.000            0.000            0.000            0.000
