 Prueba3                   SWAT+ Jul 2 2024        MODULAR Rev 2024.61.0.1                                
         jday        mon          day       year hru     name               total soil carbon (kg/ha) by layer 
           1           1           1        1982 hru     hru001             1.149791       29.37980       54.92256    
           2           1           2        1982 hru     hru001             1.149791       29.37980       54.92256    
           3           1           3        1982 hru     hru001             1.149791       29.37980       54.92256    
           4           1           4        1982 hru     hru001             1.149791       29.37980       54.92256    
           5           1           5        1982 hru     hru001             1.149791       29.37980       54.92256    
           6           1           6        1982 hru     hru001             1.149791       29.37980       54.92256    
           7           1           7        1982 hru     hru001             1.149791       29.37980       54.92256    
           8           1           8        1982 hru     hru001             1.149791       29.37980       54.92256    
           9           1           9        1982 hru     hru001             1.149791       29.37980       54.92256    
          10           1          10        1982 hru     hru001             1.149791       29.37980       54.92256    
          11           1          11        1982 hru     hru001             1.149791       29.37980       54.92256    
          12           1          12        1982 hru     hru001             1.149791       29.37980       54.92256    
          13           1          13        1982 hru     hru001             1.149791       29.37980       54.92256    
          14           1          14        1982 hru     hru001             1.149791       29.37980       54.92256    
          15           1          15        1982 hru     hru001             1.149791       29.37980       54.92256    
          16           1          16        1982 hru     hru001             1.149791       29.37980       54.92256    
          17           1          17        1982 hru     hru001             1.149791       29.37980       54.92256    
          18           1          18        1982 hru     hru001             1.149791       29.37980       54.92256    
          19           1          19        1982 hru     hru001             1.149791       29.37980       54.92256    
          20           1          20        1982 hru     hru001             1.149791       29.37980       54.92256    
          21           1          21        1982 hru     hru001             1.149791       29.37980       54.92256    
          22           1          22        1982 hru     hru001             1.149791       29.37980       54.92256    
          23           1          23        1982 hru     hru001             1.149791       29.37980       54.92256    
          24           1          24        1982 hru     hru001             1.149791       29.37980       54.92256    
          25           1          25        1982 hru     hru001             1.149791       29.37980       54.92256    
          26           1          26        1982 hru     hru001             1.149791       29.37980       54.92256    
          27           1          27        1982 hru     hru001             1.149791       29.37980       54.92256    
          28           1          28        1982 hru     hru001             1.149791       29.37980       54.92256    
          29           1          29        1982 hru     hru001             1.149791       29.37980       54.92256    
          30           1          30        1982 hru     hru001             1.149791       29.37980       54.92256    
          31           1          31        1982 hru     hru001             1.149791       29.37980       54.92256    
          32           2           1        1982 hru     hru001             1.149791       29.37980       54.92256    
          33           2           2        1982 hru     hru001             1.149791       29.37980       54.92256    
          34           2           3        1982 hru     hru001             1.149791       29.37980       54.92256    
          35           2           4        1982 hru     hru001             1.149791       29.37980       54.92256    
          36           2           5        1982 hru     hru001             1.149791       29.37980       54.92256    
          37           2           6        1982 hru     hru001             1.149791       29.37980       54.92256    
          38           2           7        1982 hru     hru001             1.149791       29.37980       54.92256    
          39           2           8        1982 hru     hru001             1.149791       29.37980       54.92256    
          40           2           9        1982 hru     hru001             1.149791       29.37980       54.92256    
          41           2          10        1982 hru     hru001             1.149791       29.37980       54.92256    
          42           2          11        1982 hru     hru001             1.149791       29.37980       54.92256    
          43           2          12        1982 hru     hru001             1.149791       29.37980       54.92256    
          44           2          13        1982 hru     hru001             1.149791       29.37980       54.92256    
          45           2          14        1982 hru     hru001             1.149791       29.37980       54.92256    
          46           2          15        1982 hru     hru001             1.149791       29.37980       54.92256    
          47           2          16        1982 hru     hru001             1.149791       29.37980       54.92256    
          48           2          17        1982 hru     hru001             1.149791       29.37980       54.92256    
          49           2          18        1982 hru     hru001             1.149791       29.37980       54.92256    
          50           2          19        1982 hru     hru001             1.149791       29.37980       54.92256    
          51           2          20        1982 hru     hru001             1.149791       29.37980       54.92256    
          52           2          21        1982 hru     hru001             1.149791       29.37980       54.92256    
          53           2          22        1982 hru     hru001             1.149791       29.37980       54.92256    
          54           2          23        1982 hru     hru001             1.149791       29.37980       54.92256    
          55           2          24        1982 hru     hru001             1.149791       29.37980       54.92256    
          56           2          25        1982 hru     hru001             1.149791       29.37980       54.92256    
          57           2          26        1982 hru     hru001             1.149791       29.37980       54.92256    
          58           2          27        1982 hru     hru001             1.149791       29.37980       54.92256    
          59           2          28        1982 hru     hru001             1.149791       29.37980       54.92256    
          60           3           1        1982 hru     hru001             1.149791       29.37980       54.92256    
          61           3           2        1982 hru     hru001             1.149791       29.37980       54.92256    
          62           3           3        1982 hru     hru001             1.149791       29.37980       54.92256    
          63           3           4        1982 hru     hru001             1.149791       29.37980       54.92256    
          64           3           5        1982 hru     hru001             1.149791       29.37980       54.92256    
          65           3           6        1982 hru     hru001             1.149791       29.37980       54.92256    
          66           3           7        1982 hru     hru001             1.149791       29.37980       54.92256    
          67           3           8        1982 hru     hru001             1.149791       29.37980       54.92256    
