 Prueba3                   SWAT+ Jul 2 2024        MODULAR Rev 2024.61.0.1                                
  jday   mon   day    yr    unit  gis_id  name                  precip     snofall      snomlt    surq_gen        latq    wateryld        perc          et     ecanopy      eplant       esoil   surq_cont          cn     sw_init    sw_final      sw_ave      sw_300    sno_init   sno_final     snopack         pet       qtile         irr  surq_runon  latq_runon    overbank    surq_cha    surq_res     surq_ls    latq_cha    latq_res     latq_ls     gwsoilq       satex  satex_chan   sw_change     lagsurf     laglatq    lagsatex    wet_evap    wet_oflo    wet_stor
                                                                  mm            mm          mm          mm          mm          mm          mm          mm          mm          mm          mm          mm         ---          mm          mm          mm          mm          mm          mm          mm          mm          mm          mm          mm          mm          mm          mm          mm          mm          mm          mm          mm          mm          mm          mm          mm          mm          mm          mm          mm          mm          mm
     67     3     8  1982      1       0  rtu0010              588.600       0.000       0.000     243.638      30.197     273.835      76.875       5.997       0.000       0.000       5.997     243.639      71.777     277.068     507.619     363.087      83.050       0.000       0.000       0.000       6.038       0.000       0.000       0.000       0.000       0.000     243.639       0.000       0.000      30.197       0.000       0.000       0.000       0.000       0.000     230.822       0.051      54.386       0.000       0.000       0.000       0.000
     67     3     8  1982      2       0  rtu0020              588.600       0.000       0.000     245.121      29.458     274.580      77.057       5.965       0.000       0.000       5.965     245.140      71.803     278.127     507.722     363.718      83.279       0.000       0.000       0.000       6.006       0.000       0.000       0.000       0.000       0.000     245.140       0.000       0.000      29.458       0.000       0.000       0.000       0.000       0.000     229.941       0.989      53.054       0.000       0.000       0.000       0.000
     67     3     8  1982      3       0  rtu0030              588.600       0.000       0.000     239.917      32.215     272.132      76.456       5.950       0.000       0.000       5.950     239.924      71.716     274.667     507.374     361.635      82.527       0.000       0.000       0.000       5.991       0.000       0.000       0.000       0.000       0.000     239.924       0.000       0.000      32.215       0.000       0.000       0.000       0.000       0.000     232.900       0.389      58.019       0.000       0.000       0.000       0.000
     67     3     8  1982      4       0  rtu0040              588.600       0.000       0.000     222.116      41.271     263.388      74.503       5.923       0.000       0.000       5.923     222.147      71.422     263.345     506.425     354.874      80.067       0.000       0.000       0.000       5.964       0.000       0.000       0.000       0.000       0.000     222.147       0.000       0.000      41.271       0.000       0.000       0.000       0.000       0.000     243.215       1.549      74.329       0.000       0.000       0.000       0.000
     67     3     8  1982      5       0  rtu0050              588.600       0.000       0.000     260.239      22.310     282.549      78.709       5.956       0.000       0.000       5.956     260.241      72.041     287.943     508.242     369.403      85.521       0.000       0.000       0.000       5.996       0.000       0.000       0.000       0.000       0.000     260.241       0.000       0.000      22.310       0.000       0.000       0.000       0.000       0.000     220.623       0.110      40.179       0.000       0.000       0.000       0.000
     67     3     8  1982      6       0  rtu0060              588.594       0.000       0.000     261.778      21.489     283.267      78.894       5.961       0.000       0.000       5.961     261.790      72.065     289.011     508.303     370.043      85.766       0.000       0.000       0.000       6.002       0.000       0.000       0.000       0.000       0.000     261.790       0.000       0.000      21.489       0.000       0.000       0.000       0.000       0.000     219.730       0.691      38.701       0.000       0.000       0.000       0.000
     67     3     8  1982      7       0  rtu0070              588.600       0.000       0.000     234.166      35.040     269.206      75.835       5.910       0.000       0.000       5.910     234.173      71.631     271.017     507.136     359.497      81.715       0.000       0.000       0.000       5.950       0.000       0.000       0.000       0.000       0.000     234.173       0.000       0.000      35.040       0.000       0.000       0.000       0.000       0.000     236.378       0.377      63.108       0.000       0.000       0.000       0.000
     67     3     8  1982      8       0  rtu0080              588.600       0.000       0.000     343.735      23.471     367.206      57.644       5.937       0.000       0.000       5.937     343.745      76.299     277.832     434.343     331.486      89.042       0.000       0.000       0.000       5.976       0.000       0.000       0.000       0.000       0.000     343.745       0.000       0.000      23.471       0.000       0.000       0.000       0.000       0.000     156.658       0.612      85.998       0.000       0.000       0.000       0.000
     67     3     8  1982      9       0  rtu0090              588.600       0.000       0.000     466.697      11.729     478.425      35.915       6.146       0.000       0.000       6.146     466.702      80.939     281.464     348.339     296.951      96.437       0.000       0.000       0.000       6.184       0.000       0.000       0.000       0.000       0.000     466.702       0.000       0.000      11.729       0.000       0.000       0.000       0.000       0.000      66.875       0.444     129.452       0.000       0.000       0.000       0.000
     67     3     8  1982     10       0  rtu0100              588.600       0.000       0.000     466.960      11.684     478.644      35.924       6.125       0.000       0.000       6.125     466.967      80.984     281.664     348.339     297.009      96.494       0.000       0.000       0.000       6.163       0.000       0.000       0.000       0.000       0.000     466.967       0.000       0.000      11.684       0.000       0.000       0.000       0.000       0.000      66.675       0.504     128.957       0.000       0.000       0.000       0.000
     67     3     8  1982     11       0  rtu0110              588.600       0.000       0.000     299.326      29.560     328.887      63.811       6.069       0.000       0.000       6.069     299.332      74.359     272.167     460.558     340.016      85.649       0.000       0.000       0.000       6.110       0.000       0.000       0.000       0.000       0.000     299.332       0.000       0.000      29.560       0.000       0.000       0.000       0.000       0.000     188.524       0.302      83.819       0.000       0.000       0.000       0.000
     67     3     8  1982     12       0  rtu0120              588.600       0.000       0.000     227.307      38.369     265.676      75.053       6.022       0.000       0.000       6.022     227.316      71.512     266.470     506.733     356.788      80.759       0.000       0.000       0.000       6.063       0.000       0.000       0.000       0.000       0.000     227.316       0.000       0.000      38.369       0.000       0.000       0.000       0.000       0.000     240.427       0.450      69.103       0.000       0.000       0.000       0.000
     67     3     8  1982     13       0  rtu0130              588.606       0.000       0.000     372.264      23.154     395.419      50.661       6.143       0.000       0.000       6.143     372.275      77.225     273.993     408.950     318.949      90.040       0.000       0.000       0.000       6.182       0.000       0.000       0.000       0.000       0.000     372.275       0.000       0.000      23.154       0.000       0.000       0.000       0.000       0.000     135.004       0.732     109.532       0.000       0.000       0.000       0.000
     67     3     8  1982     14       0  rtu0140              588.600       0.000       0.000     223.721      40.125     263.846      74.652       6.076       0.000       0.000       6.076     223.725      71.448     264.144     506.535     355.397      80.266       0.000       0.000       0.000       6.118       0.000       0.000       0.000       0.000       0.000     223.725       0.000       0.000      40.125       0.000       0.000       0.000       0.000       0.000     242.529       0.205      72.266       0.000       0.000       0.000       0.000
     67     3     8  1982     15       0  rtu0150              588.600       0.000       0.000     222.754      40.697     263.452      74.553       6.041       0.000       0.000       6.041     222.768      71.432     263.587     506.476     355.051      80.139       0.000       0.000       0.000       6.082       0.000       0.000       0.000       0.000       0.000     222.768       0.000       0.000      40.697       0.000       0.000       0.000       0.000       0.000     243.023       0.723      73.296       0.000       0.000       0.000       0.000
     67     3     8  1982     16       0  rtu0160              588.600       0.000       0.000     228.842      37.593     266.435      75.224       6.011       0.000       0.000       6.011     228.850      71.539     267.453     506.820     357.378      80.969       0.000       0.000       0.000       6.053       0.000       0.000       0.000       0.000       0.000     228.850       0.000       0.000      37.593       0.000       0.000       0.000       0.000       0.000     239.544       0.424      67.704       0.000       0.000       0.000       0.000
     67     3     8  1982     17       0  rtu0170              588.600       0.000       0.000     471.478      10.267     481.745      36.053       6.101       0.000       0.000       6.101     471.478      81.646     284.669     348.339     297.916      97.378       0.000       0.000       0.000       6.138       0.000       0.000       0.000       0.000       0.000     471.478       0.000       0.000      10.267       0.000       0.000       0.000       0.000       0.000      63.670       0.000     113.315       0.000       0.000       0.000       0.000
     67     3     8  1982     18       0  rtu0180              588.600       0.000       0.000     317.063      29.667     346.730      57.742       6.036       0.000       0.000       6.036     317.067      75.576     284.982     461.896     341.182      86.769       0.000       0.000       0.000       6.076       0.000       0.000       0.000       0.000       0.000     317.067       0.000       0.000      29.667       0.000       0.000       0.000       0.000       0.000     177.062       0.203      78.824       0.000       0.000       0.000       0.000
     67     3     8  1982     19       0  rtu0190              588.600       0.000       0.000     438.458      17.891     456.349      34.447       5.973       0.000       0.000       5.973     438.461      81.063     310.351     401.429     320.348      94.960       0.000       0.000       0.000       6.011       0.000       0.000       0.000       0.000       0.000     438.461       0.000       0.000      17.891       0.000       0.000       0.000       0.000       0.000      91.321       0.182      91.850       0.000       0.000       0.000       0.000
     67     3     8  1982     20       0  rtu0200              588.600       0.000       0.000     566.290       7.860     574.150       7.412       5.982       0.000       0.000       5.982     566.295      87.025     332.504     333.459     293.416     102.766       0.000       0.000       0.000       6.018       0.000       0.000       0.000       0.000       0.000     566.295       0.000       0.000       7.860       0.000       0.000       0.000       0.000       0.000       0.955       0.485      95.451       0.000       0.000       0.000       0.000
     67     3     8  1982     21       0  rtu0210              588.600       0.000       0.000     225.342      39.538     264.881      74.856       5.938       0.000       0.000       5.938     225.404      71.479     265.369     506.613     356.102      80.508       0.000       0.000       0.000       5.979       0.000       0.000       0.000       0.000       0.000     225.404       0.000       0.000      39.538       0.000       0.000       0.000       0.000       0.000     241.400       3.154      71.208       0.000       0.000       0.000       0.000
     67     3     8  1982     22       0  rtu0220              588.600       0.000       0.000     231.193      36.452     267.645      75.510       5.939       0.000       0.000       5.939     231.323      71.582     269.129     506.960     358.370      81.317       0.000       0.000       0.000       5.980       0.000       0.000       0.000       0.000       0.000     231.323       0.000       0.000      36.452       0.000       0.000       0.000       0.000       0.000     238.051       6.552      65.649       0.000       0.000       0.000       0.000
     67     3     8  1982     23       0  rtu0230              588.600       0.000       0.000     479.502       7.831     487.333      36.287       6.019       0.000       0.000       6.019     479.532      82.682     290.142     348.339     299.530      98.952       0.000       0.000       0.000       6.056       0.000       0.000       0.000       0.000       0.000     479.532       0.000       0.000       7.831       0.000       0.000       0.000       0.000       0.000      58.197       2.343      86.435       0.000       0.000       0.000       0.000
     67     3     8  1982     24       0  rtu0240              588.600       0.000       0.000     460.580      13.656     474.236      35.739       6.183       0.000       0.000       6.183     460.580      80.101     277.410     348.339     295.726      95.242       0.000       0.000       0.000       6.221       0.000       0.000       0.000       0.000       0.000     460.580       0.000       0.000      13.656       0.000       0.000       0.000       0.000       0.000      70.929       0.000     150.725       0.000       0.000       0.000       0.000
     67     3     8  1982     25       0  rtu0250              588.600       0.000       0.000     234.950      34.452     269.402      75.931       5.969       0.000       0.000       5.969     234.978      71.644     271.536     507.221     359.831      81.843       0.000       0.000       0.000       6.010       0.000       0.000       0.000       0.000       0.000     234.978       0.000       0.000      34.452       0.000       0.000       0.000       0.000       0.000     236.028       1.501      62.048       0.000       0.000       0.000       0.000
     67     3     8  1982     26       0  rtu0260              588.600       0.000       0.000     232.494      35.657     268.151      75.629       6.026       0.000       0.000       6.026     232.498      71.601     269.781     507.046     358.785      81.472       0.000       0.000       0.000       6.067       0.000       0.000       0.000       0.000       0.000     232.498       0.000       0.000      35.657       0.000       0.000       0.000       0.000       0.000     237.497       0.221      64.218       0.000       0.000       0.000       0.000
     67     3     8  1982     27       0  rtu0270              588.600       0.000       0.000     477.210       8.542     485.751      36.220       6.039       0.000       0.000       6.039     477.219      82.360     288.581     348.339     299.060      98.493       0.000       0.000       0.000       6.076       0.000       0.000       0.000       0.000       0.000     477.219       0.000       0.000       8.542       0.000       0.000       0.000       0.000       0.000      59.758       0.681      94.274       0.000       0.000       0.000       0.000
     67     3     8  1982     28       0  rtu0280              588.600       0.000       0.000     478.616       8.071     486.687      36.260       6.046       0.000       0.000       6.046     478.626      82.568     289.505     348.339     299.345      98.771       0.000       0.000       0.000       6.084       0.000       0.000       0.000       0.000       0.000     478.626       0.000       0.000       8.071       0.000       0.000       0.000       0.000       0.000      58.834       0.764      89.084       0.000       0.000       0.000       0.000
     67     3     8  1982     29       0  rtu0290              588.600       0.000       0.000     247.201      28.392     275.593      77.284       5.992       0.000       0.000       5.992     247.203      71.835     279.445     507.826     364.500      83.573       0.000       0.000       0.000       6.033       0.000       0.000       0.000       0.000       0.000     247.203       0.000       0.000      28.392       0.000       0.000       0.000       0.000       0.000     228.733       0.101      51.133       0.000       0.000       0.000       0.000
     67     3     8  1982     30       0  rtu0300              588.600       0.000       0.000     484.331       6.333     490.664      36.419       6.008       0.000       0.000       6.008     484.339      83.119     293.421     348.339     300.414      99.811       0.000       0.000       0.000       6.045       0.000       0.000       0.000       0.000       0.000     484.339       0.000       0.000       6.333       0.000       0.000       0.000       0.000       0.000      54.918       0.616      69.898       0.000       0.000       0.000       0.000
     67     3     8  1982     31       0  rtu0310              588.600       0.000       0.000     353.916       8.537     362.453      65.186       6.804       0.000       0.000       6.804     353.916      75.209     285.083     438.731     343.664      89.198       0.000       0.000       0.000       6.848       0.000       0.000       0.000       0.000       0.000     353.916       0.000       0.000       8.537       0.000       0.000       0.000       0.000       0.000     153.647       0.000      35.537       0.000       0.000       0.000       0.000
     67     3     8  1982     32       0  rtu0320              588.600       0.000       0.000     503.640      12.033     515.674      24.793       6.693       0.000       0.000       6.693     503.668      85.218     255.287     296.205     257.675     112.529       0.000       0.000       0.000       6.720       0.000       0.000       0.000       0.000       0.000     503.668       0.000       0.000      12.033       0.000       0.000       0.000       0.000       0.000      40.917       2.254      88.349       0.000       0.000       0.000       0.000
     67     3     8  1982     33       0  rtu0330              588.600       0.000       0.000     501.059      12.936     513.995      24.766       6.642       0.000       0.000       6.642     501.075      85.002     253.575     296.205     257.387     112.254       0.000       0.000       0.000       6.669       0.000       0.000       0.000       0.000       0.000     501.075       0.000       0.000      12.936       0.000       0.000       0.000       0.000       0.000      42.630       1.280      94.979       0.000       0.000       0.000       0.000
     67     3     8  1982     34       0  rtu0340              588.600       0.000       0.000     501.346      12.705     514.052      24.768       6.721       0.000       0.000       6.721     501.346      85.017     253.685     296.205     257.410     112.276       0.000       0.000       0.000       6.749       0.000       0.000       0.000       0.000       0.000     501.346       0.000       0.000      12.705       0.000       0.000       0.000       0.000       0.000      42.519       0.000      93.282       0.000       0.000       0.000       0.000
     67     3     8  1982     35       0  rtu0350              588.600       0.000       0.000     459.438      13.232     472.669      35.689       6.609       0.000       0.000       6.609     459.444      79.914     276.203     348.339     295.396      94.922       0.000       0.000       0.000       6.650       0.000       0.000       0.000       0.000       0.000     459.444       0.000       0.000      13.232       0.000       0.000       0.000       0.000       0.000      72.136       0.497     146.039       0.000       0.000       0.000       0.000
     67     3     8  1982     36       0  rtu0360              588.600       0.000       0.000     460.613      13.456     474.069      35.736       6.281       0.000       0.000       6.281     460.632      80.094     277.337     348.339     295.712      95.229       0.000       0.000       0.000       6.320       0.000       0.000       0.000       0.000       0.000     460.632       0.000       0.000      13.456       0.000       0.000       0.000       0.000       0.000      71.002       1.436     148.516       0.000       0.000       0.000       0.000
     67     3     8  1982     37       0  rtu0370              588.600       0.000       0.000     470.340      10.407     480.746      36.017       6.218       0.000       0.000       6.218     470.372      81.466     283.812     348.339     297.667      97.136       0.000       0.000       0.000       6.257       0.000       0.000       0.000       0.000       0.000     470.372       0.000       0.000      10.407       0.000       0.000       0.000       0.000       0.000      64.527       2.463     114.861       0.000       0.000       0.000       0.000
     67     3     8  1982     38       0  rtu0380              588.600       0.000       0.000     467.938      11.231     479.169      35.949       6.198       0.000       0.000       6.198     467.941      81.112     282.226     348.339     297.185      96.666       0.000       0.000       0.000       6.236       0.000       0.000       0.000       0.000       0.000     467.941       0.000       0.000      11.231       0.000       0.000       0.000       0.000       0.000      66.113       0.194     123.958       0.000       0.000       0.000       0.000
     67     3     8  1982     39       0  rtu0390              588.600       0.000       0.000     464.414      11.964     476.377      35.840       6.420       0.000       0.000       6.420     464.426      80.573     279.677     348.339     296.433      95.932       0.000       0.000       0.000       6.460       0.000       0.000       0.000       0.000       0.000     464.426       0.000       0.000      11.964       0.000       0.000       0.000       0.000       0.000      68.662       0.954     132.044       0.000       0.000       0.000       0.000
     67     3     8  1982     40       0  rtu0400              588.600       0.000       0.000     503.996      12.036     516.032      24.797       6.635       0.000       0.000       6.635     504.002      85.251     255.567     296.205     257.716     112.568       0.000       0.000       0.000       6.662       0.000       0.000       0.000       0.000       0.000     504.002       0.000       0.000      12.036       0.000       0.000       0.000       0.000       0.000      40.637       0.518      88.368       0.000       0.000       0.000       0.000
     67     3     8  1982     41       0  rtu0410              588.600       0.000       0.000     461.442      13.000     474.442      35.756       6.383       0.000       0.000       6.383     461.442      80.180     277.755     348.339     295.847      95.361       0.000       0.000       0.000       6.423       0.000       0.000       0.000       0.000       0.000     461.442       0.000       0.000      13.000       0.000       0.000       0.000       0.000       0.000      70.584       0.042     143.489       0.000       0.000       0.000       0.000
     67     3     8  1982     42       0  rtu0420              588.600       0.000       0.000     461.619      13.050     474.669      35.763       6.325       0.000       0.000       6.325     461.619      80.211     277.933     348.339     295.896      95.409       0.000       0.000       0.000       6.364       0.000       0.000       0.000       0.000       0.000     461.619       0.000       0.000      13.050       0.000       0.000       0.000       0.000       0.000      70.406       0.024     144.039       0.000       0.000       0.000       0.000
     67     3     8  1982     43       0  rtu0430              588.600       0.000       0.000     467.821      12.934     480.755      33.824       6.551       0.000       0.000       6.551     467.823      80.969     273.001     339.208     289.025      98.238       0.000       0.000       0.000       6.590       0.000       0.000       0.000       0.000       0.000     467.823       0.000       0.000      12.934       0.000       0.000       0.000       0.000       0.000      66.207       0.124     133.374       0.000       0.000       0.000       0.000
     67     3     8  1982     44       0  rtu0440              588.600       0.000       0.000     471.072      13.690     484.762      31.778       6.590       0.000       0.000       6.590     471.076      83.189     257.575     322.384     271.693     107.294       0.000       0.000       0.000       6.620       0.000       0.000       0.000       0.000       0.000     471.076       0.000       0.000      13.690       0.000       0.000       0.000       0.000       0.000      64.809       0.290      88.346       0.000       0.000       0.000       0.000
     67     3     8  1982     45       0  rtu0450              588.600       0.000       0.000     499.403      13.591     512.993      24.747       6.571       0.000       0.000       6.571     499.410      84.864     252.515     296.205     257.187     112.062       0.000       0.000       0.000       6.599       0.000       0.000       0.000       0.000       0.000     499.410       0.000       0.000      13.591       0.000       0.000       0.000       0.000       0.000      43.690       0.547      99.781       0.000       0.000       0.000       0.000
     67     3     8  1982     46       0  rtu0460              588.600       0.000       0.000     505.321      11.800     517.121      24.809       6.540       0.000       0.000       6.540     505.335      85.366     256.562     296.205     257.849     112.694       0.000       0.000       0.000       6.567       0.000       0.000       0.000       0.000       0.000     505.335       0.000       0.000      11.800       0.000       0.000       0.000       0.000       0.000      39.642       1.116      86.636       0.000       0.000       0.000       0.000
     67     3     8  1982     47       0  rtu0470              588.600       0.000       0.000     477.693       8.222     485.915      36.232       6.120       0.000       0.000       6.120     477.740      82.435     288.840     348.339     299.150      98.581       0.000       0.000       0.000       6.158       0.000       0.000       0.000       0.000       0.000     477.740       0.000       0.000       8.222       0.000       0.000       0.000       0.000       0.000      59.499       3.649      90.753       0.000       0.000       0.000       0.000
     67     3     8  1982     48       0  rtu0480              588.600       0.000       0.000     479.306       7.738     487.044      36.279       6.103       0.000       0.000       6.103     479.342      82.648     289.928     348.339     299.475      98.899       0.000       0.000       0.000       6.141       0.000       0.000       0.000       0.000       0.000     479.342       0.000       0.000       7.738       0.000       0.000       0.000       0.000       0.000      58.411       2.776      85.409       0.000       0.000       0.000       0.000
     67     3     8  1982     49       0  rtu0490              588.600       0.000       0.000     469.658      10.415     480.072      35.995       6.328       0.000       0.000       6.328     469.716      81.352     283.260     348.339     297.510      96.983       0.000       0.000       0.000       6.367       0.000       0.000       0.000       0.000       0.000     469.716       0.000       0.000      10.415       0.000       0.000       0.000       0.000       0.000      65.079       4.430     114.947       0.000       0.000       0.000       0.000
     67     3     8  1982     50       0  rtu0500              588.600       0.000       0.000     472.807       9.795     482.602      36.091       6.123       0.000       0.000       6.123     472.813      81.830     285.534     348.339     298.178      97.634       0.000       0.000       0.000       6.161       0.000       0.000       0.000       0.000       0.000     472.813       0.000       0.000       9.795       0.000       0.000       0.000       0.000       0.000      62.805       0.462     108.106       0.000       0.000       0.000       0.000
     67     3     8  1982     51       0  rtu0510              588.600       0.000       0.000     455.976      14.996     470.971      35.601       6.271       0.000       0.000       6.271     455.980      79.581     274.315     348.339     294.796      94.335       0.000       0.000       0.000       6.310       0.000       0.000       0.000       0.000       0.000     455.980       0.000       0.000      14.996       0.000       0.000       0.000       0.000       0.000      74.024       0.344     165.508       0.000       0.000       0.000       0.000
     67     3     8  1982     52       0  rtu0520              588.600       0.000       0.000     465.514      11.644     477.158      35.872       6.400       0.000       0.000       6.400     465.517      80.729     280.414     348.339     296.654      96.148       0.000       0.000       0.000       6.440       0.000       0.000       0.000       0.000       0.000     465.517       0.000       0.000      11.644       0.000       0.000       0.000       0.000       0.000      67.925       0.203     128.516       0.000       0.000       0.000       0.000
     67     3     8  1982     53       0  rtu0530              588.600       0.000       0.000     461.360      13.188     474.548      35.757       6.297       0.000       0.000       6.297     461.360      80.182     277.795     348.339     295.852      95.366       0.000       0.000       0.000       6.336       0.000       0.000       0.000       0.000       0.000     461.360       0.000       0.000      13.188       0.000       0.000       0.000       0.000       0.000      70.544       0.000     145.559       0.000       0.000       0.000       0.000
     67     3     8  1982     54       0  rtu0540              588.600       0.000       0.000     496.473      11.582     508.055      27.162       6.120       0.000       0.000       6.120     496.477      82.876     297.399     343.763     295.940      98.458       0.000       0.000       0.000       6.157       0.000       0.000       0.000       0.000       0.000     496.477       0.000       0.000      11.582       0.000       0.000       0.000       0.000       0.000      46.364       0.272     131.832       0.000       0.000       0.000       0.000
     67     3     8  1982     55       0  rtu0550              588.600       0.000       0.000     467.144      11.262     478.405      35.922       6.319       0.000       0.000       6.319     467.155      80.978     281.578     348.339     297.000      96.485       0.000       0.000       0.000       6.358       0.000       0.000       0.000       0.000       0.000     467.155       0.000       0.000      11.262       0.000       0.000       0.000       0.000       0.000      66.761       0.867     124.297       0.000       0.000       0.000       0.000
     67     3     8  1982     56       0  rtu0560              588.600       0.000       0.000     467.946      10.940     478.886      35.943       6.354       0.000       0.000       6.354     467.950      81.088     282.067     348.339     297.151      96.633       0.000       0.000       0.000       6.393       0.000       0.000       0.000       0.000       0.000     467.950       0.000       0.000      10.940       0.000       0.000       0.000       0.000       0.000      66.272       0.299     120.744       0.000       0.000       0.000       0.000
     67     3     8  1982     57       0  rtu0570              588.600       0.000       0.000     566.611       7.542     574.154       7.412       5.997       0.000       0.000       5.997     566.621      87.025     332.520     333.459     293.419     102.769       0.000       0.000       0.000       6.033       0.000       0.000       0.000       0.000       0.000     566.621       0.000       0.000       7.542       0.000       0.000       0.000       0.000       0.000       0.939       0.851      91.587       0.000       0.000       0.000       0.000
     67     3     8  1982     58       0  rtu0580              588.600       0.000       0.000     468.954      10.644     479.599      35.973       6.334       0.000       0.000       6.334     468.976      81.242     282.766     348.339     297.361      96.837       0.000       0.000       0.000       6.373       0.000       0.000       0.000       0.000       0.000     468.976       0.000       0.000      10.644       0.000       0.000       0.000       0.000       0.000      65.573       1.681     117.484       0.000       0.000       0.000       0.000
     67     3     8  1982     59       0  rtu0590              588.600       0.000       0.000     466.082      11.406     477.488      35.887       6.429       0.000       0.000       6.429     466.086      80.806     280.758     348.339     296.761      96.252       0.000       0.000       0.000       6.469       0.000       0.000       0.000       0.000       0.000     466.086       0.000       0.000      11.406       0.000       0.000       0.000       0.000       0.000      67.581       0.343     125.886       0.000       0.000       0.000       0.000
     67     3     8  1982     60       0  rtu0600              588.600       0.000       0.000     565.468       8.602     574.069       7.412       5.997       0.000       0.000       5.997     565.482      87.024     332.466     333.459     293.407     102.758       0.000       0.000       0.000       6.034       0.000       0.000       0.000       0.000       0.000     565.482       0.000       0.000       8.602       0.000       0.000       0.000       0.000       0.000       0.993       1.229     104.451       0.000       0.000       0.000       0.000
     67     3     8  1982     61       0  rtu0610              588.600       0.000       0.000     467.253      11.094     478.348      35.922       6.401       0.000       0.000       6.401     467.259      80.924     281.603     348.339     296.997      96.482       0.000       0.000       0.000       6.441       0.000       0.000       0.000       0.000       0.000     467.259       0.000       0.000      11.094       0.000       0.000       0.000       0.000       0.000      66.736       0.433     122.450       0.000       0.000       0.000       0.000
     67     3     8  1982     62       0  rtu0620              588.600       0.000       0.000     474.638       9.146     483.784      36.142       6.160       0.000       0.000       6.160     474.641      82.021     286.730     348.339     298.526      97.973       0.000       0.000       0.000       6.198       0.000       0.000       0.000       0.000       0.000     474.641       0.000       0.000       9.146       0.000       0.000       0.000       0.000       0.000      61.609       0.205     100.947       0.000       0.000       0.000       0.000
     67     3     8  1982     63       0  rtu0630              588.600       0.000       0.000     507.859      10.484     518.344      23.974       6.067       0.000       0.000       6.067     507.866      83.454     302.674     342.109     295.422      99.039       0.000       0.000       0.000       6.104       0.000       0.000       0.000       0.000       0.000     507.866       0.000       0.000      10.484       0.000       0.000       0.000       0.000       0.000      39.434       0.562     119.658       0.000       0.000       0.000       0.000
     67     3     8  1982     64       0  rtu0640              588.600       0.000       0.000     473.354       9.482     482.836      36.104       6.202       0.000       0.000       6.202     473.356      81.814     285.835     348.339     298.256      97.710       0.000       0.000       0.000       6.240       0.000       0.000       0.000       0.000       0.000     473.356       0.000       0.000       9.482       0.000       0.000       0.000       0.000       0.000      62.504       0.141     104.656       0.000       0.000       0.000       0.000
     67     3     8  1982     65       0  rtu0650              588.600       0.000       0.000     488.179       4.811     492.990      36.524       6.168       0.000       0.000       6.168     488.200      83.543     295.862     348.339     301.139     100.518       0.000       0.000       0.000       6.206       0.000       0.000       0.000       0.000       0.000     488.200       0.000       0.000       4.811       0.000       0.000       0.000       0.000       0.000      52.477       1.639      53.100       0.000       0.000       0.000       0.000
     67     3     8  1982     66       0  rtu0660              588.600       0.000       0.000     470.279      10.649     480.928      36.019       6.102       0.000       0.000       6.102     470.283      81.470     283.876     348.339     297.676      97.145       0.000       0.000       0.000       6.140       0.000       0.000       0.000       0.000       0.000     470.283       0.000       0.000      10.649       0.000       0.000       0.000       0.000       0.000      64.463       0.327     117.535       0.000       0.000       0.000       0.000
     67     3     8  1982     67       0  rtu0670              588.600       0.000       0.000     506.390      11.520     517.911      24.820       6.513       0.000       0.000       6.513     506.395      85.458     257.308     296.205     257.967     112.806       0.000       0.000       0.000       6.540       0.000       0.000       0.000       0.000       0.000     506.395       0.000       0.000      11.520       0.000       0.000       0.000       0.000       0.000      38.897       0.375      84.581       0.000       0.000       0.000       0.000
     67     3     8  1982     68       0  rtu0680              588.600       0.000       0.000     483.952       6.206     490.158      36.408       6.138       0.000       0.000       6.138     483.964      83.129     293.018     348.339     300.351      99.751       0.000       0.000       0.000       6.176       0.000       0.000       0.000       0.000       0.000     483.964       0.000       0.000       6.206       0.000       0.000       0.000       0.000       0.000      55.321       0.970      68.494       0.000       0.000       0.000       0.000
     67     3     8  1982     69       0  rtu0690              588.600       0.000       0.000     473.148       9.349     482.497      36.095       6.306       0.000       0.000       6.306     473.170      81.780     285.600     348.339     298.197      97.653       0.000       0.000       0.000       6.345       0.000       0.000       0.000       0.000       0.000     473.170       0.000       0.000       9.349       0.000       0.000       0.000       0.000       0.000      62.739       1.754     103.190       0.000       0.000       0.000       0.000
     67     3     8  1982     70       0  rtu0700              588.600       0.000       0.000     467.135      10.593     477.728      35.908       6.684       0.000       0.000       6.684     467.135      80.917     281.176     348.339     296.909      96.398       0.000       0.000       0.000       6.725       0.000       0.000       0.000       0.000       0.000     467.135       0.000       0.000      10.593       0.000       0.000       0.000       0.000       0.000      67.163       0.000     116.915       0.000       0.000       0.000       0.000
     67     3     8  1982     71       0  rtu0710              588.600       0.000       0.000     459.623      13.231     472.854      35.696       6.578       0.000       0.000       6.578     459.627      79.933     276.357     348.339     295.440      94.965       0.000       0.000       0.000       6.619       0.000       0.000       0.000       0.000       0.000     459.627       0.000       0.000      13.231       0.000       0.000       0.000       0.000       0.000      71.982       0.257     146.030       0.000       0.000       0.000       0.000
     67     3     8  1982     72       0  rtu0720              588.600       0.000       0.000     458.473      13.627     472.100      35.663       6.568       0.000       0.000       6.568     458.474      79.804     275.615     348.339     295.215      94.744       0.000       0.000       0.000       6.608       0.000       0.000       0.000       0.000       0.000     458.474       0.000       0.000      13.627       0.000       0.000       0.000       0.000       0.000      72.723       0.021     150.403       0.000       0.000       0.000       0.000
     67     3     8  1982     73       0  rtu0730              588.600       0.000       0.000     469.787       9.822     479.609      35.984       6.655       0.000       0.000       6.655     469.787      81.162     283.048     348.339     297.420      96.895       0.000       0.000       0.000       6.696       0.000       0.000       0.000       0.000       0.000     469.787       0.000       0.000       9.822       0.000       0.000       0.000       0.000       0.000      65.291       0.004     108.405       0.000       0.000       0.000       0.000
     67     3     8  1982     74       0  rtu0740              588.600       0.000       0.000     478.406       7.055     485.461      36.225       6.657       0.000       0.000       6.657     478.412      82.246     288.813     348.339     299.083      98.514       0.000       0.000       0.000       6.698       0.000       0.000       0.000       0.000       0.000     478.412       0.000       0.000       7.055       0.000       0.000       0.000       0.000       0.000      59.526       0.485      78.572       0.000       0.000       0.000       0.000
     67     3     8  1982     75       0  rtu0750              588.600       0.000       0.000     464.609      11.667     476.276      35.841       6.547       0.000       0.000       6.547     464.615      80.580     279.665     348.339     296.440      95.940       0.000       0.000       0.000       6.588       0.000       0.000       0.000       0.000       0.000     464.615       0.000       0.000      11.667       0.000       0.000       0.000       0.000       0.000      68.674       0.461     128.766       0.000       0.000       0.000       0.000
     67     3     8  1982     76       0  rtu0760              588.600       0.000       0.000     461.290      12.786     474.076      35.746       6.524       0.000       0.000       6.524     461.298      80.142     277.508     348.339     295.785      95.300       0.000       0.000       0.000       6.564       0.000       0.000       0.000       0.000       0.000     461.298       0.000       0.000      12.786       0.000       0.000       0.000       0.000       0.000      70.830       0.648     141.118       0.000       0.000       0.000       0.000
     67     3     8  1982     77       0  rtu0770              588.600       0.000       0.000     462.943      12.151     475.094      35.792       6.576       0.000       0.000       6.576     462.943      80.347     278.529     348.339     296.098      95.607       0.000       0.000       0.000       6.617       0.000       0.000       0.000       0.000       0.000     462.943       0.000       0.000      12.151       0.000       0.000       0.000       0.000       0.000      69.810       0.001     134.117       0.000       0.000       0.000       0.000
     67     3     8  1982     78       0  rtu0780              588.600       0.000       0.000     461.426      12.942     474.368      35.756       6.410       0.000       0.000       6.410     461.469      80.180     277.744     348.339     295.846      95.360       0.000       0.000       0.000       6.450       0.000       0.000       0.000       0.000       0.000     461.469       0.000       0.000      12.942       0.000       0.000       0.000       0.000       0.000      70.595       3.238     142.838       0.000       0.000       0.000       0.000
     67     3     8  1982     79       0  rtu0790              588.600       0.000       0.000     483.194      14.447     497.642      28.300       6.414       0.000       0.000       6.414     483.195      81.596     289.541     344.473     294.572      96.660       0.000       0.000       0.000       6.454       0.000       0.000       0.000       0.000       0.000     483.195       0.000       0.000      14.447       0.000       0.000       0.000       0.000       0.000      54.932       0.054     163.734       0.000       0.000       0.000       0.000
     67     3     8  1982     80       0  rtu0800              588.600       0.000       0.000     520.843      14.866     535.709      17.667       6.339       0.000       0.000       6.339     520.844      84.420     310.810     338.858     294.039      99.834       0.000       0.000       0.000       6.378       0.000       0.000       0.000       0.000       0.000     520.844       0.000       0.000      14.866       0.000       0.000       0.000       0.000       0.000      28.048       0.025     174.930       0.000       0.000       0.000       0.000
     67     3     8  1982     81       0  rtu0810              588.600       0.000       0.000     475.921      15.287     491.209      29.687       6.346       0.000       0.000       6.346     475.922      81.038     285.367     345.233     294.286      95.881       0.000       0.000       0.000       6.385       0.000       0.000       0.000       0.000       0.000     475.922       0.000       0.000      15.287       0.000       0.000       0.000       0.000       0.000      59.866       0.010     172.318       0.000       0.000       0.000       0.000
     67     3     8  1982     82       0  rtu0820              588.600       0.000       0.000     462.698      12.509     475.207      35.791       6.422       0.000       0.000       6.422     462.723      80.340     278.551     348.339     296.092      95.600       0.000       0.000       0.000       6.462       0.000       0.000       0.000       0.000       0.000     462.723       0.000       0.000      12.509       0.000       0.000       0.000       0.000       0.000      69.788       1.918     138.063       0.000       0.000       0.000       0.000
     67     3     8  1982     83       0  rtu0830              588.600       0.000       0.000     464.322      11.792     476.113      35.834       6.527       0.000       0.000       6.527     464.346      80.545     279.510     348.339     296.391      95.892       0.000       0.000       0.000       6.567       0.000       0.000       0.000       0.000       0.000     464.346       0.000       0.000      11.792       0.000       0.000       0.000       0.000       0.000      68.829       1.859     130.146       0.000       0.000       0.000       0.000
     67     3     8  1982     84       0  rtu0840              588.600       0.000       0.000     559.143      13.867     573.010       7.409       6.359       0.000       0.000       6.359     559.146      87.015     331.965     333.459     293.329     102.683       0.000       0.000       0.000       6.398       0.000       0.000       0.000       0.000       0.000     559.146       0.000       0.000      13.867       0.000       0.000       0.000       0.000       0.000       1.494       0.252     168.395       0.000       0.000       0.000       0.000
     67     3     8  1982     85       0  rtu0850              588.600       0.000       0.000     566.565       7.555     574.121       7.412       6.034       0.000       0.000       6.034     566.570      87.025     332.519     333.459     293.419     102.769       0.000       0.000       0.000       6.071       0.000       0.000       0.000       0.000       0.000     566.570       0.000       0.000       7.555       0.000       0.000       0.000       0.000       0.000       0.940       0.372      91.745       0.000       0.000       0.000       0.000
     67     3     8  1982     86       0  rtu0860              588.600       0.000       0.000     470.748       9.594     480.342      36.014       6.610       0.000       0.000       6.610     470.748      81.305     283.724     348.339     297.625      97.095       0.000       0.000       0.000       6.651       0.000       0.000       0.000       0.000       0.000     470.748       0.000       0.000       9.594       0.000       0.000       0.000       0.000       0.000      64.615       0.001     105.888       0.000       0.000       0.000       0.000
     67     3     8  1982     87       0  rtu0870              588.600       0.000       0.000     464.922      11.663     476.585      35.852       6.494       0.000       0.000       6.494     464.925      80.631     279.924     348.339     296.514      96.012       0.000       0.000       0.000       6.535       0.000       0.000       0.000       0.000       0.000     464.925       0.000       0.000      11.663       0.000       0.000       0.000       0.000       0.000      68.415       0.182     128.729       0.000       0.000       0.000       0.000
     67     3     8  1982     88       0  rtu0880              588.600       0.000       0.000     567.839       6.394     574.233       7.413       5.989       0.000       0.000       5.989     567.853      87.026     332.578     333.459     293.432     102.782       0.000       0.000       0.000       6.025       0.000       0.000       0.000       0.000       0.000     567.853       0.000       0.000       6.394       0.000       0.000       0.000       0.000       0.000       0.880       1.172      77.649       0.000       0.000       0.000       0.000
     67     3     8  1982     89       0  rtu0890              588.600       0.000       0.000     565.848       8.053     573.901       7.412       6.199       0.000       0.000       6.199     565.865      87.024     332.492     333.459     293.412     102.762       0.000       0.000       0.000       6.237       0.000       0.000       0.000       0.000       0.000     565.865       0.000       0.000       8.053       0.000       0.000       0.000       0.000       0.000       0.967       1.419      97.793       0.000       0.000       0.000       0.000
     67     3     8  1982     90       0  rtu0900              610.043       0.000       0.000     492.687       8.936     501.623      37.474       6.545       0.000       0.000       6.545     492.756      84.952     297.605     361.029     309.494     101.632       0.000       0.000       0.000       6.586       0.000       0.000       0.000       0.000       0.000     492.756       0.000       0.000       8.936       0.000       0.000       0.000       0.000       0.000      63.424       5.254      98.630       0.000       0.000       0.000       0.000
     67     3     8  1982     91       0  rtu0910              588.600       0.000       0.000     470.587      10.061     480.648      36.019       6.374       0.000       0.000       6.374     470.590      81.390     283.827     348.339     297.667      97.136       0.000       0.000       0.000       6.413       0.000       0.000       0.000       0.000       0.000     470.590       0.000       0.000      10.061       0.000       0.000       0.000       0.000       0.000      64.512       0.237     111.049       0.000       0.000       0.000       0.000
     67     3     8  1982     92       0  rtu0920              588.600       0.000       0.000     567.155       6.941     574.096       7.412       6.093       0.000       0.000       6.093     567.167      87.026     332.550     333.459     293.425     102.775       0.000       0.000       0.000       6.130       0.000       0.000       0.000       0.000       0.000     567.167       0.000       0.000       6.941       0.000       0.000       0.000       0.000       0.000       0.909       1.068      84.289       0.000       0.000       0.000       0.000
     67     3     8  1982     93       0  rtu0930              588.600       0.000       0.000     472.947       9.324     482.271      36.088       6.354       0.000       0.000       6.354     472.978      81.745     285.424     348.339     298.149      97.606       0.000       0.000       0.000       6.394       0.000       0.000       0.000       0.000       0.000     472.978       0.000       0.000       9.324       0.000       0.000       0.000       0.000       0.000      62.915       2.356     102.905       0.000       0.000       0.000       0.000
     67     3     8  1982     94       0  rtu0940              588.600       0.000       0.000     569.221       4.955     574.176       7.413       6.121       0.000       0.000       6.121     569.256      87.028     332.650     333.459     293.447     102.796       0.000       0.000       0.000       6.158       0.000       0.000       0.000       0.000       0.000     569.256       0.000       0.000       4.955       0.000       0.000       0.000       0.000       0.000       0.808       2.965      60.171       0.000       0.000       0.000       0.000
     67     3     8  1982     95       0  rtu0950              588.600       0.000       0.000     471.423       9.736     481.159      36.042       6.401       0.000       0.000       6.401     471.438      81.508     284.357     348.339     297.830      97.294       0.000       0.000       0.000       6.440       0.000       0.000       0.000       0.000       0.000     471.438       0.000       0.000       9.736       0.000       0.000       0.000       0.000       0.000      63.982       1.103     107.456       0.000       0.000       0.000       0.000
     67     3     8  1982     96       0  rtu0960              588.600       0.000       0.000     568.550       5.714     574.264       7.413       5.970       0.000       0.000       5.970     568.600      87.027     332.613     333.459     293.440     102.789       0.000       0.000       0.000       6.006       0.000       0.000       0.000       0.000       0.000     568.600       0.000       0.000       5.714       0.000       0.000       0.000       0.000       0.000       0.846       4.176      69.385       0.000       0.000       0.000       0.000
     67     3     8  1982     97       0  rtu0970              588.600       0.000       0.000     462.695      12.275     474.969      35.786       6.552       0.000       0.000       6.552     462.700      80.318     278.395     348.339     296.056      95.565       0.000       0.000       0.000       6.593       0.000       0.000       0.000       0.000       0.000     462.700       0.000       0.000      12.275       0.000       0.000       0.000       0.000       0.000      69.944       0.438     135.477       0.000       0.000       0.000       0.000
     67     3     8  1982     98       0  rtu0980              588.600       0.000       0.000     568.755       5.562     574.317       7.413       5.973       0.000       0.000       5.973     568.760      87.027     332.621     333.459     293.442     102.791       0.000       0.000       0.000       6.009       0.000       0.000       0.000       0.000       0.000     568.760       0.000       0.000       5.562       0.000       0.000       0.000       0.000       0.000       0.838       0.447      67.540       0.000       0.000       0.000       0.000
     67     3     8  1982     99       0  rtu0990              588.600       0.000       0.000     474.601       9.002     483.603      36.138       6.246       0.000       0.000       6.246     474.609      81.968     286.630     348.339     298.495      97.943       0.000       0.000       0.000       6.285       0.000       0.000       0.000       0.000       0.000     474.609       0.000       0.000       9.002       0.000       0.000       0.000       0.000       0.000      61.709       0.579      99.354       0.000       0.000       0.000       0.000
     67     3     8  1982    100       0  rtu1000              588.600       0.000       0.000     557.815      14.587     572.401       7.408       6.331       0.000       0.000       6.331     557.814      87.012     331.366     333.459     293.313     102.672       0.000       0.000       0.000       6.371       0.000       0.000       0.000       0.000       0.000     557.814       0.000       0.000      14.587       0.000       0.000       0.000       0.000       0.000       2.093       0.000     177.130       0.000       0.000       0.000       0.000
     67     3     8  1982    101       0  rtu1010              588.600       0.000       0.000     563.956       9.844     573.800       7.411       6.169       0.000       0.000       6.169     563.972      87.022     332.400     333.459     293.392     102.743       0.000       0.000       0.000       6.207       0.000       0.000       0.000       0.000       0.000     563.972       0.000       0.000       9.844       0.000       0.000       0.000       0.000       0.000       1.059       1.349     119.541       0.000       0.000       0.000       0.000
     67     3     8  1982    102       0  rtu1020              588.600       0.000       0.000     506.218      11.681     517.899      24.819       6.456       0.000       0.000       6.456     506.221      85.448     257.242     296.205     257.952     112.791       0.000       0.000       0.000       6.482       0.000       0.000       0.000       0.000       0.000     506.221       0.000       0.000      11.681       0.000       0.000       0.000       0.000       0.000      38.962       0.249      85.758       0.000       0.000       0.000       0.000
     67     3     8  1982    103       0  rtu1030              588.606       0.000       0.000     568.997       5.292     574.290       7.413       6.028       0.000       0.000       6.028     568.997      87.028     332.638     333.462     293.447     102.795       0.000       0.000       0.000       6.064       0.000       0.000       0.000       0.000       0.000     568.997       0.000       0.000       5.292       0.000       0.000       0.000       0.000       0.000       0.825       0.003      64.268       0.000       0.000       0.000       0.000
     67     3     8  1982    104       0  rtu1040              588.600       0.000       0.000     511.091      10.308     521.400      24.857       6.388       0.000       0.000       6.388     511.104      85.819     260.640     296.205     258.366     113.180       0.000       0.000       0.000       6.414       0.000       0.000       0.000       0.000       0.000     511.104       0.000       0.000      10.308       0.000       0.000       0.000       0.000       0.000      35.565       1.026      75.682       0.000       0.000       0.000       0.000
     67     3     8  1982    105       0  rtu1050              588.600       0.000       0.000     513.641       9.555     523.197      24.873       6.379       0.000       0.000       6.379     513.651      85.982     262.401     296.205     258.552     113.353       0.000       0.000       0.000       6.405       0.000       0.000       0.000       0.000       0.000     513.651       0.000       0.000       9.555       0.000       0.000       0.000       0.000       0.000      33.804       0.776      70.155       0.000       0.000       0.000       0.000
     67     3     8  1982    106       0  rtu1060              588.600       0.000       0.000     465.928      11.418     477.346      35.884       6.441       0.000       0.000       6.441     465.978      80.788     280.673     348.339     296.736      96.228       0.000       0.000       0.000       6.481       0.000       0.000       0.000       0.000       0.000     465.978       0.000       0.000      11.418       0.000       0.000       0.000       0.000       0.000      67.666       3.763     126.025       0.000       0.000       0.000       0.000
     67     3     8  1982    107       0  rtu1070              588.594       0.000       0.000     569.642       4.700     574.342       7.413       5.998       0.000       0.000       5.998     569.645      87.027     332.661     333.456     293.448     102.799       0.000       0.000       0.000       6.034       0.000       0.000       0.000       0.000       0.000     569.645       0.000       0.000       4.700       0.000       0.000       0.000       0.000       0.000       0.794       0.293      57.070       0.000       0.000       0.000       0.000
     67     3     8  1982    108       0  rtu1080              588.600       0.000       0.000     466.604      11.072     477.676      35.899       6.517       0.000       0.000       6.517     466.611      80.867     281.009     348.339     296.844      96.334       0.000       0.000       0.000       6.557       0.000       0.000       0.000       0.000       0.000     466.611       0.000       0.000      11.072       0.000       0.000       0.000       0.000       0.000      67.330       0.503     122.204       0.000       0.000       0.000       0.000
     67     3     8  1982    109       0  rtu1090              588.600       0.000       0.000     567.528       6.644     574.172       7.413       6.034       0.000       0.000       6.034     567.540      87.026     332.565     333.459     293.429     102.779       0.000       0.000       0.000       6.070       0.000       0.000       0.000       0.000       0.000     567.540       0.000       0.000       6.644       0.000       0.000       0.000       0.000       0.000       0.894       1.053      80.681       0.000       0.000       0.000       0.000
     67     3     8  1982    110       0  rtu1100              588.600       0.000       0.000     506.821      11.542     518.364      24.824       6.429       0.000       0.000       6.429     506.825      85.499     257.677     296.205     258.010     112.847       0.000       0.000       0.000       6.455       0.000       0.000       0.000       0.000       0.000     506.825       0.000       0.000      11.542       0.000       0.000       0.000       0.000       0.000      38.528       0.264      84.745       0.000       0.000       0.000       0.000
     67     3     8  1982    111       0  rtu1110              588.600       0.000       0.000     469.261      10.164     479.425      35.974       6.544       0.000       0.000       6.544     469.265      81.252     282.735     348.339     297.369      96.846       0.000       0.000       0.000       6.584       0.000       0.000       0.000       0.000       0.000     469.265       0.000       0.000      10.164       0.000       0.000       0.000       0.000       0.000      65.604       0.292     112.178       0.000       0.000       0.000       0.000
     67     3     8  1982    112       0  rtu1120              588.606       0.000       0.000     570.215       4.178     574.393       7.414       5.980       0.000       0.000       5.980     570.231      87.030     332.695     333.462     293.460     102.807       0.000       0.000       0.000       6.016       0.000       0.000       0.000       0.000       0.000     570.231       0.000       0.000       4.178       0.000       0.000       0.000       0.000       0.000       0.768       1.300      50.738       0.000       0.000       0.000       0.000
     67     3     8  1982    113       0  rtu1130              588.600       0.000       0.000     564.324       9.435     573.759       7.411       6.244       0.000       0.000       6.244     564.325      87.023     332.420     333.459     293.396     102.746       0.000       0.000       0.000       6.282       0.000       0.000       0.000       0.000       0.000     564.325       0.000       0.000       9.435       0.000       0.000       0.000       0.000       0.000       1.039       0.092     114.572       0.000       0.000       0.000       0.000
     67     3     8  1982    114       0  rtu1140              588.594       0.000       0.000     567.215       6.946     574.162       7.412       6.018       0.000       0.000       6.018     567.225      87.025     332.547     333.456     293.423     102.774       0.000       0.000       0.000       6.054       0.000       0.000       0.000       0.000       0.000     567.225       0.000       0.000       6.946       0.000       0.000       0.000       0.000       0.000       0.909       0.813      84.351       0.000       0.000       0.000       0.000
     67     3     8  1982    115       0  rtu1150              588.600       0.000       0.000     565.614       8.315     573.929       7.412       6.158       0.000       0.000       6.158     565.619      87.024     332.478     333.459     293.409     102.759       0.000       0.000       0.000       6.196       0.000       0.000       0.000       0.000       0.000     565.619       0.000       0.000       8.315       0.000       0.000       0.000       0.000       0.000       0.981       0.391     100.970       0.000       0.000       0.000       0.000
     67     3     8  1982    116       0  rtu1160              588.600       0.000       0.000     568.750       5.564     574.315       7.413       5.975       0.000       0.000       5.975     568.755      87.027     332.621     333.459     293.442     102.791       0.000       0.000       0.000       6.011       0.000       0.000       0.000       0.000       0.000     568.755       0.000       0.000       5.564       0.000       0.000       0.000       0.000       0.000       0.838       0.366      67.570       0.000       0.000       0.000       0.000
     67     3     8  1982    117       0  rtu1170              588.600       0.000       0.000     459.114      13.573     472.687      35.685       6.484       0.000       0.000       6.484     459.115      79.886     276.125     348.339     295.362      94.888       0.000       0.000       0.000       6.524       0.000       0.000       0.000       0.000       0.000     459.115       0.000       0.000      13.573       0.000       0.000       0.000       0.000       0.000      72.214       0.147     149.807       0.000       0.000       0.000       0.000
     67     3     8  1982    118       0  rtu1180              588.600       0.000       0.000     495.152      11.578     506.729      27.690       6.339       0.000       0.000       6.339     495.153      82.923     297.054     344.023     296.200      98.541       0.000       0.000       0.000       6.378       0.000       0.000       0.000       0.000       0.000     495.153       0.000       0.000      11.578       0.000       0.000       0.000       0.000       0.000      46.970       0.072     132.277       0.000       0.000       0.000       0.000
     67     3     8  1982    119       0  rtu1190              588.594       0.000       0.000     485.144      11.143     496.287      30.696       6.314       0.000       0.000       6.314     485.144      82.171     291.284     345.600     296.444      97.742       0.000       0.000       0.000       6.353       0.000       0.000       0.000       0.000       0.000     485.144       0.000       0.000      11.143       0.000       0.000       0.000       0.000       0.000      54.315       0.046     125.333       0.000       0.000       0.000       0.000
     67     3     8  1982    120       0  rtu1200              588.600       0.000       0.000     565.238       8.539     573.777       7.412       6.235       0.000       0.000       6.235     565.286      87.024     332.465     333.459     293.405     102.756       0.000       0.000       0.000       6.273       0.000       0.000       0.000       0.000       0.000     565.286       0.000       0.000       8.539       0.000       0.000       0.000       0.000       0.000       0.994       4.037     103.694       0.000       0.000       0.000       0.000
     67     3     8  1982    121       0  rtu1210              588.594       0.000       0.000     564.780       9.062     573.842       7.411       6.180       0.000       0.000       6.180     564.781      87.022     332.436     333.456     293.395     102.748       0.000       0.000       0.000       6.217       0.000       0.000       0.000       0.000       0.000     564.781       0.000       0.000       9.062       0.000       0.000       0.000       0.000       0.000       1.019       0.100     110.045       0.000       0.000       0.000       0.000
     67     3     8  1982    122       0  rtu1220              588.600       0.000       0.000     563.178      10.598     573.777       7.411       6.139       0.000       0.000       6.139     563.185      87.021     332.362     333.459     293.383     102.735       0.000       0.000       0.000       6.177       0.000       0.000       0.000       0.000       0.000     563.185       0.000       0.000      10.598       0.000       0.000       0.000       0.000       0.000       1.097       0.539     128.701       0.000       0.000       0.000       0.000
     67     3     8  1982    123       0  rtu1230              588.600       0.000       0.000     564.459       9.452     573.911       7.411       6.108       0.000       0.000       6.108     564.459      87.023     332.421     333.459     293.397     102.747       0.000       0.000       0.000       6.145       0.000       0.000       0.000       0.000       0.000     564.459       0.000       0.000       9.452       0.000       0.000       0.000       0.000       0.000       1.038       0.025     114.776       0.000       0.000       0.000       0.000
     67     3     8  1982    124       0  rtu1240              588.600       0.000       0.000     566.287       7.771     574.058       7.412       6.065       0.000       0.000       6.065     566.307      87.025     332.508     333.459     293.416     102.766       0.000       0.000       0.000       6.102       0.000       0.000       0.000       0.000       0.000     566.307       0.000       0.000       7.771       0.000       0.000       0.000       0.000       0.000       0.951       1.669      94.367       0.000       0.000       0.000       0.000
     67     3     8  1982    125       0  rtu1250              588.600       0.000       0.000     564.427       9.319     573.746       7.411       6.264       0.000       0.000       6.264     564.429      87.023     332.426     333.459     293.397     102.748       0.000       0.000       0.000       6.302       0.000       0.000       0.000       0.000       0.000     564.429       0.000       0.000       9.319       0.000       0.000       0.000       0.000       0.000       1.033       0.159     113.165       0.000       0.000       0.000       0.000
     67     3     8  1982    126       0  rtu1260              588.600       0.000       0.000     568.683       5.417     574.100       7.413       6.189       0.000       0.000       6.189     568.684      87.027     332.626     333.459     293.441     102.791       0.000       0.000       0.000       6.226       0.000       0.000       0.000       0.000       0.000     568.684       0.000       0.000       5.417       0.000       0.000       0.000       0.000       0.000       0.833       0.149      65.786       0.000       0.000       0.000       0.000
     67     3     8  1982    127       0  rtu1270              588.600       0.000       0.000     569.427       4.754     574.182       7.413       6.099       0.000       0.000       6.099     569.489      87.028     332.661     333.459     293.450     102.799       0.000       0.000       0.000       6.136       0.000       0.000       0.000       0.000       0.000     569.489       0.000       0.000       4.754       0.000       0.000       0.000       0.000       0.000       0.798       5.139      57.734       0.000       0.000       0.000       0.000
     67     3     8  1982    128       0  rtu1280              588.600       0.000       0.000     546.053       3.622     549.676      18.755       6.188       0.000       0.000       6.188     546.070      86.799     295.522     309.397     271.642     110.286       0.000       0.000       0.000       6.216       0.000       0.000       0.000       0.000       0.000     546.070       0.000       0.000       3.622       0.000       0.000       0.000       0.000       0.000      13.875       1.418      31.340       0.000       0.000       0.000       0.000
     67     3     8  1982    129       0  rtu1290              588.600       0.000       0.000     534.099       5.973     540.072      21.305       6.163       0.000       0.000       6.163     534.102      86.599     283.036     303.929     266.369     111.701       0.000       0.000       0.000       6.190       0.000       0.000       0.000       0.000       0.000     534.102       0.000       0.000       5.973       0.000       0.000       0.000       0.000       0.000      20.893       0.294      46.592       0.000       0.000       0.000       0.000
     67     3     8  1982    130       0  rtu1300              646.242       0.000       0.000     570.899       3.730     574.629      28.410       6.806       0.000       0.000       6.806     570.932      93.184     340.371     376.464     327.703     111.442       0.000       0.000       0.000       6.848       0.000       0.000       0.000       0.000       0.000     570.932       0.000       0.000       3.730       0.000       0.000       0.000       0.000       0.000      36.093       2.657      43.839       0.000       0.000       0.000       0.000
     67     3     8  1982    131       0  rtu1310              588.606       0.000       0.000     481.655       6.737     488.392      36.337       6.253       0.000       0.000       6.253     481.676      82.793     291.379     348.342     299.863      99.273       0.000       0.000       0.000       6.292       0.000       0.000       0.000       0.000       0.000     481.676       0.000       0.000       6.737       0.000       0.000       0.000       0.000       0.000      56.963       1.620      74.355       0.000       0.000       0.000       0.000
     67     3     8  1982    132       0  rtu1320              588.600       0.000       0.000     569.670       4.582     574.252       7.413       6.073       0.000       0.000       6.073     569.691      87.028     332.669     333.459     293.452     102.801       0.000       0.000       0.000       6.109       0.000       0.000       0.000       0.000       0.000     569.691       0.000       0.000       4.582       0.000       0.000       0.000       0.000       0.000       0.790       1.787      57.848       0.000       0.000       0.000       0.000
     67     3     8  1982    133       0  rtu1330              588.600       0.000       0.000     485.195       5.572     490.767      36.436       6.274       0.000       0.000       6.274     485.201      83.205     293.731     348.339     300.541      99.936       0.000       0.000       0.000       6.312       0.000       0.000       0.000       0.000       0.000     485.201       0.000       0.000       5.572       0.000       0.000       0.000       0.000       0.000      54.608       0.500      61.503       0.000       0.000       0.000       0.000
     67     3     8  1982    134       0  rtu1340              588.600       0.000       0.000     567.826       6.151     573.977       7.413       6.253       0.000       0.000       6.253     567.834      87.026     332.588     333.459     293.433     102.782       0.000       0.000       0.000       6.291       0.000       0.000       0.000       0.000       0.000     567.834       0.000       0.000       6.151       0.000       0.000       0.000       0.000       0.000       0.871       0.702      74.698       0.000       0.000       0.000       0.000
     67     3     8  1982    135       0  rtu1350              588.606       0.000       0.000     565.629       8.429     574.058       7.412       6.040       0.000       0.000       6.040     565.631      87.025     332.478     333.462     293.412     102.760       0.000       0.000       0.000       6.077       0.000       0.000       0.000       0.000       0.000     565.631       0.000       0.000       8.429       0.000       0.000       0.000       0.000       0.000       0.985       0.191     102.351       0.000       0.000       0.000       0.000
