 Prueba3                   SWAT+ Jul 2 2024        MODULAR Rev 2024.61.0.1                                
  jday   mon   day    yr    unit  gis_id  name            grzn        grzp        lab_min_p   act_sta_p       fertn            fertp            fixn             denit            act_nit_n        act_sta_n        org_lab_p        rsd_nitorg_n     rsd_laborg_p    no3atmo          nh4atmo          nuptake          puptake          gwsoiln          gwsoilp      
                                                          kgha        kgha        kgha        kgha             kgha             kgha             kgha             kgha             kgha             kgha             kgha             kgha             kgha             kgha             kgha             kgha             kgha             kgha             kgha       
    67     3     8  1982       1       0  rtu0010                0.000       0.000       3.827       2.992            0.000            0.000            0.000           27.576           27.274           -6.194            4.645            0.522            0.099            0.000            0.000            0.000            0.000            0.000            0.000
    67     3     8  1982       2       0  rtu0020                0.000       0.000       3.811       2.995            0.000            0.000            0.000           27.578           27.279           -6.197            4.646            0.523            0.099            0.000            0.000            0.000            0.000            0.000            0.000
    67     3     8  1982       3       0  rtu0030                0.000       0.000       3.834       2.990            0.000            0.000            0.000           27.563           27.268           -6.187            4.644            0.520            0.099            0.000            0.000            0.000            0.000            0.000            0.000
    67     3     8  1982       4       0  rtu0040                0.000       0.000       3.888       2.979            0.000            0.000            0.000           27.512           27.231           -6.158            4.638            0.512            0.097            0.000            0.000            0.000            0.000            0.000            0.000
    67     3     8  1982       5       0  rtu0050                0.000       0.000       3.768       3.007            0.000            0.000            0.000           27.607           27.311           -6.222            4.652            0.527            0.100            0.000            0.000            0.000            0.000            0.000            0.000
    67     3     8  1982       6       0  rtu0060                0.000       0.000       3.757       3.009            0.000            0.000            0.000           27.609           27.315           -6.224            4.652            0.528            0.100            0.000            0.000            0.000            0.000            0.000            0.000
    67     3     8  1982       7       0  rtu0070                0.000       0.000       3.855       2.985            0.000            0.000            0.000           27.516           27.255           -6.178            4.642            0.518            0.098            0.000            0.000            0.000            0.000            0.000            0.000
    67     3     8  1982       8       0  rtu0080                0.000       0.000       3.300       2.498            0.000            0.000            0.000           20.496           22.963           -5.078            3.908            0.521            0.099            0.000            0.000            0.000            0.000            0.000            0.000
    67     3     8  1982       9       0  rtu0090                0.000       0.000       2.726       1.909            0.000            0.000            0.000           12.254           17.896           -3.769            3.042            0.525            0.100            0.000            0.000            0.000            0.000            0.000            0.000
    67     3     8  1982      10       0  rtu0100                0.000       0.000       3.265       1.802            0.000            0.000            0.000           12.241           17.795           -3.782            3.026            0.525            0.100            0.000            0.000            0.000            0.000            0.000            0.000
    67     3     8  1982      11       0  rtu0110                0.000       0.000       3.535       2.669            0.000            0.000            0.000           23.096           24.514           -5.469            4.174            0.519            0.099            0.000            0.000            0.000            0.000            0.000            0.000
    67     3     8  1982      12       0  rtu0120                0.000       0.000       3.877       2.981            0.000            0.000            0.000           27.572           27.241           -6.166            4.640            0.515            0.098            0.000            0.000            0.000            0.000            0.000            0.000
    67     3     8  1982      13       0  rtu0130                0.000       0.000       3.417       2.272            0.000            0.000            0.000           18.133           21.434           -4.689            3.647            0.520            0.099            0.000            0.000            0.000            0.000            0.000            0.000
    67     3     8  1982      14       0  rtu0140                0.000       0.000       3.893       2.978            0.000            0.000            0.000           27.581           27.233           -6.160            4.639            0.513            0.098            0.000            0.000            0.000            0.000            0.000            0.000
    67     3     8  1982      15       0  rtu0150                0.000       0.000       3.890       2.979            0.000            0.000            0.000           27.570           27.232           -6.158            4.638            0.513            0.097            0.000            0.000            0.000            0.000            0.000            0.000
    67     3     8  1982      16       0  rtu0160                0.000       0.000       3.872       2.982            0.000            0.000            0.000           27.568           27.245           -6.169            4.640            0.516            0.098            0.000            0.000            0.000            0.000            0.000            0.000
    67     3     8  1982      17       0  rtu0170                0.000       0.000       2.696       1.913            0.000            0.000            0.000           12.239           17.892           -3.776            3.041            0.524            0.100            0.000            0.000            0.000            0.000            0.000            0.000
    67     3     8  1982      18       0  rtu0180                0.000       0.000       3.529       2.697            0.000            0.000            0.000           24.930           24.301           -5.461            4.137            0.515            0.098            0.000            0.000            0.000            0.000            0.000            0.000
    67     3     8  1982      19       0  rtu0190                0.000       0.000       3.523       2.223            0.000            0.000            0.000           21.342           20.272           -4.517            3.450            0.516            0.098            0.000            0.000            0.000            0.000            0.000            0.000
    67     3     8  1982      20       0  rtu0200                0.000       0.000       2.458       1.903            0.000            0.000            0.000           17.810           15.881           -3.437            2.699            0.509            0.097            0.000            0.000            0.000            0.000            0.000            0.000
    67     3     8  1982      21       0  rtu0210                0.000       0.000       3.871       2.982            0.000            0.000            0.000           27.542           27.238           -6.163            4.639            0.514            0.098            0.000            0.000            0.000            0.000            0.000            0.000
    67     3     8  1982      22       0  rtu0220                0.000       0.000       3.846       2.987            0.000            0.000            0.000           27.536           27.252           -6.173            4.642            0.517            0.098            0.000            0.000            0.000            0.000            0.000            0.000
    67     3     8  1982      23       0  rtu0230                0.000       0.000       2.523       1.946            0.000            0.000            0.000           12.302           17.892           -3.788            3.041            0.523            0.099            0.000            0.000            0.000            0.000            0.000            0.000
    67     3     8  1982      24       0  rtu0240                0.000       0.000       2.890       1.884            0.000            0.000            0.000           12.315           17.889           -3.761            3.041            0.526            0.100            0.000            0.000            0.000            0.000            0.000            0.000
    67     3     8  1982      25       0  rtu0250                0.000       0.000       4.262       2.927            0.000            0.000            0.000           27.545           27.221           -6.183            4.637            0.519            0.099            0.000            0.000            0.000            0.000            0.000            0.000
    67     3     8  1982      26       0  rtu0260                0.000       0.000       3.862       2.984            0.000            0.000            0.000           27.569           27.252           -6.175            4.642            0.518            0.098            0.000            0.000            0.000            0.000            0.000            0.000
    67     3     8  1982      27       0  rtu0270                0.000       0.000       2.567       1.938            0.000            0.000            0.000           12.292           17.892           -3.785            3.041            0.523            0.099            0.000            0.000            0.000            0.000            0.000            0.000
    67     3     8  1982      28       0  rtu0280                0.000       0.000       2.543       1.942            0.000            0.000            0.000           12.297           17.892           -3.787            3.041            0.523            0.099            0.000            0.000            0.000            0.000            0.000            0.000
    67     3     8  1982      29       0  rtu0290                0.000       0.000       3.811       2.995            0.000            0.000            0.000           27.594           27.282           -6.200            4.647            0.524            0.099            0.000            0.000            0.000            0.000            0.000            0.000
    67     3     8  1982      30       0  rtu0300                0.000       0.000       2.477       1.957            0.000            0.000            0.000           12.421           17.883           -3.796            3.039            0.523            0.099            0.000            0.000            0.000            0.000            0.000            0.000
    67     3     8  1982      31       0  rtu0310                0.000       0.000       1.189       1.020            0.000            0.000            0.000            6.702           10.298           -2.059            1.738            0.526            0.100            0.000            0.000            0.000            0.000            0.000            0.000
    67     3     8  1982      32       0  rtu0320                0.000       0.000       2.265       1.501            0.000            0.000            0.000            8.357           13.810           -3.359            2.335            0.487            0.093            0.000            0.000            0.000            0.000            0.000            0.000
    67     3     8  1982      33       0  rtu0330                0.000       0.000       2.331       1.492            0.000            0.000            0.000            8.286           13.816           -3.356            2.337            0.486            0.092            0.000            0.000            0.000            0.000            0.000            0.000
    67     3     8  1982      34       0  rtu0340                0.000       0.000       2.416       1.479            0.000            0.000            0.000            8.308           13.808           -3.357            2.335            0.486            0.092            0.000            0.000            0.000            0.000            0.000            0.000
    67     3     8  1982      35       0  rtu0350                0.000       0.000       2.806       1.897            0.000            0.000            0.000           12.466           17.898           -3.758            3.042            0.526            0.100            0.000            0.000            0.000            0.000            0.000            0.000
    67     3     8  1982      36       0  rtu0360                0.000       0.000       2.796       1.898            0.000            0.000            0.000           12.347           17.897           -3.760            3.042            0.526            0.100            0.000            0.000            0.000            0.000            0.000            0.000
    67     3     8  1982      37       0  rtu0370                0.000       0.000       2.641       1.923            0.000            0.000            0.000           12.273           17.899           -3.774            3.042            0.524            0.100            0.000            0.000            0.000            0.000            0.000            0.000
    67     3     8  1982      38       0  rtu0380                0.000       0.000       3.523       1.753            0.000            0.000            0.000           12.256           17.757           -3.789            3.020            0.525            0.100            0.000            0.000            0.000            0.000            0.000            0.000
    67     3     8  1982      39       0  rtu0390                0.000       0.000       2.729       1.908            0.000            0.000            0.000           12.356           17.899           -3.765            3.042            0.525            0.100            0.000            0.000            0.000            0.000            0.000            0.000
    67     3     8  1982      40       0  rtu0400                0.000       0.000       2.290       1.497            0.000            0.000            0.000            8.354           13.806           -3.359            2.335            0.487            0.093            0.000            0.000            0.000            0.000            0.000            0.000
    67     3     8  1982      41       0  rtu0410                0.000       0.000       2.818       1.895            0.000            0.000            0.000           12.372           17.895           -3.761            3.042            0.526            0.100            0.000            0.000            0.000            0.000            0.000            0.000
    67     3     8  1982      42       0  rtu0420                0.000       0.000       2.826       1.893            0.000            0.000            0.000           12.352           17.894           -3.762            3.042            0.526            0.100            0.000            0.000            0.000            0.000            0.000            0.000
    67     3     8  1982      43       0  rtu0430                0.000       0.000       2.741       1.823            0.000            0.000            0.000           11.675           17.183           -3.690            2.919            0.518            0.098            0.000            0.000            0.000            0.000            0.000            0.000
    67     3     8  1982      44       0  rtu0440                0.000       0.000       2.139       1.403            0.000            0.000            0.000            7.986           13.148           -3.118            2.223            0.495            0.094            0.000            0.000            0.000            0.000            0.000            0.000
    67     3     8  1982      45       0  rtu0450                0.000       0.000       2.389       1.484            0.000            0.000            0.000            8.233           13.819           -3.355            2.337            0.485            0.092            0.000            0.000            0.000            0.000            0.000            0.000
    67     3     8  1982      46       0  rtu0460                0.000       0.000       2.265       1.500            0.000            0.000            0.000            8.366           13.800           -3.361            2.334            0.487            0.093            0.000            0.000            0.000            0.000            0.000            0.000
    67     3     8  1982      47       0  rtu0470                0.000       0.000       2.538       1.943            0.000            0.000            0.000           12.313           17.894           -3.785            3.041            0.523            0.099            0.000            0.000            0.000            0.000            0.000            0.000
    67     3     8  1982      48       0  rtu0480                0.000       0.000       2.518       1.947            0.000            0.000            0.000           12.325           17.893           -3.788            3.041            0.523            0.099            0.000            0.000            0.000            0.000            0.000            0.000
    67     3     8  1982      49       0  rtu0490                0.000       0.000       2.634       1.924            0.000            0.000            0.000           12.308           17.901           -3.772            3.043            0.524            0.100            0.000            0.000            0.000            0.000            0.000            0.000
    67     3     8  1982      50       0  rtu0500                0.000       0.000       2.983       1.857            0.000            0.000            0.000           12.246           17.837           -3.785            3.032            0.524            0.100            0.000            0.000            0.000            0.000            0.000            0.000
    67     3     8  1982      51       0  rtu0510                0.000       0.000       2.894       1.884            0.000            0.000            0.000           12.392           17.892           -3.754            3.042            0.527            0.100            0.000            0.000            0.000            0.000            0.000            0.000
    67     3     8  1982      52       0  rtu0520                0.000       0.000       2.731       1.908            0.000            0.000            0.000           12.342           17.898           -3.767            3.042            0.525            0.100            0.000            0.000            0.000            0.000            0.000            0.000
    67     3     8  1982      53       0  rtu0530                0.000       0.000       2.873       1.886            0.000            0.000            0.000           12.345           17.890           -3.762            3.041            0.526            0.100            0.000            0.000            0.000            0.000            0.000            0.000
    67     3     8  1982      54       0  rtu0540                0.000       0.000       2.712       1.892            0.000            0.000            0.000           13.658           17.286           -3.664            2.938            0.522            0.099            0.000            0.000            0.000            0.000            0.000            0.000
    67     3     8  1982      55       0  rtu0550                0.000       0.000       2.695       1.914            0.000            0.000            0.000           12.308           17.899           -3.769            3.042            0.525            0.100            0.000            0.000            0.000            0.000            0.000            0.000
    67     3     8  1982      56       0  rtu0560                0.000       0.000       2.690       1.914            0.000            0.000            0.000           12.317           17.898           -3.770            3.042            0.525            0.100            0.000            0.000            0.000            0.000            0.000            0.000
    67     3     8  1982      57       0  rtu0570                0.000       0.000       2.437       1.907            0.000            0.000            0.000           17.895           15.879           -3.438            2.698            0.509            0.097            0.000            0.000            0.000            0.000            0.000            0.000
    67     3     8  1982      58       0  rtu0580                0.000       0.000       2.657       1.920            0.000            0.000            0.000           12.309           17.900           -3.771            3.042            0.525            0.100            0.000            0.000            0.000            0.000            0.000            0.000
    67     3     8  1982      59       0  rtu0590                0.000       0.000       2.713       1.911            0.000            0.000            0.000           12.349           17.899           -3.767            3.042            0.525            0.100            0.000            0.000            0.000            0.000            0.000            0.000
    67     3     8  1982      60       0  rtu0600                0.000       0.000       2.491       1.896            0.000            0.000            0.000           17.619           15.888           -3.435            2.700            0.510            0.097            0.000            0.000            0.000            0.000            0.000            0.000
    67     3     8  1982      61       0  rtu0610                0.000       0.000       2.698       1.916            0.000            0.000            0.000           12.393           17.896           -3.769            3.042            0.525            0.100            0.000            0.000            0.000            0.000            0.000            0.000
    67     3     8  1982      62       0  rtu0620                0.000       0.000       2.605       1.930            0.000            0.000            0.000           12.301           17.894           -3.781            3.041            0.524            0.100            0.000            0.000            0.000            0.000            0.000            0.000
    67     3     8  1982      63       0  rtu0630                0.000       0.000       2.631       1.903            0.000            0.000            0.000           14.502           17.054           -3.629            2.899            0.519            0.099            0.000            0.000            0.000            0.000            0.000            0.000
    67     3     8  1982      64       0  rtu0640                0.000       0.000       2.626       1.927            0.000            0.000            0.000           12.316           17.894           -3.779            3.042            0.524            0.100            0.000            0.000            0.000            0.000            0.000            0.000
    67     3     8  1982      65       0  rtu0650                0.000       0.000       2.408       1.972            0.000            0.000            0.000           12.534           17.882           -3.802            3.039            0.522            0.099            0.000            0.000            0.000            0.000            0.000            0.000
    67     3     8  1982      66       0  rtu0660                0.000       0.000       3.101       1.836            0.000            0.000            0.000           12.234           17.830           -3.783            3.031            0.524            0.100            0.000            0.000            0.000            0.000            0.000            0.000
    67     3     8  1982      67       0  rtu0670                0.000       0.000       2.260       1.500            0.000            0.000            0.000            8.385           13.795           -3.362            2.333            0.487            0.093            0.000            0.000            0.000            0.000            0.000            0.000
    67     3     8  1982      68       0  rtu0680                0.000       0.000       2.462       1.960            0.000            0.000            0.000           12.430           17.887           -3.795            3.040            0.523            0.099            0.000            0.000            0.000            0.000            0.000            0.000
    67     3     8  1982      69       0  rtu0690                0.000       0.000       2.598       1.932            0.000            0.000            0.000           12.343           17.897           -3.778            3.042            0.524            0.100            0.000            0.000            0.000            0.000            0.000            0.000
    67     3     8  1982      70       0  rtu0700                0.000       0.000       2.722       1.909            0.000            0.000            0.000           12.424           17.897           -3.768            3.042            0.525            0.100            0.000            0.000            0.000            0.000            0.000            0.000
    67     3     8  1982      71       0  rtu0710                0.000       0.000       2.810       1.896            0.000            0.000            0.000           12.456           17.897           -3.758            3.042            0.526            0.100            0.000            0.000            0.000            0.000            0.000            0.000
    67     3     8  1982      72       0  rtu0720                0.000       0.000       2.859       1.889            0.000            0.000            0.000           12.463           17.894           -3.757            3.042            0.526            0.100            0.000            0.000            0.000            0.000            0.000            0.000
    67     3     8  1982      73       0  rtu0730                0.000       0.000       2.687       1.920            0.000            0.000            0.000           12.527           17.892           -3.773            3.041            0.525            0.100            0.000            0.000            0.000            0.000            0.000            0.000
    67     3     8  1982      74       0  rtu0740                0.000       0.000       2.555       1.939            0.000            0.000            0.000           12.575           17.888           -3.786            3.040            0.524            0.100            0.000            0.000            0.000            0.000            0.000            0.000
    67     3     8  1982      75       0  rtu0750                0.000       0.000       2.723       1.909            0.000            0.000            0.000           12.396           17.899           -3.765            3.043            0.525            0.100            0.000            0.000            0.000            0.000            0.000            0.000
    67     3     8  1982      76       0  rtu0760                0.000       0.000       2.775       1.901            0.000            0.000            0.000           12.418           17.898           -3.760            3.042            0.526            0.100            0.000            0.000            0.000            0.000            0.000            0.000
    67     3     8  1982      77       0  rtu0770                0.000       0.000       2.800       1.897            0.000            0.000            0.000           12.418           17.895           -3.763            3.042            0.526            0.100            0.000            0.000            0.000            0.000            0.000            0.000
    67     3     8  1982      78       0  rtu0780                0.000       0.000       2.757       1.904            0.000            0.000            0.000           12.380           17.900           -3.761            3.043            0.526            0.100            0.000            0.000            0.000            0.000            0.000            0.000
    67     3     8  1982      79       0  rtu0790                0.000       0.000       2.895       1.866            0.000            0.000            0.000           13.389           17.387           -3.668            2.956            0.525            0.100            0.000            0.000            0.000            0.000            0.000            0.000
    67     3     8  1982      80       0  rtu0800                0.000       0.000       2.921       1.838            0.000            0.000            0.000           14.696           16.655           -3.540            2.831            0.523            0.099            0.000            0.000            0.000            0.000            0.000            0.000
    67     3     8  1982      81       0  rtu0810                0.000       0.000       2.962       1.859            0.000            0.000            0.000           13.163           17.483           -3.683            2.972            0.526            0.100            0.000            0.000            0.000            0.000            0.000            0.000
    67     3     8  1982      82       0  rtu0820                0.000       0.000       2.746       1.906            0.000            0.000            0.000           12.371           17.899           -3.762            3.043            0.525            0.100            0.000            0.000            0.000            0.000            0.000            0.000
    67     3     8  1982      83       0  rtu0830                0.000       0.000       2.712       1.911            0.000            0.000            0.000           12.391           17.901           -3.764            3.043            0.525            0.100            0.000            0.000            0.000            0.000            0.000            0.000
    67     3     8  1982      84       0  rtu0840                0.000       0.000       3.039       1.766            0.000            0.000            0.000           16.343           15.872           -3.429            2.698            0.519            0.099            0.000            0.000            0.000            0.000            0.000            0.000
    67     3     8  1982      85       0  rtu0850                0.000       0.000       3.523       1.658            0.000            0.000            0.000           17.876           15.723           -3.460            2.674            0.509            0.097            0.000            0.000            0.000            0.000            0.000            0.000
    67     3     8  1982      86       0  rtu0860                0.000       0.000       2.679       1.920            0.000            0.000            0.000           12.496           17.892           -3.775            3.041            0.525            0.100            0.000            0.000            0.000            0.000            0.000            0.000
    67     3     8  1982      87       0  rtu0870                0.000       0.000       2.733       1.908            0.000            0.000            0.000           12.378           17.898           -3.766            3.042            0.525            0.100            0.000            0.000            0.000            0.000            0.000            0.000
    67     3     8  1982      88       0  rtu0880                0.000       0.000       2.384       1.918            0.000            0.000            0.000           18.221           15.869           -3.441            2.696            0.507            0.096            0.000            0.000            0.000            0.000            0.000            0.000
    67     3     8  1982      89       0  rtu0890                0.000       0.000       3.519       1.658            0.000            0.000            0.000           17.758           15.734           -3.458            2.676            0.510            0.097            0.000            0.000            0.000            0.000            0.000            0.000
    67     3     8  1982      90       0  rtu0900                0.000       0.000       2.654       2.011            0.000            0.000            0.000           12.871           18.546           -3.919            3.152            0.543            0.103            0.000            0.000            0.000            0.000            0.000            0.000
    67     3     8  1982      91       0  rtu0910                0.000       0.000       2.652       1.923            0.000            0.000            0.000           12.371           17.896           -3.774            3.042            0.524            0.100            0.000            0.000            0.000            0.000            0.000            0.000
    67     3     8  1982      92       0  rtu0920                0.000       0.000       3.831       1.595            0.000            0.000            0.000           18.042           15.685           -3.466            2.668            0.509            0.097            0.000            0.000            0.000            0.000            0.000            0.000
    67     3     8  1982      93       0  rtu0930                0.000       0.000       2.594       1.933            0.000            0.000            0.000           12.360           17.898           -3.777            3.042            0.524            0.100            0.000            0.000            0.000            0.000            0.000            0.000
    67     3     8  1982      94       0  rtu0940                0.000       0.000       3.419       1.699            0.000            0.000            0.000           18.613           15.736           -3.461            2.675            0.505            0.096            0.000            0.000            0.000            0.000            0.000            0.000
    67     3     8  1982      95       0  rtu0950                0.000       0.000       2.622       1.928            0.000            0.000            0.000           12.377           17.898           -3.775            3.042            0.524            0.100            0.000            0.000            0.000            0.000            0.000            0.000
    67     3     8  1982      96       0  rtu0960                0.000       0.000       2.345       1.927            0.000            0.000            0.000           18.407           15.863           -3.442            2.695            0.506            0.096            0.000            0.000            0.000            0.000            0.000            0.000
    67     3     8  1982      97       0  rtu0970                0.000       0.000       2.755       1.904            0.000            0.000            0.000           12.413           17.899           -3.762            3.043            0.526            0.100            0.000            0.000            0.000            0.000            0.000            0.000
    67     3     8  1982      98       0  rtu0980                0.000       0.000       2.347       1.926            0.000            0.000            0.000           18.446           15.861           -3.443            2.695            0.506            0.096            0.000            0.000            0.000            0.000            0.000            0.000
    67     3     8  1982      99       0  rtu0990                0.000       0.000       2.592       1.934            0.000            0.000            0.000           12.343           17.895           -3.780            3.042            0.524            0.100            0.000            0.000            0.000            0.000            0.000            0.000
    67     3     8  1982     100       0  rtu1000                0.000       0.000       4.077       1.463            0.000            0.000            0.000           16.139           15.567           -3.473            2.650            0.520            0.099            0.000            0.000            0.000            0.000            0.000            0.000
    67     3     8  1982     101       0  rtu1010                0.000       0.000       2.555       1.883            0.000            0.000            0.000           17.298           15.903           -3.431            2.702            0.513            0.097            0.000            0.000            0.000            0.000            0.000            0.000
    67     3     8  1982     102       0  rtu1020                0.000       0.000       2.283       1.497            0.000            0.000            0.000            8.370           13.794           -3.362            2.333            0.487            0.093            0.000            0.000            0.000            0.000            0.000            0.000
    67     3     8  1982     103       0  rtu1030                0.000       0.000       3.358       1.703            0.000            0.000            0.000           18.512           15.730           -3.462            2.674            0.506            0.096            0.000            0.000            0.000            0.000            0.000            0.000
    67     3     8  1982     104       0  rtu1040                0.000       0.000       2.165       1.512            0.000            0.000            0.000            8.469           13.780           -3.366            2.330            0.485            0.092            0.000            0.000            0.000            0.000            0.000            0.000
    67     3     8  1982     105       0  rtu1050                0.000       0.000       2.125       1.517            0.000            0.000            0.000            8.526           13.771           -3.369            2.329            0.484            0.092            0.000            0.000            0.000            0.000            0.000            0.000
    67     3     8  1982     106       0  rtu1060                0.000       0.000       2.683       1.916            0.000            0.000            0.000           12.353           17.901           -3.767            3.043            0.525            0.100            0.000            0.000            0.000            0.000            0.000            0.000
    67     3     8  1982     107       0  rtu1070                0.000       0.000       3.011       1.776            0.000            0.000            0.000           18.690           15.763           -3.458            2.680            0.505            0.096            0.000            0.000            0.000            0.000            0.000            0.000
    67     3     8  1982     108       0  rtu1080                0.000       0.000       2.692       1.914            0.000            0.000            0.000           12.375           17.900           -3.768            3.043            0.525            0.100            0.000            0.000            0.000            0.000            0.000            0.000
    67     3     8  1982     109       0  rtu1090                0.000       0.000       3.123       1.755            0.000            0.000            0.000           18.144           15.777           -3.453            2.682            0.508            0.096            0.000            0.000            0.000            0.000            0.000            0.000
    67     3     8  1982     110       0  rtu1100                0.000       0.000       2.266       1.499            0.000            0.000            0.000            8.378           13.792           -3.363            2.332            0.487            0.093            0.000            0.000            0.000            0.000            0.000            0.000
    67     3     8  1982     111       0  rtu1110                0.000       0.000       2.652       1.921            0.000            0.000            0.000           12.375           17.900           -3.771            3.043            0.525            0.100            0.000            0.000            0.000            0.000            0.000            0.000
    67     3     8  1982     112       0  rtu1120                0.000       0.000       2.286       1.939            0.000            0.000            0.000           18.846           15.850           -3.446            2.693            0.504            0.096            0.000            0.000            0.000            0.000            0.000            0.000
    67     3     8  1982     113       0  rtu1130                0.000       0.000       2.831       1.813            0.000            0.000            0.000           17.419           15.851           -3.439            2.694            0.513            0.097            0.000            0.000            0.000            0.000            0.000            0.000
    67     3     8  1982     114       0  rtu1140                0.000       0.000       2.415       1.912            0.000            0.000            0.000           18.077           15.874           -3.439            2.697            0.508            0.097            0.000            0.000            0.000            0.000            0.000            0.000
    67     3     8  1982     115       0  rtu1150                0.000       0.000       2.937       1.775            0.000            0.000            0.000           17.700           15.791           -3.449            2.685            0.511            0.097            0.000            0.000            0.000            0.000            0.000            0.000
    67     3     8  1982     116       0  rtu1160                0.000       0.000       2.350       1.926            0.000            0.000            0.000           18.448           15.861           -3.443            2.695            0.506            0.096            0.000            0.000            0.000            0.000            0.000            0.000
    67     3     8  1982     117       0  rtu1170                0.000       0.000       2.835       1.892            0.000            0.000            0.000           12.432           17.895           -3.758            3.042            0.526            0.100            0.000            0.000            0.000            0.000            0.000            0.000
    67     3     8  1982     118       0  rtu1180                0.000       0.000       2.984       1.841            0.000            0.000            0.000           13.471           17.289           -3.675            2.939            0.523            0.099            0.000            0.000            0.000            0.000            0.000            0.000
    67     3     8  1982     119       0  rtu1190                0.000       0.000       3.857       1.656            0.000            0.000            0.000           13.131           17.317           -3.736            2.946            0.523            0.099            0.000            0.000            0.000            0.000            0.000            0.000
    67     3     8  1982     120       0  rtu1200                0.000       0.000       2.488       1.897            0.000            0.000            0.000           17.686           15.895           -3.433            2.701            0.512            0.097            0.000            0.000            0.000            0.000            0.000            0.000
    67     3     8  1982     121       0  rtu1210                0.000       0.000       3.460       1.675            0.000            0.000            0.000           17.512           15.761           -3.452            2.680            0.512            0.097            0.000            0.000            0.000            0.000            0.000            0.000
    67     3     8  1982     122       0  rtu1220                0.000       0.000       4.038       1.495            0.000            0.000            0.000           17.076           15.621           -3.471            2.658            0.515            0.098            0.000            0.000            0.000            0.000            0.000            0.000
    67     3     8  1982     123       0  rtu1230                0.000       0.000       4.018       1.507            0.000            0.000            0.000           17.363           15.622           -3.472            2.658            0.512            0.097            0.000            0.000            0.000            0.000            0.000            0.000
    67     3     8  1982     124       0  rtu1240                0.000       0.000       3.470       1.672            0.000            0.000            0.000           17.822           15.738           -3.458            2.676            0.510            0.097            0.000            0.000            0.000            0.000            0.000            0.000
    67     3     8  1982     125       0  rtu1250                0.000       0.000       2.827       1.816            0.000            0.000            0.000           17.453           15.854           -3.438            2.695            0.513            0.097            0.000            0.000            0.000            0.000            0.000            0.000
    67     3     8  1982     126       0  rtu1260                0.000       0.000       2.364       1.923            0.000            0.000            0.000           18.527           15.864           -3.442            2.696            0.506            0.096            0.000            0.000            0.000            0.000            0.000            0.000
    67     3     8  1982     127       0  rtu1270                0.000       0.000       3.130       1.752            0.000            0.000            0.000           18.683           15.755           -3.459            2.678            0.505            0.096            0.000            0.000            0.000            0.000            0.000            0.000
    67     3     8  1982     128       0  rtu1280                0.000       0.000       2.643       1.568            0.000            0.000            0.000           12.703           14.381           -3.415            2.437            0.485            0.092            0.000            0.000            0.000            0.000            0.000            0.000
    67     3     8  1982     129       0  rtu1290                0.000       0.000       2.923       1.445            0.000            0.000            0.000           10.905           14.050           -3.404            2.381            0.482            0.092            0.000            0.000            0.000            0.000            0.000            0.000
    67     3     8  1982     130       0  rtu1300                0.000       0.000       2.934       2.090            0.000            0.000            0.000           16.633           18.760           -4.040            3.189            0.564            0.107            0.000            0.000            0.000            0.000            0.000            0.000
    67     3     8  1982     131       0  rtu1310                0.000       0.000       2.490       1.955            0.000            0.000            0.000           12.451           17.889           -3.791            3.040            0.523            0.099            0.000            0.000            0.000            0.000            0.000            0.000
    67     3     8  1982     132       0  rtu1320                0.000       0.000       3.228       1.722            0.000            0.000            0.000           18.751           15.731           -3.462            2.675            0.504            0.096            0.000            0.000            0.000            0.000            0.000            0.000
    67     3     8  1982     133       0  rtu1330                0.000       0.000       2.447       1.964            0.000            0.000            0.000           12.508           17.885           -3.797            3.040            0.523            0.099            0.000            0.000            0.000            0.000            0.000            0.000
    67     3     8  1982     134       0  rtu1340                0.000       0.000       2.388       1.918            0.000            0.000            0.000           18.324           15.873           -3.440            2.697            0.508            0.096            0.000            0.000            0.000            0.000            0.000            0.000
    67     3     8  1982     135       0  rtu1350                0.000       0.000       3.375       1.674            0.000            0.000            0.000           17.646           15.730           -3.458            2.675            0.510            0.097            0.000            0.000            0.000            0.000            0.000            0.000
