 Prueba3                   SWAT+ Jul 2 2024        MODULAR Rev 2024.61.0.1                                
   jday   mon   day    yr   unit  gis_id  name                 sedyld     sedorgn     sedorgp     surqno3     lat3no3    surqsolp        usle     sedminp     tileno3     lchlabp    tilelabp      satexn
                                                                  tha        kgha        kgha        kgha        kgha        kgha        tons        kgha        kgha        kgha        kgha        kgha
     67     3     8  1982      1       0  rtu0010                1.308      14.030       1.626       0.066       5.172       0.230       0.000       0.645       0.000       0.420       0.000       0.000
     67     3     8  1982      2       0  rtu0020                1.147      12.401       1.437       0.066       5.039       0.232       0.000       0.570       0.000       0.420       0.000       0.000
     67     3     8  1982      3       0  rtu0030                1.373      14.694       1.703       0.067       5.522       0.226       0.000       0.676       0.000       0.418       0.000       0.000
     67     3     8  1982      4       0  rtu0040                1.854      19.739       2.288       0.067       7.107       0.208       0.000       0.909       0.000       0.411       0.000       0.000
     67     3     8  1982      5       0  rtu0050                0.822       8.935       1.035       0.065       3.801       0.249       0.000       0.410       0.000       0.426       0.000       0.000
     67     3     8  1982      6       0  rtu0060                0.727       7.949       0.921       0.065       3.659       0.251       0.000       0.365       0.000       0.427       0.000       0.000
     67     3     8  1982      7       0  rtu0070                1.550      16.553       1.918       0.067       6.006       0.220       0.000       0.761       0.000       0.416       0.000       0.000
     67     3     8  1982      8       0  rtu0080                2.168      16.512       1.889       0.085       4.451       0.277       0.000       0.979       0.000       0.362       0.000       0.000
     67     3     8  1982      9       0  rtu0090                3.619      20.823       2.349       0.105       3.100       0.332       0.000       1.545       0.000       0.296       0.000       0.000
     67     3     8  1982     10       0  rtu0100               24.800      65.136       7.347       0.094       3.085       0.257       0.000       2.995       0.000       0.296       0.000       0.000
     67     3     8  1982     11       0  rtu0110                2.247      18.739       2.153       0.078       5.388       0.250       0.000       1.033       0.000       0.380       0.000       0.000
     67     3     8  1982     12       0  rtu0120                1.763      18.723       2.170       0.067       6.602       0.213       0.000       0.862       0.000       0.413       0.000       0.000
     67     3     8  1982     13       0  rtu0130               11.046      39.328       4.460       0.086       4.673       0.251       0.000       1.980       0.000       0.340       0.000       0.000
     67     3     8  1982     14       0  rtu0140                1.925      20.358       2.359       0.067       6.920       0.209       0.000       0.938       0.000       0.412       0.000       0.000
     67     3     8  1982     15       0  rtu0150                1.880      19.944       2.311       0.067       7.017       0.208       0.000       0.919       0.000       0.411       0.000       0.000
     67     3     8  1982     16       0  rtu0160                1.715      18.234       2.113       0.067       6.465       0.214       0.000       0.839       0.000       0.414       0.000       0.000
     67     3     8  1982     17       0  rtu0170                3.373      19.344       2.182       0.106       2.700       0.338       0.000       1.434       0.000       0.297       0.000       0.000
     67     3     8  1982     18       0  rtu0180                2.056      17.460       2.008       0.082       5.652       0.264       0.000       0.942       0.000       0.324       0.000       0.000
     67     3     8  1982     19       0  rtu0190               11.381      52.325       5.974       0.096       4.358       0.277       0.000       2.482       0.000       0.205       0.000       0.000
     67     3     8  1982     20       0  rtu0200                2.215      11.600       1.301       0.125       3.169       0.412       0.000       0.914       0.000       0.067       0.000       0.000
     67     3     8  1982     21       0  rtu0210                1.682      18.068       2.094       0.067       6.799       0.211       0.000       0.832       0.000       0.412       0.000       0.000
     67     3     8  1982     22       0  rtu0220                1.420      15.530       1.800       0.067       6.257       0.218       0.000       0.714       0.000       0.415       0.000       0.000
     67     3     8  1982     23       0  rtu0230                1.827      10.660       1.203       0.109       2.052       0.358       0.000       0.786       0.000       0.299       0.000       0.000
     67     3     8  1982     24       0  rtu0240                5.089      28.815       3.251       0.103       3.644       0.315       0.000       2.150       0.000       0.294       0.000       0.000
     67     3     8  1982     25       0  rtu0250                7.693      56.166       6.509       0.064       5.908       0.192       0.000       2.141       0.000       0.416       0.000       0.000
     67     3     8  1982     26       0  rtu0260                1.618      17.240       1.998       0.067       6.127       0.218       0.000       0.793       0.000       0.415       0.000       0.000
     67     3     8  1982     27       0  rtu0270                2.225      12.892       1.454       0.109       2.242       0.353       0.000       0.953       0.000       0.299       0.000       0.000
     67     3     8  1982     28       0  rtu0280                2.004      11.641       1.313       0.109       2.116       0.356       0.000       0.859       0.000       0.299       0.000       0.000
     67     3     8  1982     29       0  rtu0290                1.165      12.561       1.456       0.066       4.856       0.234       0.000       0.577       0.000       0.421       0.000       0.000
     67     3     8  1982     30       0  rtu0300                1.486       8.618       0.972       0.115       1.664       0.366       0.000       0.636       0.000       0.301       0.000       0.000
     67     3     8  1982     31       0  rtu0310                0.473       1.898       0.201       0.076       1.411       0.305       0.000       0.233       0.000       0.377       0.000       0.000
     67     3     8  1982     32       0  rtu0320                4.328      17.179       1.851       0.102       2.764       0.364       0.000       1.893       0.000       0.257       0.000       0.000
     67     3     8  1982     33       0  rtu0330                4.894      19.244       2.074       0.103       2.952       0.356       0.000       2.125       0.000       0.256       0.000       0.000
     67     3     8  1982     34       0  rtu0340                5.652      21.915       2.362       0.102       2.906       0.347       0.000       2.428       0.000       0.256       0.000       0.000
     67     3     8  1982     35       0  rtu0350                4.309      24.739       2.791       0.103       3.578       0.321       0.000       1.841       0.000       0.294       0.000       0.000
     67     3     8  1982     36       0  rtu0360                4.213      24.228       2.733       0.103       3.600       0.323       0.000       1.802       0.000       0.294       0.000       0.000
     67     3     8  1982     37       0  rtu0370                2.847      16.542       1.866       0.106       2.747       0.342       0.000       1.224       0.000       0.297       0.000       0.000
     67     3     8  1982     38       0  rtu0380               30.971      82.918       9.352       0.090       2.967       0.224       0.000       3.704       0.000       0.296       0.000       0.000
     67     3     8  1982     39       0  rtu0390                3.626      20.942       2.363       0.105       3.194       0.331       0.000       1.554       0.000       0.295       0.000       0.000
     67     3     8  1982     40       0  rtu0400                4.564      18.001       1.940       0.102       2.763       0.361       0.000       1.985       0.000       0.257       0.000       0.000
     67     3     8  1982     41       0  rtu0410                4.431      25.330       2.858       0.103       3.483       0.321       0.000       1.885       0.000       0.294       0.000       0.000
     67     3     8  1982     42       0  rtu0420                4.504      25.713       2.901       0.103       3.491       0.321       0.000       1.915       0.000       0.294       0.000       0.000
     67     3     8  1982     43       0  rtu0430                4.569      23.990       2.684       0.104       3.369       0.326       0.000       1.949       0.000       0.288       0.000       0.000
     67     3     8  1982     44       0  rtu0440                4.218      16.557       1.782       0.095       2.875       0.343       0.000       1.848       0.000       0.277       0.000       0.000
     67     3     8  1982     45       0  rtu0450                5.391      21.019       2.265       0.104       3.085       0.349       0.000       2.326       0.000       0.256       0.000       0.000
     67     3     8  1982     46       0  rtu0460                4.362      17.262       1.860       0.102       2.710       0.365       0.000       1.902       0.000       0.257       0.000       0.000
     67     3     8  1982     47       0  rtu0470                1.947      11.382       1.284       0.109       2.161       0.356       0.000       0.840       0.000       0.299       0.000       0.000
     67     3     8  1982     48       0  rtu0480                1.778      10.390       1.172       0.109       2.032       0.359       0.000       0.766       0.000       0.299       0.000       0.000
     67     3     8  1982     49       0  rtu0490                2.769      16.171       1.824       0.106       2.758       0.342       0.000       1.196       0.000       0.296       0.000       0.000
     67     3     8  1982     50       0  rtu0500               14.092      42.670       4.813       0.100       2.574       0.297       0.000       2.155       0.000       0.297       0.000       0.000
     67     3     8  1982     51       0  rtu0510                5.100      29.007       3.273       0.102       4.040       0.312       0.000       2.165       0.000       0.293       0.000       0.000
     67     3     8  1982     52       0  rtu0520                3.652      21.034       2.373       0.105       3.103       0.331       0.000       1.561       0.000       0.295       0.000       0.000
     67     3     8  1982     53       0  rtu0530                4.936      27.999       3.159       0.103       3.526       0.317       0.000       2.088       0.000       0.294       0.000       0.000
     67     3     8  1982     54       0  rtu0540                3.805      20.992       2.363       0.111       3.494       0.349       0.000       1.593       0.000       0.226       0.000       0.000
     67     3     8  1982     55       0  rtu0550                3.334      19.271       2.174       0.105       2.989       0.335       0.000       1.428       0.000       0.296       0.000       0.000
     67     3     8  1982     56       0  rtu0560                3.297      19.036       2.148       0.105       2.904       0.336       0.000       1.411       0.000       0.296       0.000       0.000
     67     3     8  1982     57       0  rtu0570                2.029      10.665       1.196       0.125       3.055       0.414       0.000       0.840       0.000       0.067       0.000       0.000
     67     3     8  1982     58       0  rtu0580                2.991      17.357       1.958       0.106       2.821       0.340       0.000       1.285       0.000       0.296       0.000       0.000
     67     3     8  1982     59       0  rtu0590                3.492      20.155       2.274       0.105       3.040       0.333       0.000       1.495       0.000       0.295       0.000       0.000
     67     3     8  1982     60       0  rtu0600                2.506      13.076       1.466       0.125       3.430       0.408       0.000       1.032       0.000       0.067       0.000       0.000
     67     3     8  1982     61       0  rtu0610                3.369      19.418       2.191       0.106       2.965       0.335       0.000       1.442       0.000       0.296       0.000       0.000
     67     3     8  1982     62       0  rtu0620                2.557      14.783       1.668       0.108       2.409       0.348       0.000       1.094       0.000       0.298       0.000       0.000
     67     3     8  1982     63       0  rtu0630                3.171      17.711       1.994       0.113       3.260       0.363       0.000       1.339       0.000       0.200       0.000       0.000
     67     3     8  1982     64       0  rtu0640                2.741      15.821       1.785       0.107       2.503       0.345       0.000       1.171       0.000       0.298       0.000       0.000
     67     3     8  1982     65       0  rtu0650                0.899       5.260       0.593       0.117       1.271       0.375       0.000       0.387       0.000       0.302       0.000       0.000
     67     3     8  1982     66       0  rtu0660               14.917      48.450       5.465       0.099       2.802       0.283       0.000       2.539       0.000       0.297       0.000       0.000
     67     3     8  1982     67       0  rtu0670                4.329      17.115       1.844       0.102       2.650       0.366       0.000       1.886       0.000       0.257       0.000       0.000
     67     3     8  1982     68       0  rtu0680                1.325       7.733       0.872       0.113       1.634       0.367       0.000       0.570       0.000       0.300       0.000       0.000
     67     3     8  1982     69       0  rtu0690                2.474      14.387       1.623       0.108       2.475       0.348       0.000       1.064       0.000       0.297       0.000       0.000
     67     3     8  1982     70       0  rtu0700                3.586      20.635       2.328       0.105       2.838       0.333       0.000       1.531       0.000       0.296       0.000       0.000
     67     3     8  1982     71       0  rtu0710                4.348      24.945       2.814       0.103       3.574       0.321       0.000       1.856       0.000       0.294       0.000       0.000
     67     3     8  1982     72       0  rtu0720                4.790      27.314       3.082       0.103       3.686       0.316       0.000       2.036       0.000       0.293       0.000       0.000
     67     3     8  1982     73       0  rtu0730                3.312      18.972       2.140       0.108       2.645       0.338       0.000       1.411       0.000       0.296       0.000       0.000
     67     3     8  1982     74       0  rtu0740                2.184      12.603       1.422       0.112       1.888       0.355       0.000       0.934       0.000       0.299       0.000       0.000
     67     3     8  1982     75       0  rtu0750                3.576      20.657       2.331       0.105       3.125       0.331       0.000       1.533       0.000       0.295       0.000       0.000
     67     3     8  1982     76       0  rtu0760                4.034      23.231       2.621       0.104       3.439       0.325       0.000       1.727       0.000       0.294       0.000       0.000
     67     3     8  1982     77       0  rtu0770                4.279      24.485       2.762       0.104       3.265       0.324       0.000       1.821       0.000       0.295       0.000       0.000
     67     3     8  1982     78       0  rtu0780                3.855      22.333       2.520       0.104       3.470       0.326       0.000       1.659       0.000       0.294       0.000       0.000
     67     3     8  1982     79       0  rtu0790                5.388      29.376       3.309       0.109       4.288       0.325       0.000       2.238       0.000       0.235       0.000       0.000
     67     3     8  1982     80       0  rtu0800                6.014      31.024       3.486       0.120       4.967       0.342       0.000       2.428       0.000       0.149       0.000       0.000
     67     3     8  1982     81       0  rtu0810                5.944      32.406       3.651       0.107       4.446       0.315       0.000       2.464       0.000       0.246       0.000       0.000
     67     3     8  1982     82       0  rtu0820                3.762      21.758       2.455       0.104       3.348       0.328       0.000       1.615       0.000       0.295       0.000       0.000
     67     3     8  1982     83       0  rtu0830                3.460      20.068       2.264       0.105       3.158       0.332       0.000       1.488       0.000       0.295       0.000       0.000
     67     3     8  1982     84       0  rtu0840               22.315      48.279       5.413       0.117       5.195       0.323       0.000       2.747       0.000       0.067       0.000       0.000
     67     3     8  1982     85       0  rtu0850               22.412      70.029       7.852       0.108       3.060       0.249       0.000       4.028       0.000       0.067       0.000       0.000
     67     3     8  1982     86       0  rtu0860                3.241      18.572       2.095       0.108       2.575       0.339       0.000       1.380       0.000       0.297       0.000       0.000
     67     3     8  1982     87       0  rtu0870                3.669      21.143       2.385       0.105       3.118       0.331       0.000       1.569       0.000       0.295       0.000       0.000
     67     3     8  1982     88       0  rtu0880                1.601       8.434       0.946       0.126       2.614       0.420       0.000       0.664       0.000       0.067       0.000       0.000
     67     3     8  1982     89       0  rtu0890               22.521      70.215       7.873       0.108       3.241       0.249       0.000       4.010       0.000       0.067       0.000       0.000
     67     3     8  1982     90       0  rtu0900                2.249      13.153       1.484       0.114       2.373       0.365       0.000       0.973       0.000       0.309       0.000       0.000
     67     3     8  1982     91       0  rtu0910                2.967      17.130       1.933       0.107       2.675       0.341       0.000       1.270       0.000       0.297       0.000       0.000
     67     3     8  1982     92       0  rtu0920               25.050      82.928       9.299       0.104       2.836       0.209       0.000       4.955       0.000       0.067       0.000       0.000
     67     3     8  1982     93       0  rtu0930                2.435      14.187       1.600       0.108       2.471       0.348       0.000       1.049       0.000       0.297       0.000       0.000
     67     3     8  1982     94       0  rtu0940               14.049      55.884       6.266       0.112       2.080       0.285       0.000       3.936       0.000       0.067       0.000       0.000
     67     3     8  1982     95       0  rtu0950                2.688      15.599       1.760       0.107       2.588       0.345       0.000       1.155       0.000       0.297       0.000       0.000
     67     3     8  1982     96       0  rtu0960                1.270       6.747       0.756       0.126       2.360       0.424       0.000       0.530       0.000       0.067       0.000       0.000
     67     3     8  1982     97       0  rtu0970                3.854      22.215       2.506       0.104       3.297       0.327       0.000       1.650       0.000       0.295       0.000       0.000
     67     3     8  1982     98       0  rtu0980                1.283       6.802       0.763       0.126       2.308       0.424       0.000       0.534       0.000       0.067       0.000       0.000
     67     3     8  1982     99       0  rtu0990                2.439      14.135       1.595       0.108       2.379       0.349       0.000       1.046       0.000       0.298       0.000       0.000
     67     3     8  1982    100       0  rtu1000               99.522     143.516      16.091       0.084       5.406       0.102       0.000       5.496       0.000       0.067       0.000       0.000
     67     3     8  1982    101       0  rtu1010                3.052      15.863       1.779       0.125       3.885       0.400       0.000       1.253       0.000       0.067       0.000       0.000
     67     3     8  1982    102       0  rtu1020                4.530      17.842       1.923       0.102       2.682       0.363       0.000       1.968       0.000       0.257       0.000       0.000
     67     3     8  1982    103       0  rtu1030               16.488      57.236       6.417       0.111       2.206       0.283       0.000       3.659       0.000       0.067       0.000       0.000
     67     3     8  1982    104       0  rtu1040                3.550      14.188       1.529       0.104       2.388       0.379       0.000       1.558       0.000       0.257       0.000       0.000
     67     3     8  1982    105       0  rtu1050                3.237      12.966       1.397       0.105       2.225       0.384       0.000       1.423       0.000       0.257       0.000       0.000
     67     3     8  1982    106       0  rtu1060                3.201      18.648       2.104       0.105       3.044       0.335       0.000       1.382       0.000       0.295       0.000       0.000
     67     3     8  1982    107       0  rtu1070               11.849      40.964       4.593       0.116       1.969       0.330       0.000       2.590       0.000       0.067       0.000       0.000
     67     3     8  1982    108       0  rtu1080                3.303      19.111       2.156       0.105       2.956       0.335       0.000       1.416       0.000       0.296       0.000       0.000
     67     3     8  1982    109       0  rtu1090               13.076      45.827       5.138       0.115       2.709       0.314       0.000       2.886       0.000       0.067       0.000       0.000
     67     3     8  1982    110       0  rtu1100                4.385      17.314       1.866       0.102       2.652       0.366       0.000       1.908       0.000       0.257       0.000       0.000
     67     3     8  1982    111       0  rtu1110                2.945      17.069       1.926       0.106       2.708       0.340       0.000       1.263       0.000       0.296       0.000       0.000
     67     3     8  1982    112       0  rtu1120                0.807       4.300       0.482       0.126       1.770       0.431       0.000       0.337       0.000       0.067       0.000       0.000
     67     3     8  1982    113       0  rtu1130               10.482      33.637       3.772       0.119       3.722       0.353       0.000       2.016       0.000       0.067       0.000       0.000
     67     3     8  1982    114       0  rtu1140                1.873       9.814       1.100       0.126       2.813       0.417       0.000       0.773       0.000       0.067       0.000       0.000
     67     3     8  1982    115       0  rtu1150               19.861      46.135       5.173       0.115       3.321       0.322       0.000       2.205       0.000       0.067       0.000       0.000
     67     3     8  1982    116       0  rtu1160                1.312       6.941       0.778       0.126       2.306       0.424       0.000       0.545       0.000       0.067       0.000       0.000
     67     3     8  1982    117       0  rtu1170                4.570      26.135       2.949       0.103       3.661       0.319       0.000       1.946       0.000       0.294       0.000       0.000
     67     3     8  1982    118       0  rtu1180               11.391      39.908       4.496       0.107       3.511       0.313       0.000       2.347       0.000       0.230       0.000       0.000
     67     3     8  1982    119       0  rtu1190               46.122     110.309      12.426       0.085       3.209       0.171       0.000       4.640       0.000       0.254       0.000       0.000
     67     3     8  1982    120       0  rtu1200                2.499      12.989       1.456       0.125       3.369       0.408       0.000       1.027       0.000       0.067       0.000       0.000
     67     3     8  1982    121       0  rtu1210               20.707      65.834       7.382       0.110       3.575       0.262       0.000       3.922       0.000       0.067       0.000       0.000
     67     3     8  1982    122       0  rtu1220               50.949     118.111      13.245       0.093       4.134       0.130       0.000       5.261       0.000       0.067       0.000       0.000
     67     3     8  1982    123       0  rtu1230               45.330     112.801      12.649       0.094       3.744       0.139       0.000       5.223       0.000       0.067       0.000       0.000
     67     3     8  1982    124       0  rtu1240               20.524      66.281       7.432       0.109       3.139       0.258       0.000       3.874       0.000       0.067       0.000       0.000
     67     3     8  1982    125       0  rtu1250                9.567      32.586       3.654       0.120       3.679       0.355       0.000       2.006       0.000       0.067       0.000       0.000
     67     3     8  1982    126       0  rtu1260                1.476       7.687       0.862       0.126       2.224       0.423       0.000       0.607       0.000       0.067       0.000       0.000
     67     3     8  1982    127       0  rtu1270               12.898      46.107       5.170       0.114       1.987       0.315       0.000       2.962       0.000       0.067       0.000       0.000
     67     3     8  1982    128       0  rtu1280               10.376      27.933       3.011       0.108       0.979       0.343       0.000       2.464       0.000       0.191       0.000       0.000
     67     3     8  1982    129       0  rtu1290               16.779      42.112       4.538       0.102       1.525       0.287       0.000       3.397       0.000       0.219       0.000       0.000
     67     3     8  1982    130       0  rtu1300                7.479      26.377       2.975       0.130       1.121       0.396       0.000       1.450       0.000       0.237       0.000       0.000
     67     3     8  1982    131       0  rtu1310                1.580       9.195       1.037       0.113       1.780       0.363       0.000       0.679       0.000       0.300       0.000       0.000
     67     3     8  1982    132       0  rtu1320               16.485      53.760       6.028       0.112       1.893       0.297       0.000       3.266       0.000       0.067       0.000       0.000
     67     3     8  1982    133       0  rtu1330                1.221       7.112       0.802       0.115       1.474       0.369       0.000       0.524       0.000       0.301       0.000       0.000
     67     3     8  1982    134       0  rtu1340                1.666       8.682       0.973       0.126       2.505       0.420       0.000       0.685       0.000       0.067       0.000       0.000
     67     3     8  1982    135       0  rtu1350               25.863      69.583       7.803       0.108       3.372       0.254       0.000       3.449       0.000       0.067       0.000       0.000
