 Prueba3                   SWAT+ Jul 2 2024        MODULAR Rev 2024.61.0.1                                
        jday         mon         day          yr   name        type              flo            sed           orgn           sedp            no3           solp           chla            nh3            no2           cbod            dox            san            sil            cla            sag            lag            grv           null
                                                                               m^3/s           tons            kgN            kgP            kgN            kgP             kg            kgN            kgN             kg             kg           tons           tons           tons           tons           tons           tons           degc
          67           3           8        1982 rtu0010         ru         9449403.       3957.360       42455.29       6871.449       41759.61       696.5103       34598.32      0.0000000E+00  0.0000000E+00  2.5663805E+09   1114066.      1.2481972E-03  1.2481972E-03  1.2481972E-03  1.2481972E-03  1.2481972E-03  0.0000000E+00   1.000001    
          67           3           8        1982 rtu0020         ru        3.3754680E+07   12359.98       133691.4       21633.58       147491.8       2505.896       109958.0      0.0000000E+00  0.0000000E+00  8.0406231E+09   3969053.      1.2444434E-03  1.2444434E-03  1.2444434E-03  1.2444434E-03  1.2444434E-03  0.0000000E+00   1.000000    
          67           3           8        1982 rtu0030         ru        2.2728182E+07   10052.81       107607.7       17418.45       103261.5       1658.394       87772.24      0.0000000E+00  0.0000000E+00  6.5077033E+09   2696158.      1.2468982E-03  1.2468982E-03  1.2468982E-03  1.2468982E-03  1.2468982E-03  0.0000000E+00   1.000000    
          67           3           8        1982 rtu0040         ru        4.1665224E+07   25699.43       273564.8       44305.65       214448.5       2876.583       223203.8      0.0000000E+00  0.0000000E+00  1.6554470E+10   5102440.      6.1987911E-04  6.1987911E-04  6.1987911E-04  6.1987911E-04  6.1987911E-04  0.0000000E+00   1.000000    
          67           3           8        1982 rtu0050         ru        1.3287109E+07   3394.146       36880.07       5966.402       52102.49       1026.384       30212.57      0.0000000E+00  0.0000000E+00  2.2038200E+09   1519649.      1.8717297E-03  1.8717297E-03  1.8717297E-03  1.8717297E-03  1.8717297E-03  0.0000000E+00   1.000000    
          67           3           8        1982 rtu0060         ru        2.9968988E+07   6752.875       73817.77       11940.10       116087.7       2327.819       60803.82      0.0000000E+00  0.0000000E+00  4.3940710E+09   3418982.      1.8673223E-03  1.8673223E-03  1.8673223E-03  1.8673223E-03  1.8673223E-03  0.0000000E+00   1.000000    
          67           3           8        1982 rtu0070         ru        1.6408540E+07   8279.471       88438.95       14316.49       77520.70       1175.639       72053.00      0.0000000E+00  0.0000000E+00  5.3613583E+09   1967002.      6.2319962E-04  6.2319962E-04  6.2319962E-04  6.2319962E-04  6.2319962E-04  0.0000000E+00   1.000000    
          67           3           8        1982 rtu0080         ru        4.6623100E+07   25525.31       194385.6       33765.55       142569.6       3255.988       142880.7      0.0000000E+00  0.0000000E+00  1.1662809E+10   4036327.      1.2460269E-03  1.2460269E-03  1.2460269E-03  1.2460269E-03  1.2460269E-03  0.0000000E+00   1.000000    
          67           3           8        1982 rtu0090         ru        2.6250594E+07   19137.33       110118.4       20594.69       51599.02       1757.194       71766.21      0.0000000E+00  0.0000000E+00  6.6745052E+09   1655086.      6.2361039E-04  6.2361039E-04  6.2361039E-04  6.2361039E-04  6.2361039E-04  0.0000000E+00   1.000000    
          67           3           8        1982 rtu0100         ru        5.0576612E+07   252577.8       663370.9       105322.7       99051.82       2617.829       455541.7      0.0000000E+00  0.0000000E+00  6.5672421E+10   3187396.      1.2472054E-03  1.2472054E-03  1.2472054E-03  1.2472054E-03  1.2472054E-03  0.0000000E+00   1.000000    
          67           3           8        1982 rtu0110         ru        3.0293092E+07   18867.53       157336.7       26751.05       111870.9       2096.950       119619.9      0.0000000E+00  0.0000000E+00  9.5429827E+09   2955838.      1.2472351E-03  1.2472351E-03  1.2472351E-03  1.2472351E-03  1.2472351E-03  0.0000000E+00   1.000000    
          67           3           8        1982 rtu0120         ru        1.9955072E+07   11603.23       123226.0       19953.87       98955.64       1400.048       100138.9      0.0000000E+00  0.0000000E+00  7.4848676E+09   2423085.      6.2297028E-04  6.2297028E-04  6.2297028E-04  6.2297028E-04  6.2297028E-04  0.0000000E+00   1.000000    
          67           3           8        1982 rtu0130         ru        8.1239056E+07   213278.9       759342.6       124348.1       231419.8       4846.902       533914.8      0.0000000E+00  0.0000000E+00  6.3564083E+10   6451564.      1.8695432E-03  1.8695432E-03  1.8695432E-03  1.8695432E-03  1.8695432E-03  0.0000000E+00   1.000000    
          67           3           8        1982 rtu0140         ru        1.4825936E+07   9474.201       100219.4       16231.83       75410.90       1027.228       81099.19      0.0000000E+00  0.0000000E+00  6.0944763E+09   1812404.      6.2363199E-04  6.2363199E-04  6.2363199E-04  6.2363199E-04  6.2363199E-04  0.0000000E+00   1.000000    
          67           3           8        1982 rtu0150         ru        2.7119796E+07   16955.28       179851.8       29128.46       138887.6       1876.000       146014.2      0.0000000E+00  0.0000000E+00  1.0911400E+10   3320177.      6.2218407E-04  6.2218407E-04  6.2218407E-04  6.2218407E-04  6.2218407E-04  0.0000000E+00   1.000000    
          67           3           8        1982 rtu0160         ru        1.8919166E+07   10672.78       113463.1       18371.67       92818.67       1333.843       92278.70      0.0000000E+00  0.0000000E+00  6.8914063E+09   2290922.      6.2304863E-04  6.2304863E-04  6.2304863E-04  6.2304863E-04  6.2304863E-04  0.0000000E+00   1.000000    
          67           3           8        1982 rtu0170         ru         2269895.       1290.841       7402.709       1383.955       4054.684       129.2669       4760.081      0.0000000E+00  0.0000000E+00  4.4357770E+08   119761.4      5.2593858E-04  5.2593858E-04  5.2593858E-04  5.2593858E-04  5.2593858E-04  0.0000000E+00   1.000002    
          67           3           8        1982 rtu0180         ru        2.4330070E+07   13316.25       113101.3       19104.51       81134.20       1707.806       86026.45      0.0000000E+00  0.0000000E+00  6.7536251E+09   2245516.      1.2476607E-03  1.2476607E-03  1.2476607E-03  1.2476607E-03  1.2476607E-03  0.0000000E+00   1.000000    
          67           3           8        1982 rtu0190         ru        3.6813428E+07   88469.77       406751.3       65729.55       70864.27       2153.622       303638.1      0.0000000E+00  0.0000000E+00  3.1642706E+10   2469070.      2.4962490E-03  2.4962490E-03  2.4962490E-03  2.4962490E-03  2.4962490E-03  0.0000000E+00   1.000000    
          67           3           8        1982 rtu0200         ru        2.8897534E+07   11074.87       58010.29       11075.73       27669.37       2058.124       34763.45      0.0000000E+00  0.0000000E+00  3.2306181E+09   1426617.      1.2475564E-03  1.2475564E-03  1.2475564E-03  1.2475564E-03  1.2475564E-03  0.0000000E+00   1.000000    
          67           3           8        1982 rtu0210         ru        6.1081872E+07   33990.19       365068.0       59112.75       307117.8       4269.578       301861.9      0.0000000E+00  0.0000000E+00  2.2020469E+10   7438944.      6.1558560E-04  6.1558560E-04  6.1558560E-04  6.1558560E-04  6.1558560E-04  0.0000000E+00   1.000000    
          67           3           8        1982 rtu0220         ru        9.2417184E+07   42984.06       469961.4       76072.14       445785.7       6594.357       397325.3      0.0000000E+00  0.0000000E+00  2.8157069E+10  1.1141241E+07  6.0700008E-04  6.0700008E-04  6.0700008E-04  6.0700008E-04  6.0700008E-04  0.0000000E+00   1.000000    
          67           3           8        1982 rtu0230         ru        5.6716576E+07   20505.18       119614.0       22316.24       98642.86       4021.005       78131.16      0.0000000E+00  0.0000000E+00  6.9686989E+09   3386260.      1.2438595E-03  1.2438595E-03  1.2438595E-03  1.2438595E-03  1.2438595E-03  0.0000000E+00   1.000000    
          67           3           8        1982 rtu0240         ru         3636102.       3456.051       19569.37       3668.327       7391.466       213.7576       12855.25      0.0000000E+00  0.0000000E+00  1.2233070E+09   212542.2      5.7372724E-04  5.7372724E-04  5.7372724E-04  5.7372724E-04  5.7372724E-04  0.0000000E+00   1.000001    
          67           3           8        1982 rtu0250         ru        6.1135284E+07   153020.4       1117134.       172033.2       286925.1       3818.684       970437.9      0.0000000E+00  0.0000000E+00  8.4519649E+10   7322897.      1.2411480E-03  1.2411480E-03  1.2411480E-03  1.2411480E-03  1.2411480E-03  0.0000000E+00   1.000000    
          67           3           8        1982 rtu0260         ru        1.3229410E+07   6996.438       74541.22       12067.75       63234.28       943.3258       60663.95      0.0000000E+00  0.0000000E+00  4.5270958E+09   1591899.      6.2360923E-04  6.2360923E-04  6.2360923E-04  6.2360923E-04  6.2360923E-04  0.0000000E+00   1.000000    
          67           3           8        1982 rtu0270         ru        3.4720480E+07   15328.78       88839.75       16586.94       61782.58       2432.593       57569.51      0.0000000E+00  0.0000000E+00  5.2455665E+09   2128536.      1.2469826E-03  1.2469826E-03  1.2469826E-03  1.2469826E-03  1.2469826E-03  0.0000000E+00   1.000000    
          67           3           8        1982 rtu0280         ru        3.1921542E+07   12671.95       73610.10       13736.87       55952.91       2251.390       47555.89      0.0000000E+00  0.0000000E+00  4.3065390E+09   1957532.      1.2470232E-03  1.2470232E-03  1.2470232E-03  1.2470232E-03  1.2470232E-03  0.0000000E+00   1.000000    
          67           3           8        1982 rtu0290         ru        1.2228568E+07   4534.099       48883.41       7910.445       52638.64       911.6871       39920.01      0.0000000E+00  0.0000000E+00  2.9452099E+09   1432727.      1.2479634E-03  1.2479634E-03  1.2479634E-03  1.2479634E-03  1.2479634E-03  0.0000000E+00   1.000000    
          67           3           8        1982 rtu0300         ru        3.3408756E+07   9753.662       56580.29       10559.75       55744.65       2402.700       37127.93      0.0000000E+00  0.0000000E+00  3.3421166E+09   1989070.      1.8699490E-03  1.8699490E-03  1.8699490E-03  1.8699490E-03  1.8699490E-03  0.0000000E+00   1.000000    
          67           3           8        1982 rtu0310         ru         33853.71       1.915532       7.683560       1.758960       66.66456       1.245773       6.146079      0.0000000E+00  0.0000000E+00   426084.4       1381.168      5.9421873E-04  5.9421873E-04  5.9421873E-04  5.9421873E-04  5.9421873E-04  0.0000000E+00   1.000156    
          67           3           8        1982 rtu0320         ru        6.1393644E+07   50320.38       199724.7       43528.68       106298.3       4230.479       129412.4      0.0000000E+00  0.0000000E+00  1.1383572E+10   3423493.      6.2142161E-04  6.2142161E-04  6.2142161E-04  6.2142161E-04  6.2142161E-04  0.0000000E+00   1.000000    
          67           3           8        1982 rtu0330         ru        4.9849680E+07   46350.37       182248.9       39767.66       87818.66       3367.022       117473.6      0.0000000E+00  0.0000000E+00  1.0494911E+10   2788702.      6.2261248E-04  6.2261248E-04  6.2261248E-04  6.2261248E-04  6.2261248E-04  0.0000000E+00   1.000000    
          67           3           8        1982 rtu0340         ru         2977473.       2726.871       10573.01       2310.818       4977.780       167.3668       6762.750      0.0000000E+00  0.0000000E+00  6.1692013E+08   142062.2      5.3244352E-04  5.3244352E-04  5.3244352E-04  5.3244352E-04  5.3244352E-04  0.0000000E+00   1.000002    
          67           3           8        1982 rtu0350         ru        5.2529624E+07   46141.02       264932.5       49604.50       110455.8       3438.524       175243.0      0.0000000E+00  0.0000000E+00  1.6415156E+10   3351595.      1.2473633E-03  1.2473633E-03  1.2473633E-03  1.2473633E-03  1.2473633E-03  0.0000000E+00   1.000000    
          67           3           8        1982 rtu0360         ru        5.3084880E+07   45457.60       261445.3       48942.52       110926.3       3482.128       173239.9      0.0000000E+00  0.0000000E+00  1.6114012E+10   3377230.      6.2226277E-04  6.2226277E-04  6.2226277E-04  6.2226277E-04  6.2226277E-04  0.0000000E+00   1.000000    
          67           3           8        1982 rtu0370         ru        5.2476636E+07   29952.13       174048.6       32513.20       99217.14       3597.189       114041.8      0.0000000E+00  0.0000000E+00  1.0354562E+10   3292895.      6.2095042E-04  6.2095042E-04  6.2095042E-04  6.2095042E-04  6.2095042E-04  0.0000000E+00   1.000000    
          67           3           8        1982 rtu0380         ru        3.4636268E+07   215776.8       577696.7       90966.86       66994.27       1562.072       395375.5      0.0000000E+00  0.0000000E+00  5.6698757E+10   2180452.      1.2479112E-03  1.2479112E-03  1.2479112E-03  1.2479112E-03  1.2479112E-03  0.0000000E+00   1.000000    
          67           3           8        1982 rtu0390         ru        3.8033792E+07   27896.81       161139.9       30137.49       76141.40       2544.237       105958.3      0.0000000E+00  0.0000000E+00  9.8089452E+09   2408132.      6.2292267E-04  6.2292267E-04  6.2292267E-04  6.2292267E-04  6.2292267E-04  0.0000000E+00   1.000000    
          67           3           8        1982 rtu0400         ru        3.0375604E+07   26234.19       103477.5       22563.27       52534.98       2077.731       66366.11      0.0000000E+00  0.0000000E+00  5.9231350E+09   1692678.      6.2356167E-04  6.2356167E-04  6.2356167E-04  6.2356167E-04  6.2356167E-04  0.0000000E+00   1.000000    
          67           3           8        1982 rtu0410         ru        1.2235009E+07   11010.91       62948.29       11787.63       25297.01       798.5668       41353.14      0.0000000E+00  0.0000000E+00  3.8951140E+09   777773.4      6.2414643E-04  6.2414643E-04  6.2414643E-04  6.2414643E-04  6.2414643E-04  0.0000000E+00   1.000000    
          67           3           8        1982 rtu0420         ru        1.0266281E+07   9387.880       53593.50       10037.00       21211.64       668.5961       35182.01      0.0000000E+00  0.0000000E+00  3.3185262E+09   652315.2      6.2417041E-04  6.2417041E-04  6.2417041E-04  6.2417041E-04  6.2417041E-04  0.0000000E+00   1.000000    
          67           3           8        1982 rtu0430         ru        2.2731330E+07   20510.11       108210.6       20861.53       45511.00       1469.902       70810.99      0.0000000E+00  0.0000000E+00  6.6218952E+09   1398962.      1.2065098E-03  1.2065098E-03  1.2065098E-03  1.2065098E-03  1.2065098E-03  0.0000000E+00   1.000000    
          67           3           8        1982 rtu0440         ru        5.1837152E+07   43672.18       171425.6       37577.97       96152.15       3550.961       110777.1      0.0000000E+00  0.0000000E+00  9.7603953E+09   3171640.      1.8718343E-03  1.8718343E-03  1.8718343E-03  1.8718343E-03  1.8718343E-03  0.0000000E+00   1.000000    
          67           3           8        1982 rtu0450         ru        6.7647536E+07   69413.74       270646.4       59119.65       120566.4       4490.264       173671.8      0.0000000E+00  0.0000000E+00  1.5715184E+10   3791633.      1.2471459E-03  1.2471459E-03  1.2471459E-03  1.2471459E-03  1.2471459E-03  0.0000000E+00   1.000000    
          67           3           8        1982 rtu0460         ru        5.8890568E+07   48510.74       191972.0       41842.73       101176.5       4056.505       123362.4      0.0000000E+00  0.0000000E+00  1.0937521E+10   3274884.      1.2466434E-03  1.2466434E-03  1.2466434E-03  1.2466434E-03  1.2466434E-03  0.0000000E+00   1.000000    
          67           3           8        1982 rtu0470         ru        7.7032808E+07   29752.03       173948.5       32460.36       135989.2       5439.182       114676.5      0.0000000E+00  0.0000000E+00  1.0177826E+10   4726760.      1.2411550E-03  1.2411550E-03  1.2411550E-03  1.2411550E-03  1.2411550E-03  0.0000000E+00   1.000000    
          67           3           8        1982 rtu0480         ru        6.2864868E+07   22125.80       129292.0       24120.02       109291.9       4463.581       84774.47      0.0000000E+00  0.0000000E+00  7.5307059E+09   3754379.      1.2428681E-03  1.2428681E-03  1.2428681E-03  1.2428681E-03  1.2428681E-03  0.0000000E+00   1.000000    
          67           3           8        1982 rtu0490         ru        7.3873720E+07   41072.46       239855.2       44801.35       140265.7       5073.627       158943.0      0.0000000E+00  0.0000000E+00  1.4258324E+10   4641942.      6.1837054E-04  6.1837054E-04  6.1837054E-04  6.1837054E-04  6.1837054E-04  0.0000000E+00   1.000000    
          67           3           8        1982 rtu0500         ru        3.1076306E+07   87472.11       264859.0       43253.41       57400.30       1842.465       177624.8      0.0000000E+00  0.0000000E+00  2.3693224E+10   1942646.      1.2475909E-03  1.2475909E-03  1.2475909E-03  1.2475909E-03  1.2475909E-03  0.0000000E+00   1.000000    
          67           3           8        1982 rtu0510         ru        3.1474716E+07   32841.36       186789.8       35015.91       69044.41       2006.627       123803.1      0.0000000E+00  0.0000000E+00  1.1727752E+10   2015370.      6.2373216E-04  6.2373216E-04  6.2373216E-04  6.2373216E-04  6.2373216E-04  0.0000000E+00   1.000000    
          67           3           8        1982 rtu0520         ru        1.8965056E+07   13988.52       80573.82       15069.91       37544.29       1268.662       52630.95      0.0000000E+00  0.0000000E+00  4.9015839E+09   1198847.      6.2393065E-04  6.2393065E-04  6.2393065E-04  6.2393065E-04  6.2393065E-04  0.0000000E+00   1.000000    
          67           3           8        1982 rtu0530         ru         2334999.       1995.034       11315.46       2120.593       4585.793       127.9698       7427.490      0.0000000E+00  0.0000000E+00  7.0548800E+08   126477.8      5.3200481E-04  5.3200481E-04  5.3200481E-04  5.3200481E-04  5.3200481E-04  0.0000000E+00   1.000002    
          67           3           8        1982 rtu0540         ru        3.6024800E+07   26280.31       144973.4       27327.17       60736.50       2410.929       91562.82      0.0000000E+00  0.0000000E+00  8.6355067E+09   2102576.      1.2478572E-03  1.2478572E-03  1.2478572E-03  1.2478572E-03  1.2478572E-03  0.0000000E+00   1.000000    
          67           3           8        1982 rtu0550         ru        3.3868452E+07   22746.01       131489.5       24580.82       66021.21       2287.211       85950.30      0.0000000E+00  0.0000000E+00  7.9344451E+09   2135462.      6.2304636E-04  6.2304636E-04  6.2304636E-04  6.2304636E-04  6.2304636E-04  0.0000000E+00   1.000000    
          67           3           8        1982 rtu0560         ru        2.0589094E+07   13662.26       78880.93       14745.21       39778.80       1392.831       51314.49      0.0000000E+00  0.0000000E+00  4.7541248E+09   1296889.      6.2380353E-04  6.2380353E-04  6.2380353E-04  6.2380353E-04  6.2380353E-04  0.0000000E+00   1.000000    
          67           3           8        1982 rtu0570         ru        3.6958472E+07   12976.58       68209.85       13018.81       34729.29       2647.225       41088.28      0.0000000E+00  0.0000000E+00  3.7845501E+09   1824564.      1.2468302E-03  1.2468302E-03  1.2468302E-03  1.2468302E-03  1.2468302E-03  0.0000000E+00   1.000000    
          67           3           8        1982 rtu0580         ru        4.3972244E+07   26427.89       153382.0       28658.61       84102.14       3001.204       100420.1      0.0000000E+00  0.0000000E+00  9.1765760E+09   2765732.      6.2197400E-04  6.2197400E-04  6.2197400E-04  6.2197400E-04  6.2197400E-04  0.0000000E+00   1.000000    
          67           3           8        1982 rtu0590         ru        2.2874516E+07   16124.44       93059.68       17400.88       44988.07       1537.679       60793.77      0.0000000E+00  0.0000000E+00  5.6430638E+09   1444995.      6.2374357E-04  6.2374357E-04  6.2374357E-04  6.2374357E-04  6.2374357E-04  0.0000000E+00   1.000000    
          67           3           8        1982 rtu0600         ru        4.6701600E+07   20253.36       105689.4       20189.99       46636.90       3295.793       63632.78      0.0000000E+00  0.0000000E+00  5.9210619E+09   2305904.      1.2463437E-03  1.2463437E-03  1.2463437E-03  1.2463437E-03  1.2463437E-03  0.0000000E+00   1.000000    
          67           3           8        1982 rtu0610         ru        3.4356012E+07   23320.34       134419.2       25144.22       67136.40       2321.538       88426.34      0.0000000E+00  0.0000000E+00  8.2160005E+09   2146694.      1.2475756E-03  1.2475756E-03  1.2475756E-03  1.2475756E-03  1.2475756E-03  0.0000000E+00   1.000000    
          67           3           8        1982 rtu0620         ru        1.9773568E+07   10075.17       58246.93       10879.48       35956.57       1370.935       37638.15      0.0000000E+00  0.0000000E+00  3.4613499E+09   1222041.      1.2480589E-03  1.2480589E-03  1.2480589E-03  1.2480589E-03  1.2480589E-03  0.0000000E+00   1.000000    
          67           3           8        1982 rtu0630         ru        5.0360376E+07   30109.41       168187.2       31656.43       76991.81       3451.660       106977.9      0.0000000E+00  0.0000000E+00  9.9544474E+09   2861852.      1.2470181E-03  1.2470181E-03  1.2470181E-03  1.2470181E-03  1.2470181E-03  0.0000000E+00   1.000000    
          67           3           8        1982 rtu0640         ru        1.8814982E+07   10294.62       59428.92       11104.61       34643.02       1297.375       38546.54      0.0000000E+00  0.0000000E+00  3.5594486E+09   1163331.      1.2481400E-03  1.2481400E-03  1.2481400E-03  1.2481400E-03  1.2481400E-03  0.0000000E+00   1.000000    
          67           3           8        1982 rtu0650         ru        3.6446764E+07   6411.672       37499.49       6990.096       58286.85       2671.320       25349.35      0.0000000E+00  0.0000000E+00  2.2078124E+09   2118217.      1.8672324E-03  1.8672324E-03  1.8672324E-03  1.8672324E-03  1.8672324E-03  0.0000000E+00   1.000000    
          67           3           8        1982 rtu0660         ru        3.3730356E+07   100844.4       327546.1       54110.14       63932.45       1913.365       217898.8      0.0000000E+00  0.0000000E+00  2.8061710E+10   2115784.      1.2477528E-03  1.2477528E-03  1.2477528E-03  1.2477528E-03  1.2477528E-03  0.0000000E+00   1.000000    
          67           3           8        1982 rtu0670         ru        2.5202422E+07   20572.87       81337.62       17727.08       43027.22       1738.955       52012.78      0.0000000E+00  0.0000000E+00  4.6300247E+09   1399395.      6.2374125E-04  6.2374125E-04  6.2374125E-04  6.2374125E-04  6.2374125E-04  0.0000000E+00   1.000000    
          67           3           8        1982 rtu0680         ru        4.4934236E+07   11711.97       68350.42       12746.29       74802.41       3243.554       44955.08      0.0000000E+00  0.0000000E+00  3.9972104E+09   2647389.      1.8688381E-03  1.8688381E-03  1.8688381E-03  1.8688381E-03  1.8688381E-03  0.0000000E+00   1.000000    
          67           3           8        1982 rtu0690         ru        5.6020172E+07   27685.06       161017.9       30072.72       103052.5       3891.161       105679.6      0.0000000E+00  0.0000000E+00  9.5895112E+09   3467930.      1.2451110E-03  1.2451110E-03  1.2451110E-03  1.2451110E-03  1.2451110E-03  0.0000000E+00   1.000000    
          67           3           8        1982 rtu0700         ru         1557519.       888.8482       5114.602       956.4869       2816.870       82.51334       3330.175      0.0000000E+00  0.0000000E+00  3.1061773E+08   77565.92      4.9238588E-04  4.9238588E-04  4.9238588E-04  4.9238588E-04  4.9238588E-04  0.0000000E+00   1.000003    
          67           3           8        1982 rtu0710         ru        2.4230730E+07   21468.56       123179.7       23063.83       50890.14       1584.395       81334.63      0.0000000E+00  0.0000000E+00  7.6319037E+09   1545422.      6.2385364E-04  6.2385364E-04  6.2385364E-04  6.2385364E-04  6.2385364E-04  0.0000000E+00   1.000000    
          67           3           8        1982 rtu0720         ru        1.0440272E+07   10206.96       58205.13       10905.68       22196.29       673.5940       38432.22      0.0000000E+00  0.0000000E+00  3.6352348E+09   666917.4      6.2417384E-04  6.2417384E-04  6.2417384E-04  6.2417384E-04  6.2417384E-04  0.0000000E+00   1.000000    
          67           3           8        1982 rtu0730         ru         4780671.       2758.854       15803.65       2958.284       8753.739       291.3050       10420.23      0.0000000E+00  0.0000000E+00  9.7534227E+08   264043.7      1.1502906E-03  1.1502906E-03  1.1502906E-03  1.1502906E-03  1.1502906E-03  0.0000000E+00   1.000001    
          67           3           8        1982 rtu0740         ru         3538634.       1236.478       7137.523       1333.996       5896.999       212.9584       4688.883      0.0000000E+00  0.0000000E+00  4.3045142E+08   181550.3      1.6702100E-03  1.6702100E-03  1.6702100E-03  1.6702100E-03  1.6702100E-03  0.0000000E+00   1.000002    
          67           3           8        1982 rtu0750         ru        2.6629042E+07   19269.45       111307.7       20815.80       53061.91       1784.985       73012.52      0.0000000E+00  0.0000000E+00  6.7752228E+09   1686376.      6.2358455E-04  6.2358455E-04  6.2358455E-04  6.2358455E-04  6.2358455E-04  0.0000000E+00   1.000000    
          67           3           8        1982 rtu0760         ru        3.4396136E+07   28204.85       162425.2       30397.13       71028.84       2271.046       107209.9      0.0000000E+00  0.0000000E+00  9.9930788E+09   2188209.      6.2332739E-04  6.2332739E-04  6.2332739E-04  6.2332739E-04  6.2332739E-04  0.0000000E+00   1.000000    
          67           3           8        1982 rtu0770         ru         3680193.       2892.170       16548.15       3098.029       7220.619       218.7795       10850.26      0.0000000E+00  0.0000000E+00  1.0208691E+09   211511.4      5.6512037E-04  5.6512037E-04  5.6512037E-04  5.6512037E-04  5.6512037E-04  0.0000000E+00   1.000001    
          67           3           8        1982 rtu0780         ru        7.8671896E+07   61609.96       356928.9       66780.75       162553.0       5216.801       238448.8      0.0000000E+00  0.0000000E+00  2.1846090E+10   5001928.      6.1985251E-04  6.1985251E-04  6.1985251E-04  6.1985251E-04  6.1985251E-04  0.0000000E+00   1.000000    
          67           3           8        1982 rtu0790         ru        2.3366744E+07   24601.93       134120.6       25322.25       44793.37       1484.575       86124.74      0.0000000E+00  0.0000000E+00  8.3030487E+09   1396054.      1.2482979E-03  1.2482979E-03  1.2482979E-03  1.2482979E-03  1.2482979E-03  0.0000000E+00   1.000000    
          67           3           8        1982 rtu0800         ru        2.2202138E+07   24519.11       126493.0       24115.44       35715.81       1393.536       78029.17      0.0000000E+00  0.0000000E+00  7.7106852E+09   1204096.      1.2483606E-03  1.2483606E-03  1.2483606E-03  1.2483606E-03  1.2483606E-03  0.0000000E+00   1.000000    
          67           3           8        1982 rtu0810         ru        1.3202693E+07   15102.93       82575.45       15575.88       26249.95       803.3989       53558.58      0.0000000E+00  0.0000000E+00  5.1876383E+09   785494.6      1.1843457E-03  1.1843457E-03  1.1843457E-03  1.1843457E-03  1.1843457E-03  0.0000000E+00   1.000000    
          67           3           8        1982 rtu0820         ru        5.6732028E+07   43284.65       250331.5       46829.01       115622.9       3775.849       165911.7      0.0000000E+00  0.0000000E+00  1.5292724E+10   3600730.      6.2162580E-04  6.2162580E-04  6.2162580E-04  6.2162580E-04  6.2162580E-04  0.0000000E+00   1.000000    
          67           3           8        1982 rtu0830         ru        5.2214736E+07   36572.44       212106.1       39659.70       104389.3       3509.756       140280.5      0.0000000E+00  0.0000000E+00  1.2878935E+10   3307796.      6.2171341E-04  6.2171341E-04  6.2171341E-04  6.2171341E-04  6.2171341E-04  0.0000000E+00   1.000000    
          67           3           8        1982 rtu0840         ru        3.4221948E+07   131329.5       284872.8       48178.30       43643.68       1917.052       173445.2      0.0000000E+00  0.0000000E+00  2.8441938E+10   1689612.      1.2417408E-03  1.2417408E-03  1.2417408E-03  1.2417408E-03  1.2417408E-03  0.0000000E+00   1.000000    
          67           3           8        1982 rtu0850         ru        3.7908192E+07   147033.8       459425.0       77942.59       35529.97       1630.819       279260.4      0.0000000E+00  0.0000000E+00  3.7611962E+10   1871550.      1.8715782E-03  1.8715782E-03  1.8715782E-03  1.8715782E-03  1.8715782E-03  0.0000000E+00   1.000000    
          67           3           8        1982 rtu0860         ru         2785399.       1467.378       8409.655       1573.786       4963.832       157.6710       5524.866      0.0000000E+00  0.0000000E+00  5.1647376E+08   142699.4      1.0629084E-03  1.0629084E-03  1.0629084E-03  1.0629084E-03  1.0629084E-03  0.0000000E+00   1.000002    
          67           3           8        1982 rtu0870         ru        1.8217604E+07   13514.96       77890.88       14568.49       36223.25       1218.063       50954.78      0.0000000E+00  0.0000000E+00  4.7456737E+09   1152955.      6.2395900E-04  6.2395900E-04  6.2395900E-04  6.2395900E-04  6.2395900E-04  0.0000000E+00   1.000000    
          67           3           8        1982 rtu0880         ru        5.3224908E+07   14747.21       77675.41       14821.74       46329.52       3868.667       47178.55      0.0000000E+00  0.0000000E+00  4.2990136E+09   2627232.      1.8684689E-03  1.8684689E-03  1.8684689E-03  1.8684689E-03  1.8684689E-03  0.0000000E+00   1.000000    
          67           3           8        1982 rtu0890         ru        7.3609632E+07   287001.7       894809.8       151440.6       71132.22       3172.703       552169.3      0.0000000E+00  0.0000000E+00  7.3373336E+10   3635558.      1.8687492E-03  1.8687492E-03  1.8687492E-03  1.8687492E-03  1.8687492E-03  0.0000000E+00   1.000000    
          67           3           8        1982 rtu0900         ru        1.3335674E+08   57646.80       337084.2       62968.97       241032.0       9365.694       226731.1      0.0000000E+00  0.0000000E+00  2.0175606E+10   8147491.      1.8537160E-03  1.8537160E-03  1.8537160E-03  1.8537160E-03  1.8537160E-03  0.0000000E+00   1.000000    
          67           3           8        1982 rtu0910         ru        2.5198114E+07   14991.85       86561.76       16181.77       47557.84       1725.147       56573.70      0.0000000E+00  0.0000000E+00  5.2373934E+09   1564296.      1.2479208E-03  1.2479208E-03  1.2479208E-03  1.2479208E-03  1.2479208E-03  0.0000000E+00   1.000000    
          67           3           8        1982 rtu0920         ru        4.0052248E+07   173644.2       574841.6       98803.08       36110.34       1449.061       351054.9      0.0000000E+00  0.0000000E+00  4.5660049E+10   1977495.      1.2462285E-03  1.2462285E-03  1.2462285E-03  1.2462285E-03  1.2462285E-03  0.0000000E+00   1.000000    
          67           3           8        1982 rtu0930         ru        6.6951336E+07   32585.87       189849.8       35456.50       123280.3       4655.564       125172.6      0.0000000E+00  0.0000000E+00  1.1307749E+10   4143776.      1.2437829E-03  1.2437829E-03  1.2437829E-03  1.2437829E-03  1.2437829E-03  0.0000000E+00   1.000000    
          67           3           8        1982 rtu0940         ru        6.8450472E+07   166414.8       661945.7       120840.6       53693.21       3370.405       404407.8      0.0000000E+00  0.0000000E+00  4.6490661E+10   3379123.      1.8628403E-03  1.8628403E-03  1.8628403E-03  1.8628403E-03  1.8628403E-03  0.0000000E+00   1.000000    
          67           3           8        1982 rtu0950         ru        4.7972680E+07   25834.35       149915.0       28011.28       89682.90       3311.105       98446.43      0.0000000E+00  0.0000000E+00  9.0092339E+09   2974860.      1.2461626E-03  1.2461626E-03  1.2461626E-03  1.2461626E-03  1.2461626E-03  0.0000000E+00   1.000000    
          67           3           8        1982 rtu0960         ru        9.5239816E+07   20930.20       111182.3       21201.35       79105.13       6994.378       69224.98      0.0000000E+00  0.0000000E+00  6.1037307E+09   4700908.      1.8578654E-03  1.8578654E-03  1.8578654E-03  1.8578654E-03  1.8578654E-03  0.0000000E+00   1.000000    
          67           3           8        1982 rtu0970         ru        2.7659974E+07   21627.39       124672.8       23325.24       56232.61       1837.524       82027.45      0.0000000E+00  0.0000000E+00  7.6394726E+09   1756406.      6.2361179E-04  6.2361179E-04  6.2361179E-04  6.2361179E-04  6.2361179E-04  0.0000000E+00   1.000000    
          67           3           8        1982 rtu0980         ru        3.0188282E+07   6703.050       35523.85       6772.882       24825.33       2216.049       21571.26      0.0000000E+00  0.0000000E+00  1.9488554E+09   1489889.      1.8709833E-03  1.8709833E-03  1.8709833E-03  1.8709833E-03  1.8709833E-03  0.0000000E+00   1.000000    
          67           3           8        1982 rtu0990         ru        3.4732044E+07   16889.15       97858.48       18278.46       63126.58       2417.391       63743.64      0.0000000E+00  0.0000000E+00  5.8377344E+09   2137638.      1.2471029E-03  1.2471029E-03  1.2471029E-03  1.2471029E-03  1.2471029E-03  0.0000000E+00   1.000000    
          67           3           8        1982 rtu1000         ru         850256.2       10543.34       15204.14       2286.896       881.0355       10.81498       9409.544      0.0000000E+00  0.0000000E+00  2.0666300E+09   30219.93      4.4806307E-04  4.4806307E-04  4.4806307E-04  4.4806307E-04  4.4806307E-04  0.0000000E+00   1.000006    
          67           3           8        1982 rtu1010         ru        3.6979816E+07   19543.56       101575.6       19413.58       39599.64       2564.092       60994.28      0.0000000E+00  0.0000000E+00  5.7232220E+09   1826749.      6.2271353E-04  6.2271353E-04  6.2271353E-04  6.2271353E-04  6.2271353E-04  0.0000000E+00   1.000000    
          67           3           8        1982 rtu1020         ru        2.8923276E+07   24640.32       97060.18       21163.81       49453.16       1977.876       61977.68      0.0000000E+00  0.0000000E+00  5.5445888E+09   1602416.      1.2407961E-03  1.2407961E-03  1.2407961E-03  1.2407961E-03  1.2407961E-03  0.0000000E+00   1.000000    
          67           3           8        1982 rtu1030         ru         6103416.       14251.81       49813.62       8793.008       4471.385       249.5483       29794.01      0.0000000E+00  0.0000000E+00  3.7823345E+09   250344.4      2.0762202E-03  2.0762202E-03  2.0762202E-03  2.0762202E-03  2.0762202E-03  0.0000000E+00   1.000001    
          67           3           8        1982 rtu1040         ru        3.4792924E+07   23140.37       92470.38       20120.92       57763.76       2467.780       59152.35      0.0000000E+00  0.0000000E+00  5.1740380E+09   1859569.      6.2295195E-04  6.2295195E-04  6.2295195E-04  6.2295195E-04  6.2295195E-04  0.0000000E+00   1.000000    
          67           3           8        1982 rtu1050         ru        3.7220964E+07   22493.50       90101.02       19594.70       60777.60       2670.818       57824.37      0.0000000E+00  0.0000000E+00  5.0486185E+09   1994161.      1.2472186E-03  1.2472186E-03  1.2472186E-03  1.2472186E-03  1.2472186E-03  0.0000000E+00   1.000000    
          67           3           8        1982 rtu1060         ru        7.4451600E+07   48119.20       280321.6       52394.32       146574.4       5043.049       186493.1      0.0000000E+00  0.0000000E+00  1.6888089E+10   4704522.      6.1920239E-04  6.1920239E-04  6.1920239E-04  6.1920239E-04  6.1920239E-04  0.0000000E+00   1.000000    
          67           3           8        1982 rtu1070         ru        2.9308934E+07   58333.82       202432.0       35543.95       22311.01       1661.522       121845.7      0.0000000E+00  0.0000000E+00  1.5374078E+10   1430495.      3.0905541E-03  3.0905541E-03  3.0905541E-03  3.0905541E-03  3.0905541E-03  0.0000000E+00   1.000000    
          67           3           8        1982 rtu1080         ru        2.6031224E+07   17346.53       100372.3       18762.77       50820.39       1760.243       65619.23      0.0000000E+00  0.0000000E+00  6.0662917E+09   1643761.      6.2353088E-04  6.2353088E-04  6.2353088E-04  6.2353088E-04  6.2353088E-04  0.0000000E+00   1.000000    
          67           3           8        1982 rtu1090         ru        7.0012600E+07   158421.5       555220.0       97225.37       61856.72       3805.119       337205.2      0.0000000E+00  0.0000000E+00  4.2227962E+10   3456260.      2.4916294E-03  2.4916294E-03  2.4916294E-03  2.4916294E-03  2.4916294E-03  0.0000000E+00   1.000000    
          67           3           8        1982 rtu1100         ru        2.1903652E+07   18095.64       71448.38       15573.77       37353.16       1508.634       45597.44      0.0000000E+00  0.0000000E+00  4.0684488E+09   1215183.      6.2387809E-04  6.2387809E-04  6.2387809E-04  6.2387809E-04  6.2387809E-04  0.0000000E+00   1.000000    
          67           3           8        1982 rtu1110         ru        1.8741236E+07   11095.27       64310.00       12015.00       35565.80       1282.195       41794.76      0.0000000E+00  0.0000000E+00  3.8508534E+09   1179178.      6.2381482E-04  6.2381482E-04  6.2381482E-04  6.2381482E-04  6.2381482E-04  0.0000000E+00   1.000000    
          67           3           8        1982 rtu1120         ru        2.4731808E+07   3262.001       17402.30       3315.073       17971.00       1809.152       10872.45      0.0000000E+00  0.0000000E+00  9.4675270E+08   1195126.      1.7958563E-03  1.7958563E-03  1.7958563E-03  1.7958563E-03  1.7958563E-03  0.0000000E+00   1.000000    
          67           3           8        1982 rtu1130         ru        2.3203542E+07   40583.44       131217.0       22627.72       24102.12       1412.180       79360.70      0.0000000E+00  0.0000000E+00  1.0261120E+10   1136103.      1.8421432E-03  1.8421432E-03  1.8421432E-03  1.8421432E-03  1.8421432E-03  0.0000000E+00   1.000000    
          67           3           8        1982 rtu1140         ru        4.5256464E+07   14670.91       76860.54       14674.65       40814.65       3262.049       46376.23      0.0000000E+00  0.0000000E+00  4.2816307E+09   2234152.      1.8698665E-03  1.8698665E-03  1.8698665E-03  1.8698665E-03  1.8698665E-03  0.0000000E+00   1.000000    
          67           3           8        1982 rtu1150         ru        4.3830232E+07   150702.9       350062.8       55988.02       42952.51       2443.523       214703.8      0.0000000E+00  0.0000000E+00  3.4210425E+10   2164647.      1.8713707E-03  1.8713707E-03  1.8713707E-03  1.8713707E-03  1.8713707E-03  0.0000000E+00   1.000000    
          67           3           8        1982 rtu1160         ru        2.6852880E+07   6095.840       32246.93       6149.261       22073.68       1970.054       19547.59      0.0000000E+00  0.0000000E+00  1.7727259E+09   1325278.      1.8712654E-03  1.8712654E-03  1.8712654E-03  1.8712654E-03  1.8712654E-03  0.0000000E+00   1.000000    
          67           3           8        1982 rtu1170         ru        2.0088626E+07   18713.90       107030.1       20046.96       42500.38       1304.398       70640.54      0.0000000E+00  0.0000000E+00  6.6548797E+09   1281692.      6.2400318E-04  6.2400318E-04  6.2400318E-04  6.2400318E-04  6.2400318E-04  0.0000000E+00   1.000000    
          67           3           8        1982 rtu1180         ru        2.7827330E+07   59301.58       208910.5       35881.09       47382.45       1663.822       136098.0      0.0000000E+00  0.0000000E+00  1.6672943E+10   1616618.      1.8455132E-03  1.8455132E-03  1.8455132E-03  1.8455132E-03  1.8455132E-03  0.0000000E+00   1.000000    
          67           3           8        1982 rtu1190         ru        2.0339166E+07   179450.0       430385.3       66572.23       35612.48       660.8495       289609.9      0.0000000E+00  0.0000000E+00  4.4576838E+10   1194741.      1.7867930E-03  1.7867930E-03  1.7867930E-03  1.7867930E-03  1.7867930E-03  0.0000000E+00   1.000000    
          67           3           8        1982 rtu1200         ru        1.1743457E+08   50820.95       264138.4       50503.41       116273.2       8303.523       162160.8      0.0000000E+00  0.0000000E+00  1.4939410E+10   5801306.      1.8598061E-03  1.8598061E-03  1.8598061E-03  1.8598061E-03  1.8598061E-03  0.0000000E+00   1.000000    
          67           3           8        1982 rtu1210         ru        2.8293700E+07   101395.7       322289.0       55331.58       28793.95       1281.211       194657.9      0.0000000E+00  0.0000000E+00  2.5955801E+10   1394834.      1.8688227E-03  1.8688227E-03  1.8688227E-03  1.8688227E-03  1.8688227E-03  0.0000000E+00   1.000000    
          67           3           8        1982 rtu1220         ru        2.6382464E+07   232763.5       539594.9       84542.81       29119.04       592.3121       333005.4      0.0000000E+00  0.0000000E+00  5.3500531E+10   1303306.      6.2360591E-04  6.2360591E-04  6.2360591E-04  6.2360591E-04  6.2360591E-04  0.0000000E+00   1.000000    
          67           3           8        1982 rtu1230         ru         7501880.       58873.39       146502.1       23211.24       7820.592       180.5655       89687.98      0.0000000E+00  0.0000000E+00  1.3892514E+10   370506.2      6.2417495E-04  6.2417495E-04  6.2417495E-04  6.2417495E-04  6.2417495E-04  0.0000000E+00   1.000001    
          67           3           8        1982 rtu1240         ru        7.9851680E+07   283652.2       916051.4       156260.1       75868.18       3570.779       566044.4      0.0000000E+00  0.0000000E+00  7.3538028E+10   3942778.      1.8678952E-03  1.8678952E-03  1.8678952E-03  1.8678952E-03  1.8678952E-03  0.0000000E+00   1.000000    
          67           3           8        1982 rtu1250         ru        2.9058742E+07   47757.98       162912.3       28307.97       30123.24       1783.543       98458.85      0.0000000E+00  0.0000000E+00  1.2360381E+10   1432665.      1.8654012E-03  1.8654012E-03  1.8654012E-03  1.8654012E-03  1.8654012E-03  0.0000000E+00   1.000000    
          67           3           8        1982 rtu1260         ru        1.0222200E+07   2194.041       11441.76       2185.195       7754.852       685.5651       6930.906      0.0000000E+00  0.0000000E+00  6.4005773E+08   460892.9      1.6818317E-03  1.6818317E-03  1.6818317E-03  1.6818317E-03  1.6818317E-03  0.0000000E+00   1.000000    
          67           3           8        1982 rtu1270         ru        1.1113399E+08   248039.9       886681.7       156387.0       85594.28       6055.131       548594.6      0.0000000E+00  0.0000000E+00  6.6374844E+10   5486192.      2.4738598E-03  2.4738598E-03  2.4738598E-03  2.4738598E-03  2.4738598E-03  0.0000000E+00   1.000000    
          67           3           8        1982 rtu1280         ru        3.4941228E+07   60553.29       164729.8       32423.91       39074.21       2119.821       109160.4      0.0000000E+00  0.0000000E+00  1.2415216E+10   1717198.      3.0410290E-03  3.0410290E-03  3.0410290E-03  3.0410290E-03  3.0410290E-03  0.0000000E+00   1.000000    
          67           3           8        1982 rtu1290         ru        3.0896778E+07   94028.80       235820.4       44424.16       41067.82       1590.936       157054.1      0.0000000E+00  0.0000000E+00  1.8893746E+10   1544978.      2.4611647E-03  2.4611647E-03  2.4611647E-03  2.4611647E-03  2.4611647E-03  0.0000000E+00   1.000000    
          67           3           8        1982 rtu1300         ru        4.8885056E+07   56745.45       202416.5       34073.75       57659.99       3260.979       136381.6      0.0000000E+00  0.0000000E+00  1.6495762E+10   2633320.      3.0418215E-03  3.0418215E-03  3.0418215E-03  3.0418215E-03  3.0418215E-03  0.0000000E+00   1.000000    
          67           3           8        1982 rtu1310         ru        5.7074524E+07   17801.19       103598.5       19335.66       97016.18       4090.115       68305.43      0.0000000E+00  0.0000000E+00  6.1262556E+09   3428073.      1.8658246E-03  1.8658246E-03  1.8658246E-03  1.8658246E-03  1.8658246E-03  0.0000000E+00   1.000000    
          67           3           8        1982 rtu1320         ru        3.7041840E+07   105306.1       343592.0       59407.19       27935.75       1899.185       209053.8      0.0000000E+00  0.0000000E+00  2.7040242E+10   1825670.      2.4857114E-03  2.4857114E-03  2.4857114E-03  2.4857114E-03  2.4857114E-03  0.0000000E+00   1.000000    
          67           3           8        1982 rtu1330         ru        2.2855754E+07   5484.090       31936.06       5957.126       37496.84       1658.034       21071.23      0.0000000E+00  0.0000000E+00  1.8784343E+09   1356899.      1.8708064E-03  1.8708064E-03  1.8708064E-03  1.8708064E-03  1.8708064E-03  0.0000000E+00   1.000000    
          67           3           8        1982 rtu1340         ru        3.3448848E+07   9645.013       50269.38       9602.228       28573.23       2430.909       30361.76      0.0000000E+00  0.0000000E+00  2.8178476E+09   1651787.      1.8701418E-03  1.8701418E-03  1.8701418E-03  1.8701418E-03  1.8701418E-03  0.0000000E+00   1.000000    
          67           3           8        1982 rtu1350         ru        2.9421036E+07   131697.7       354330.2       57294.94       29015.96       1295.134       216981.8      0.0000000E+00  0.0000000E+00  3.1859655E+10   1452702.      1.8721946E-03  1.8721946E-03  1.8721946E-03  1.8721946E-03  1.8721946E-03  0.0000000E+00   1.000000    
