 Prueba3                   SWAT+ Jul 2 2024        MODULAR Rev 2024.61.0.1                                
        jday         mon         day          yr   name        type              flo            sed           orgn           sedp            no3           solp           chla            nh3            no2           cbod            dox            san            sil            cla            sag            lag            grv           null
                                                                               m^3/s           tons            kgN            kgP            kgN            kgP             kg            kgN            kgN             kg             kg           tons           tons           tons           tons           tons           tons           degc
          67           3           8        1982 rtu0010         ru         1786326.       748.1038       8025.795       1298.986       7894.282       131.6691       6540.504      0.0000000E+00  0.0000000E+00  4.8515139E+08   210604.2      2.3596056E-04  2.3596056E-04  2.3596056E-04  2.3596056E-04  2.3596056E-04  0.0000000E+00   1.000003    
          67           3           8        1982 rtu0020         ru         6381022.       2336.544       25273.17       4089.635       27882.01       473.7172       20786.58      0.0000000E+00  0.0000000E+00  1.5200082E+09   750314.1      2.3525095E-04  2.3525095E-04  2.3525095E-04  2.3525095E-04  2.3525095E-04  0.0000000E+00   1.000001    
          67           3           8        1982 rtu0030         ru         4296560.       1900.395       20342.29       3292.802       19520.67       313.5046       16592.56      0.0000000E+00  0.0000000E+00  1.2302234E+09   509684.6      2.3571501E-04  2.3571501E-04  2.3571501E-04  2.3571501E-04  2.3571501E-04  0.0000000E+00   1.000001    
          67           3           8        1982 rtu0040         ru         7876440.       4858.248       51715.00       8375.589       40539.58       543.7923       42194.69      0.0000000E+00  0.0000000E+00  3.1294753E+09   964571.0      1.1718263E-04  1.1718263E-04  1.1718263E-04  1.1718263E-04  1.1718263E-04  0.0000000E+00   1.000001    
          67           3           8        1982 rtu0050         ru         2511810.       641.6331       6971.850       1127.895       9849.512       194.0288       5711.417      0.0000000E+00  0.0000000E+00  4.1661254E+08   287276.1      3.5383384E-04  3.5383384E-04  3.5383384E-04  3.5383384E-04  3.5383384E-04  0.0000000E+00   1.000002    
          67           3           8        1982 rtu0060         ru         5665370.       1276.571       13954.59       2257.170       21945.34       440.0535       11494.42      0.0000000E+00  0.0000000E+00  8.3066003E+08   646328.1      3.5300065E-04  3.5300065E-04  3.5300065E-04  3.5300065E-04  3.5300065E-04  0.0000000E+00   1.000001    
          67           3           8        1982 rtu0070         ru         3101888.       1565.160       16718.60       2706.406       14654.60       222.2441       13620.98      0.0000000E+00  0.0000000E+00  1.0135171E+09   371844.2      1.1781034E-04  1.1781034E-04  1.1781034E-04  1.1781034E-04  1.1781034E-04  0.0000000E+00   1.000002    
          67           3           8        1982 rtu0080         ru         8813682.       4825.333       36746.87       6383.078       26951.51       615.5154       27010.33      0.0000000E+00  0.0000000E+00  2.2047503E+09   763031.8      2.3555031E-04  2.3555031E-04  2.3555031E-04  2.3555031E-04  2.3555031E-04  0.0000000E+00   1.000001    
          67           3           8        1982 rtu0090         ru         4962441.       3617.742       20816.91       3893.243       9754.336       332.1819       13566.76      0.0000000E+00  0.0000000E+00  1.2617558E+09   312879.2      1.1788799E-04  1.1788799E-04  1.1788799E-04  1.1788799E-04  1.1788799E-04  0.0000000E+00   1.000004    
          67           3           8        1982 rtu0100         ru         9561058.       47747.59       125404.4       19910.31       18724.87       494.8773       86116.10      0.0000000E+00  0.0000000E+00  1.2414787E+10   602548.8      2.3577308E-04  2.3577308E-04  2.3577308E-04  2.3577308E-04  2.3577308E-04  0.0000000E+00   1.000002    
          67           3           8        1982 rtu0110         ru         5726640.       3566.739       29743.11       5057.047       21148.20       396.4098       22613.08      0.0000000E+00  0.0000000E+00  1.8040160E+09   558774.9      2.3577869E-04  2.3577869E-04  2.3577869E-04  2.3577869E-04  2.3577869E-04  0.0000000E+00   1.000002    
          67           3           8        1982 rtu0120         ru         3772329.       2193.488       23294.78       3772.101       18706.68       264.6666       18930.37      0.0000000E+00  0.0000000E+00  1.4149476E+09   458062.7      1.1776699E-04  1.1776699E-04  1.1776699E-04  1.1776699E-04  1.1776699E-04  0.0000000E+00   1.000002    
          67           3           8        1982 rtu0130         ru        1.5357520E+07   40318.48       143547.0       23506.90       43747.85       916.2637       100931.8      0.0000000E+00  0.0000000E+00  1.2016224E+10   1219611.      3.5342050E-04  3.5342050E-04  3.5342050E-04  3.5342050E-04  3.5342050E-04  0.0000000E+00   1.000001    
          67           3           8        1982 rtu0140         ru         2802711.       1791.013       18945.59       3068.483       14255.76       194.1883       15331.08      0.0000000E+00  0.0000000E+00  1.1521065E+09   342618.9      1.1789208E-04  1.1789208E-04  1.1789208E-04  1.1789208E-04  1.1789208E-04  0.0000000E+00   1.000002    
          67           3           8        1982 rtu0150         ru         5126756.       3205.245       33999.37       5506.477       26255.47       354.6411       27602.68      0.0000000E+00  0.0000000E+00  2.0627031E+09   627649.9      1.1761837E-04  1.1761837E-04  1.1761837E-04  1.1761837E-04  1.1761837E-04  0.0000000E+00   1.000001    
          67           3           8        1982 rtu0160         ru         3576500.       2017.593       21449.19       3473.001       17546.54       252.1511       17444.47      0.0000000E+00  0.0000000E+00  1.3027590E+09   433078.5      1.1778180E-04  1.1778180E-04  1.1778180E-04  1.1778180E-04  1.1778180E-04  0.0000000E+00   1.000002    
          67           3           8        1982 rtu0170         ru         429103.5       244.0219       1399.416       261.6244       766.5019       24.43676       899.8508      0.0000000E+00  0.0000000E+00  8.3854416E+07   22639.83      9.9424011E-05  9.9424011E-05  9.9424011E-05  9.9424011E-05  9.9424011E-05  0.0000000E+00   1.000044    
          67           3           8        1982 rtu0180         ru         4599383.       2517.319       21380.79       3611.537       15337.70       322.8455       16262.54      0.0000000E+00  0.0000000E+00  1.2767127E+09   424494.8      2.3585916E-04  2.3585916E-04  2.3585916E-04  2.3585916E-04  2.3585916E-04  0.0000000E+00   1.000003    
          67           3           8        1982 rtu0190         ru         6959250.       16724.42       76892.71       12425.59       13396.26       407.1231       57400.09      0.0000000E+00  0.0000000E+00  5.9817718E+09   466755.7      4.7189364E-04  4.7189364E-04  4.7189364E-04  4.7189364E-04  4.7189364E-04  0.0000000E+00   1.000003    
          67           3           8        1982 rtu0200         ru         5462822.       2093.605       10966.33       2093.768       5230.648       389.0701       6571.720      0.0000000E+00  0.0000000E+00  6.1071962E+08   269689.2      2.3583943E-04  2.3583943E-04  2.3583943E-04  2.3583943E-04  2.3583943E-04  0.0000000E+00   1.000005    
          67           3           8        1982 rtu0210         ru        1.1546984E+07   6425.543       69012.86       11174.74       58057.89       807.1256       57064.30      0.0000000E+00  0.0000000E+00  4.1627735E+09   1406266.      1.1637097E-04  1.1637097E-04  1.1637097E-04  1.1637097E-04  1.1637097E-04  0.0000000E+00   1.000001    
          67           3           8        1982 rtu0220         ru        1.7470646E+07   8125.754       88842.02       14380.76       84271.82       1246.604       75110.81      0.0000000E+00  0.0000000E+00  5.3228431E+09   2106152.      1.1474796E-04  1.1474796E-04  1.1474796E-04  1.1474796E-04  1.1474796E-04  0.0000000E+00   1.000000    
          67           3           8        1982 rtu0230         ru        1.0721764E+07   3876.323       22611.97       4218.686       18647.55       760.1352       14770.00      0.0000000E+00  0.0000000E+00  1.3173705E+09   640142.4      2.3514057E-04  2.3514057E-04  2.3514057E-04  2.3514057E-04  2.3514057E-04  0.0000000E+00   1.000002    
          67           3           8        1982 rtu0240         ru         687372.8       653.3356       3699.414       693.4647       1397.291       40.40897       2430.171      0.0000000E+00  0.0000000E+00  2.3125530E+08   40179.22      1.0845803E-04  1.0845803E-04  1.0845803E-04  1.0845803E-04  1.0845803E-04  0.0000000E+00   1.000026    
          67           3           8        1982 rtu0250         ru        1.1557081E+07   28927.15       211184.2       32521.34       54240.63       721.8882       183452.7      0.0000000E+00  0.0000000E+00  1.5977687E+10   1384328.      2.3462798E-04  2.3462798E-04  2.3462798E-04  2.3462798E-04  2.3462798E-04  0.0000000E+00   1.000000    
          67           3           8        1982 rtu0260         ru         2500902.       1322.614       14091.35       2281.302       11953.88       178.3273       11467.98      0.0000000E+00  0.0000000E+00  8.5580717E+08   300934.4      1.1788777E-04  1.1788777E-04  1.1788777E-04  1.1788777E-04  1.1788777E-04  0.0000000E+00   1.000002    
          67           3           8        1982 rtu0270         ru         6563598.       2897.769       16794.36       3135.613       11679.45       459.8600       10883.00      0.0000000E+00  0.0000000E+00  9.9162765E+08   402380.9      2.3573096E-04  2.3573096E-04  2.3573096E-04  2.3573096E-04  2.3573096E-04  0.0000000E+00   1.000003    
          67           3           8        1982 rtu0280         ru         6034484.       2395.520       13915.33       2596.833       10577.40       425.6052       8990.018      0.0000000E+00  0.0000000E+00  8.1411283E+08   370054.1      2.3573864E-04  2.3573864E-04  2.3573864E-04  2.3573864E-04  2.3573864E-04  0.0000000E+00   1.000003    
          67           3           8        1982 rtu0290         ru         2311702.       857.1310       9240.974       1495.399       9950.867       172.3463       7546.522      0.0000000E+00  0.0000000E+00  5.5676570E+08   270844.3      2.3591638E-04  2.3591638E-04  2.3591638E-04  2.3591638E-04  2.3591638E-04  0.0000000E+00   1.000003    
          67           3           8        1982 rtu0300         ru         6315628.       1843.843       10696.00       1996.226       10538.03       454.2091       7018.704      0.0000000E+00  0.0000000E+00  6.3179738E+08   376015.9      3.5349722E-04  3.5349722E-04  3.5349722E-04  3.5349722E-04  3.5349722E-04  0.0000000E+00   1.000003    
          67           3           8        1982 rtu0310         ru         6399.743      0.3621144       1.452509      0.3325158       12.60234      0.2355024       1.161862      0.0000000E+00  0.0000000E+00   80547.47       261.0976      1.1233176E-04  1.1233176E-04  1.1233176E-04  1.1233176E-04  1.1233176E-04  0.0000000E+00   1.000898    
          67           3           8        1982 rtu0320         ru        1.1605922E+07   9512.619       37756.18       8228.710       20094.75       799.7343       24464.27      0.0000000E+00  0.0000000E+00  2.1519631E+09   647180.8      1.1747423E-04  1.1747423E-04  1.1747423E-04  1.1747423E-04  1.1747423E-04  0.0000000E+00   1.000002    
          67           3           8        1982 rtu0330         ru         9423638.       8762.125       34452.53       7517.723       16601.34       636.5055       22207.34      0.0000000E+00  0.0000000E+00  1.9839695E+09   527179.2      1.1769935E-04  1.1769935E-04  1.1769935E-04  1.1769935E-04  1.1769935E-04  0.0000000E+00   1.000002    
          67           3           8        1982 rtu0340         ru         562864.8       515.4906       1998.734       436.8396       941.0050       31.63920       1278.438      0.0000000E+00  0.0000000E+00  1.1662326E+08   26855.60      1.0065371E-04  1.0065371E-04  1.0065371E-04  1.0065371E-04  1.0065371E-04  0.0000000E+00   1.000039    
          67           3           8        1982 rtu0350         ru         9930258.       8722.549       50083.14       9377.288       20880.69       650.0223       33128.13      0.0000000E+00  0.0000000E+00  3.1031391E+09   633589.2      2.3580293E-04  2.3580293E-04  2.3580293E-04  2.3580293E-04  2.3580293E-04  0.0000000E+00   1.000002    
          67           3           8        1982 rtu0360         ru        1.0035224E+07   8593.354       49423.91       9252.147       20969.62       658.2653       32749.46      0.0000000E+00  0.0000000E+00  3.0462106E+09   638435.3      1.1763324E-04  1.1763324E-04  1.1763324E-04  1.1763324E-04  1.1763324E-04  0.0000000E+00   1.000002    
          67           3           8        1982 rtu0370         ru         9920241.       5662.184       32902.35       6146.331       18756.12       680.0167       21558.59      0.0000000E+00  0.0000000E+00  1.9574377E+09   622492.5      1.1738515E-04  1.1738515E-04  1.1738515E-04  1.1738515E-04  1.1738515E-04  0.0000000E+00   1.000002    
          67           3           8        1982 rtu0380         ru         6547678.       40790.68       109208.4       17196.47       12664.67       295.2957       74742.21      0.0000000E+00  0.0000000E+00  1.0718395E+10   412194.9      2.3590651E-04  2.3590651E-04  2.3590651E-04  2.3590651E-04  2.3590651E-04  0.0000000E+00   1.000003    
          67           3           8        1982 rtu0390         ru         7189950.       5273.645       30462.05       5697.224       14393.85       480.9654       20030.47      0.0000000E+00  0.0000000E+00  1.8542938E+09   455236.0      1.1775798E-04  1.1775798E-04  1.1775798E-04  1.1775798E-04  1.1775798E-04  0.0000000E+00   1.000003    
          67           3           8        1982 rtu0400         ru         5742238.       4959.339       19561.49       4265.385       9931.271       392.7766       12545.92      0.0000000E+00  0.0000000E+00  1.1197160E+09   319985.7      1.1787879E-04  1.1787879E-04  1.1787879E-04  1.1787879E-04  1.1787879E-04  0.0000000E+00   1.000004    
          67           3           8        1982 rtu0410         ru         2312920.       2081.515       11899.81       2228.347       4782.175       150.9619       7817.443      0.0000000E+00  0.0000000E+00  7.3633664E+08   147031.1      1.1798932E-04  1.1798932E-04  1.1798932E-04  1.1798932E-04  1.1798932E-04  0.0000000E+00   1.000008    
          67           3           8        1982 rtu0420         ru         1940749.       1774.695       10131.37       1897.406       4009.872       126.3921       6650.846      0.0000000E+00  0.0000000E+00  6.2733786E+08   123314.4      1.1799386E-04  1.1799386E-04  1.1799386E-04  1.1799386E-04  1.1799386E-04  0.0000000E+00   1.000009    
          67           3           8        1982 rtu0430         ru         4297156.       3877.253       20456.26       3943.687       8603.449       277.8719       13386.19      0.0000000E+00  0.0000000E+00  1.2518103E+09   264461.4      2.2807994E-04  2.2807994E-04  2.2807994E-04  2.2807994E-04  2.2807994E-04  0.0000000E+00   1.000004    
          67           3           8        1982 rtu0440         ru         9799352.       8255.838       32406.48       7103.781       18176.71       671.2776       20941.42      0.0000000E+00  0.0000000E+00  1.8451159E+09   599570.2      3.5385360E-04  3.5385360E-04  3.5385360E-04  3.5385360E-04  3.5385360E-04  0.0000000E+00   1.000002    
          67           3           8        1982 rtu0450         ru        1.2788164E+07   13122.05       51163.29       11176.04       22792.00       848.8444       32831.11      0.0000000E+00  0.0000000E+00  2.9708155E+09   716774.5      2.3576184E-04  2.3576184E-04  2.3576184E-04  2.3576184E-04  2.3576184E-04  0.0000000E+00   1.000002    
          67           3           8        1982 rtu0460         ru        1.1132738E+07   9170.523       36290.61       7909.996       19126.53       766.8463       23320.57      0.0000000E+00  0.0000000E+00  2.0676411E+09   619087.6      2.3566684E-04  2.3566684E-04  2.3566684E-04  2.3566684E-04  2.3566684E-04  0.0000000E+00   1.000002    
          67           3           8        1982 rtu0470         ru        1.4562367E+07   5624.356       32883.42       6136.342       25707.55       1028.229       21678.57      0.0000000E+00  0.0000000E+00  1.9240274E+09   893551.9      2.3462929E-04  2.3462929E-04  2.3462929E-04  2.3462929E-04  2.3462929E-04  0.0000000E+00   1.000001    
          67           3           8        1982 rtu0480         ru        1.1884044E+07   4182.686       24441.50       4559.674       20660.66       843.8003       16025.86      0.0000000E+00  0.0000000E+00  1.4236129E+09   709731.9      2.3495316E-04  2.3495316E-04  2.3495316E-04  2.3495316E-04  2.3495316E-04  0.0000000E+00   1.000002    
          67           3           8        1982 rtu0490         ru        1.3965169E+07   7764.383       45342.48       8469.297       26515.97       959.1241       30046.75      0.0000000E+00  0.0000000E+00  2.6954094E+09   877517.9      1.1689744E-04  1.1689744E-04  1.1689744E-04  1.1689744E-04  1.1689744E-04  0.0000000E+00   1.000001    
          67           3           8        1982 rtu0500         ru         5874699.       16535.82       50069.24       8176.671       10851.02       348.3016       33578.39      0.0000000E+00  0.0000000E+00  4.4789929E+09   367239.9      2.3584595E-04  2.3584595E-04  2.3584595E-04  2.3584595E-04  2.3584595E-04  0.0000000E+00   1.000003    
          67           3           8        1982 rtu0510         ru         5950015.       6208.366       35310.95       6619.446       13052.23       379.3350       23403.88      0.0000000E+00  0.0000000E+00  2.2170271E+09   380987.7      1.1791101E-04  1.1791101E-04  1.1791101E-04  1.1791101E-04  1.1791101E-04  0.0000000E+00   1.000003    
          67           3           8        1982 rtu0520         ru         3585175.       2644.406       15231.76       2848.833       7097.415       239.8292       9949.412      0.0000000E+00  0.0000000E+00  9.2660077E+08   226631.4      1.1794854E-04  1.1794854E-04  1.1794854E-04  1.1794854E-04  1.1794854E-04  0.0000000E+00   1.000005    
          67           3           8        1982 rtu0530         ru         441410.8       377.1435       2139.086       400.8792       866.9033       24.19155       1404.101      0.0000000E+00  0.0000000E+00  1.3336623E+08   23909.50      1.0057077E-04  1.0057077E-04  1.0057077E-04  1.0057077E-04  1.0057077E-04  0.0000000E+00   1.000040    
          67           3           8        1982 rtu0540         ru         6810168.       4968.060       27405.93       5165.958       11481.70       455.7646       17309.14      0.0000000E+00  0.0000000E+00  1.6324657E+09   397473.4      2.3589630E-04  2.3589630E-04  2.3589630E-04  2.3589630E-04  2.3589630E-04  0.0000000E+00   1.000003    
          67           3           8        1982 rtu0550         ru         6402529.       4299.931       24856.92       4646.786       12480.72       432.3768       16248.14      0.0000000E+00  0.0000000E+00  1.4999363E+09   403690.1      1.1778137E-04  1.1778137E-04  1.1778137E-04  1.1778137E-04  1.1778137E-04  0.0000000E+00   1.000003    
          67           3           8        1982 rtu0560         ru         3892185.       2582.729       14911.74       2787.451       7519.827       263.3024       9700.548      0.0000000E+00  0.0000000E+00  8.9872493E+08   245165.3      1.1792450E-04  1.1792450E-04  1.1792450E-04  1.1792450E-04  1.1792450E-04  0.0000000E+00   1.000005    
          67           3           8        1982 rtu0570         ru         6986670.       2453.108       12894.47       2461.090       6565.263       500.4342       7767.373      0.0000000E+00  0.0000000E+00  7.1543552E+08   344917.6      2.3570214E-04  2.3570214E-04  2.3570214E-04  2.3570214E-04  2.3570214E-04  0.0000000E+00   1.000004    
          67           3           8        1982 rtu0580         ru         8312562.       4995.957       28995.50       5417.654       15898.76       567.3508       18983.54      0.0000000E+00  0.0000000E+00  1.7347500E+09   522837.1      1.1757865E-04  1.1757865E-04  1.1757865E-04  1.1757865E-04  1.1757865E-04  0.0000000E+00   1.000002    
          67           3           8        1982 rtu0590         ru         4324224.       3048.182       17592.10       3289.482       8504.595       290.6845       11492.52      0.0000000E+00  0.0000000E+00  1.0667710E+09   273163.5      1.1791317E-04  1.1791317E-04  1.1791317E-04  1.1791317E-04  1.1791317E-04  0.0000000E+00   1.000004    
          67           3           8        1982 rtu0600         ru         8828522.       3828.718       19979.63       3816.738       8816.291       623.0404       12029.21      0.0000000E+00  0.0000000E+00  1.1193240E+09   435910.7      2.3561018E-04  2.3561018E-04  2.3561018E-04  2.3561018E-04  2.3561018E-04  0.0000000E+00   1.000003    
          67           3           8        1982 rtu0610         ru         6494698.       4408.502       25410.76       4753.291       12691.54       438.8660       16716.21      0.0000000E+00  0.0000000E+00  1.5531617E+09   405813.5      2.3584306E-04  2.3584306E-04  2.3584306E-04  2.3584306E-04  2.3584306E-04  0.0000000E+00   1.000003    
          67           3           8        1982 rtu0620         ru         3738017.       1904.621       11011.06       2056.669       6797.269       259.1631       7115.157      0.0000000E+00  0.0000000E+00  6.5433741E+08   231016.0      2.3593442E-04  2.3593442E-04  2.3593442E-04  2.3593442E-04  2.3593442E-04  0.0000000E+00   1.000005    
          67           3           8        1982 rtu0630         ru         9520181.       5691.917       31794.29       5984.366       14554.62       652.5056       20223.23      0.0000000E+00  0.0000000E+00  1.8817997E+09   541007.7      2.3573768E-04  2.3573768E-04  2.3573768E-04  2.3573768E-04  2.3573768E-04  0.0000000E+00   1.000002    
          67           3           8        1982 rtu0640         ru         3556805.       1946.106       11234.51       2099.229       6548.954       245.2572       7286.880      0.0000000E+00  0.0000000E+00  6.7288205E+08   219917.4      2.3594976E-04  2.3594976E-04  2.3594976E-04  2.3594976E-04  2.3594976E-04  0.0000000E+00   1.000005    
          67           3           8        1982 rtu0650         ru         6889936.       1212.070       7088.944       1321.415       11018.61       504.9892       4792.068      0.0000000E+00  0.0000000E+00  4.1736730E+08   400430.1      3.5298365E-04  3.5298365E-04  3.5298365E-04  3.5298365E-04  3.5298365E-04  0.0000000E+00   1.000003    
          67           3           8        1982 rtu0660         ru         6376424.       19063.74       61919.67       10229.04       12085.86       361.7047       41191.82      0.0000000E+00  0.0000000E+00  5.3048166E+09   399970.2      2.3587656E-04  2.3587656E-04  2.3587656E-04  2.3587656E-04  2.3587656E-04  0.0000000E+00   1.000003    
          67           3           8        1982 rtu0670         ru         4764294.       3889.118       15376.15       3351.146       8133.913       328.7339       9832.553      0.0000000E+00  0.0000000E+00  8.7526496E+08   264543.2      1.1791273E-04  1.1791273E-04  1.1791273E-04  1.1791273E-04  1.1791273E-04  0.0000000E+00   1.000005    
          67           3           8        1982 rtu0680         ru         8494417.       2214.043       12921.04       2409.573       14140.73       613.1651       8498.358      0.0000000E+00  0.0000000E+00  7.5563706E+08   500465.3      3.5328721E-04  3.5328721E-04  3.5328721E-04  3.5328721E-04  3.5328721E-04  0.0000000E+00   1.000002    
          67           3           8        1982 rtu0690         ru        1.0590115E+07   5233.615       30439.01       5684.980       19481.15       735.5893       19977.78      0.0000000E+00  0.0000000E+00  1.8128118E+09   655581.4      2.3537716E-04  2.3537716E-04  2.3537716E-04  2.3537716E-04  2.3537716E-04  0.0000000E+00   1.000002    
          67           3           8        1982 rtu0700         ru         294435.1       168.0288       966.8699       180.8153       532.5042       15.59841       629.5399      0.0000000E+00  0.0000000E+00  5.8719516E+07   14663.15      9.3081166E-05  9.3081166E-05  9.3081166E-05  9.3081166E-05  9.3081166E-05  0.0000000E+00   1.000062    
          67           3           8        1982 rtu0710         ru         4580604.       4058.440       23286.02       4360.012       9620.328       299.5158       15375.59      0.0000000E+00  0.0000000E+00  1.4427434E+09   292148.3      1.1793397E-04  1.1793397E-04  1.1793397E-04  1.1793397E-04  1.1793397E-04  0.0000000E+00   1.000004    
          67           3           8        1982 rtu0720         ru         1973640.       1929.536       11003.16       2061.622       4196.012       127.3369       7265.270      0.0000000E+00  0.0000000E+00  6.8720877E+08   126074.8      1.1799451E-04  1.1799451E-04  1.1799451E-04  1.1799451E-04  1.1799451E-04  0.0000000E+00   1.000009    
          67           3           8        1982 rtu0730         ru         903743.2       521.5368       2987.540       559.2373       1654.817       55.06861       1969.851      0.0000000E+00  0.0000000E+00  1.8437978E+08   49915.12      2.1745221E-04  2.1745221E-04  2.1745221E-04  2.1745221E-04  2.1745221E-04  0.0000000E+00   1.000021    
          67           3           8        1982 rtu0740         ru         668947.2       233.7451       1349.285       252.1800       1114.775       40.25789       886.3915      0.0000000E+00  0.0000000E+00  8.1373008E+07   34320.48      3.1573835E-04  3.1573835E-04  3.1573835E-04  3.1573835E-04  3.1573835E-04  0.0000000E+00   1.000029    
          67           3           8        1982 rtu0750         ru         5033984.       3642.717       21041.73       3935.042       10030.88       337.4356       13802.37      0.0000000E+00  0.0000000E+00  1.2807955E+09   318794.3      1.1788311E-04  1.1788311E-04  1.1788311E-04  1.1788311E-04  1.1788311E-04  0.0000000E+00   1.000004    
          67           3           8        1982 rtu0760         ru         6502284.       5331.875       30705.05       5746.306       13427.37       429.3210       20267.08      0.0000000E+00  0.0000000E+00  1.8891026E+09   413661.4      1.1783450E-04  1.1783450E-04  1.1783450E-04  1.1783450E-04  1.1783450E-04  0.0000000E+00   1.000003    
          67           3           8        1982 rtu0770         ru         695707.8       546.7390       3128.280       585.6548       1364.994       41.35832       2051.146      0.0000000E+00  0.0000000E+00  1.9298622E+08   39984.35      1.0683098E-04  1.0683098E-04  1.0683098E-04  1.0683098E-04  1.0683098E-04  0.0000000E+00   1.000026    
          67           3           8        1982 rtu0780         ru        1.4872222E+07   11646.81       67474.23       12624.31       30729.19       986.1898       45076.62      0.0000000E+00  0.0000000E+00  4.1298086E+09   945569.9      1.1717759E-04  1.1717759E-04  1.1717759E-04  1.1717759E-04  1.1717759E-04  0.0000000E+00   1.000001    
          67           3           8        1982 rtu0790         ru         4417275.       4650.776       25354.31       4786.947       8467.787       280.6456       16281.12      0.0000000E+00  0.0000000E+00  1.5696174E+09   263911.6      2.3597959E-04  2.3597959E-04  2.3597959E-04  2.3597959E-04  2.3597959E-04  0.0000000E+00   1.000005    
          67           3           8        1982 rtu0800         ru         4197116.       4635.119       23912.37       4558.809       6751.755       263.4355       14750.72      0.0000000E+00  0.0000000E+00  1.4576364E+09   227623.7      2.3599147E-04  2.3599147E-04  2.3599147E-04  2.3599147E-04  2.3599147E-04  0.0000000E+00   1.000006    
          67           3           8        1982 rtu0810         ru         2495852.       2855.074       15610.15       2944.482       4962.320       151.8754       10124.77      0.0000000E+00  0.0000000E+00  9.8067686E+08   148490.8      2.2389002E-04  2.2389002E-04  2.2389002E-04  2.2389002E-04  2.2389002E-04  0.0000000E+00   1.000008    
          67           3           8        1982 rtu0820         ru        1.0724685E+07   8182.578       47322.93       8852.607       21857.48       713.7906       31364.12      0.0000000E+00  0.0000000E+00  2.8909535E+09   680685.9      1.1751282E-04  1.1751282E-04  1.1751282E-04  1.1751282E-04  1.1751282E-04  0.0000000E+00   1.000002    
          67           3           8        1982 rtu0830         ru         9870731.       6913.695       40096.77       7497.313       19733.87       663.4880       26518.78      0.0000000E+00  0.0000000E+00  2.4346481E+09   625309.3      1.1752939E-04  1.1752939E-04  1.1752939E-04  1.1752939E-04  1.1752939E-04  0.0000000E+00   1.000002    
          67           3           8        1982 rtu0840         ru         6469354.       24826.67       53852.66       9107.679       8250.450       362.4016       32788.27      0.0000000E+00  0.0000000E+00  5.3766953E+09   319406.1      2.3474003E-04  2.3474003E-04  2.3474003E-04  2.3474003E-04  2.3474003E-04  0.0000000E+00   1.000004    
          67           3           8        1982 rtu0850         ru         7166206.       27795.43       86850.20       14734.35       6716.625       308.2919       52791.70      0.0000000E+00  0.0000000E+00  7.1102065E+09   353799.9      3.5380520E-04  3.5380520E-04  3.5380520E-04  3.5380520E-04  3.5380520E-04  0.0000000E+00   1.000004    
          67           3           8        1982 rtu0860         ru         526554.9       277.3948       1589.771       297.5103       938.3683       29.80629       1044.427      0.0000000E+00  0.0000000E+00  9.7634768E+07   26976.06      2.0093337E-04  2.0093337E-04  2.0093337E-04  2.0093337E-04  2.0093337E-04  0.0000000E+00   1.000035    
          67           3           8        1982 rtu0870         ru         3443876.       2554.882       14724.58       2754.043       6847.683       230.2640       9632.547      0.0000000E+00  0.0000000E+00  8.9712736E+08   217955.9      1.1795390E-04  1.1795390E-04  1.1795390E-04  1.1795390E-04  1.1795390E-04  0.0000000E+00   1.000005    
          67           3           8        1982 rtu0880         ru        1.0061695E+07   2787.828       14683.85       2801.917       8758.183       731.3370       8918.685      0.0000000E+00  0.0000000E+00  8.1269030E+08   496654.9      3.5321742E-04  3.5321742E-04  3.5321742E-04  3.5321742E-04  3.5321742E-04  0.0000000E+00   1.000003    
          67           3           8        1982 rtu0890         ru        1.3915246E+07   54255.11       169155.8       28628.50       13446.91       599.7712       104382.7      0.0000000E+00  0.0000000E+00  1.3870576E+10   687269.9      3.5327038E-04  3.5327038E-04  3.5327038E-04  3.5327038E-04  3.5327038E-04  0.0000000E+00   1.000002    
          67           3           8        1982 rtu0900         ru        2.5209904E+07   10897.61       63722.77       11903.72       45564.96       1770.501       42861.49      0.0000000E+00  0.0000000E+00  3.8140186E+09   1540211.      3.5042851E-04  3.5042851E-04  3.5042851E-04  3.5042851E-04  3.5042851E-04  0.0000000E+00   1.000001    
          67           3           8        1982 rtu0910         ru         4763479.       2834.075       16363.73       3059.020       8990.387       326.1237       10694.75      0.0000000E+00  0.0000000E+00  9.9008262E+08   295716.3      2.3590832E-04  2.3590832E-04  2.3590832E-04  2.3590832E-04  2.3590832E-04  0.0000000E+00   1.000004    
          67           3           8        1982 rtu0920         ru         7571521.       32825.89       108668.7       18677.84       6826.339       273.9320       66363.81      0.0000000E+00  0.0000000E+00  8.6316257E+09   373827.8      2.3558841E-04  2.3558841E-04  2.3558841E-04  2.3558841E-04  2.3558841E-04  0.0000000E+00   1.000004    
          67           3           8        1982 rtu0930         ru        1.2656554E+07   6160.069       35889.41       6702.736       23305.05       880.0929       23662.77      0.0000000E+00  0.0000000E+00  2.1376294E+09   783343.9      2.3512609E-04  2.3512609E-04  2.3512609E-04  2.3512609E-04  2.3512609E-04  0.0000000E+00   1.000002    
          67           3           8        1982 rtu0940         ru        1.2939952E+07   31459.24       125134.9       22843.84       10150.22       637.1450       76449.70      0.0000000E+00  0.0000000E+00  8.7886459E+09   638793.1      3.5215338E-04  3.5215338E-04  3.5215338E-04  3.5215338E-04  3.5215338E-04  0.0000000E+00   1.000002    
          67           3           8        1982 rtu0950         ru         9068808.       4883.753       28340.09       5295.283       16953.75       625.9350       18610.42      0.0000000E+00  0.0000000E+00  1.7031154E+09   562370.8      2.3557595E-04  2.3557595E-04  2.3557595E-04  2.3557595E-04  2.3557595E-04  0.0000000E+00   1.000002    
          67           3           8        1982 rtu0960         ru        1.8004240E+07   3956.667       21018.02       4007.926       14954.12       1322.225       13086.37      0.0000000E+00  0.0000000E+00  1.1538560E+09   888664.8      3.5121292E-04  3.5121292E-04  3.5121292E-04  3.5121292E-04  3.5121292E-04  0.0000000E+00   1.000002    
          67           3           8        1982 rtu0970         ru         5228872.       4088.465       23568.29       4409.428       10630.27       347.3675       15506.56      0.0000000E+00  0.0000000E+00  1.4441743E+09   332032.9      1.1788826E-04  1.1788826E-04  1.1788826E-04  1.1788826E-04  1.1788826E-04  0.0000000E+00   1.000003    
          67           3           8        1982 rtu0980         ru         5706826.       1267.152       6715.468       1280.353       4693.008       418.9243       4077.854      0.0000000E+00  0.0000000E+00  3.6841376E+08   281650.3      3.5369274E-04  3.5369274E-04  3.5369274E-04  3.5369274E-04  3.5369274E-04  0.0000000E+00   1.000005    
          67           3           8        1982 rtu0990         ru         6565784.       3192.743       18499.27       3455.380       11933.52       456.9862       12050.17      0.0000000E+00  0.0000000E+00  1.1035717E+09   404101.4      2.3575370E-04  2.3575370E-04  2.3575370E-04  2.3575370E-04  2.3575370E-04  0.0000000E+00   1.000003    
          67           3           8        1982 rtu1000         ru         160733.4       1993.125       2874.208       432.3174       166.5519       2.044476       1778.791      0.0000000E+00  0.0000000E+00  3.9067802E+08   5712.809      8.4702333E-05  8.4702333E-05  8.4702333E-05  8.4702333E-05  8.4702333E-05  0.0000000E+00   1.000176    
          67           3           8        1982 rtu1010         ru         6990705.       3694.537       19201.97       3669.964       7485.960       484.7188       11530.43      0.0000000E+00  0.0000000E+00  1.0819242E+09   345330.6      1.1771845E-04  1.1771845E-04  1.1771845E-04  1.1771845E-04  1.1771845E-04  0.0000000E+00   1.000004    
          67           3           8        1982 rtu1020         ru         5467688.       4658.033       18348.36       4000.830       9348.679       373.8998       11716.33      0.0000000E+00  0.0000000E+00  1.0481551E+09   302922.6      2.3456145E-04  2.3456145E-04  2.3456145E-04  2.3456145E-04  2.3456145E-04  0.0000000E+00   1.000004    
          67           3           8        1982 rtu1030         ru         1153796.       2694.177       9416.822       1662.240       845.2756       47.17488       5632.292      0.0000000E+00  0.0000000E+00  7.1501664E+08   47325.38      3.9249094E-04  3.9249094E-04  3.9249094E-04  3.9249094E-04  3.9249094E-04  0.0000000E+00   1.000025    
          67           3           8        1982 rtu1040         ru         6577292.       4374.481       17480.70       3803.680       10919.72       466.5119       11182.22      0.0000000E+00  0.0000000E+00  9.7810586E+08   351534.9      1.1776352E-04  1.1776352E-04  1.1776352E-04  1.1776352E-04  1.1776352E-04  0.0000000E+00   1.000003    
          67           3           8        1982 rtu1050         ru         7036292.       4252.195       17032.80       3704.203       11489.46       504.8944       10931.18      0.0000000E+00  0.0000000E+00  9.5439642E+08   376978.3      2.3577557E-04  2.3577557E-04  2.3577557E-04  2.3577557E-04  2.3577557E-04  0.0000000E+00   1.000003    
          67           3           8        1982 rtu1060         ru        1.4074412E+07   9096.506       52992.30       9904.680       27708.58       953.3435       35254.86      0.0000000E+00  0.0000000E+00  3.1925427E+09   889348.1      1.1705470E-04  1.1705470E-04  1.1705470E-04  1.1705470E-04  1.1705470E-04  0.0000000E+00   1.000001    
          67           3           8        1982 rtu1070         ru         5540593.       11027.49       38267.97       6719.268       4217.697       314.0960       23033.84      0.0000000E+00  0.0000000E+00  2.9063327E+09   270422.3      5.8424176E-04  5.8424176E-04  5.8424176E-04  5.8424176E-04  5.8424176E-04  0.0000000E+00   1.000005    
          67           3           8        1982 rtu1080         ru         4920971.       3279.207       18974.48       3546.935       9607.143       332.7583       12404.73      0.0000000E+00  0.0000000E+00  1.1467785E+09   310738.4      1.1787296E-04  1.1787296E-04  1.1787296E-04  1.1787296E-04  1.1787296E-04  0.0000000E+00   1.000004    
          67           3           8        1982 rtu1090         ru        1.3235259E+07   29948.17       104959.4       18379.59       11693.46       719.3239       63745.65      0.0000000E+00  0.0000000E+00  7.9828204E+09   653375.2      4.7102035E-04  4.7102035E-04  4.7102035E-04  4.7102035E-04  4.7102035E-04  0.0000000E+00   1.000002    
          67           3           8        1982 rtu1100         ru         4140690.       3420.820       13506.68       2944.083       7061.283       285.1938       8619.790      0.0000000E+00  0.0000000E+00  7.6910400E+08   229719.5      1.1793860E-04  1.1793860E-04  1.1793860E-04  1.1793860E-04  1.1793860E-04  0.0000000E+00   1.000005    
          67           3           8        1982 rtu1110         ru         3542864.       2097.462       12157.23       2271.329       6723.397       242.3876       7900.927      0.0000000E+00  0.0000000E+00  7.2796954E+08   222913.1      1.1792664E-04  1.1792664E-04  1.1792664E-04  1.1792664E-04  1.1792664E-04  0.0000000E+00   1.000005    
          67           3           8        1982 rtu1120         ru         4675328.       616.6522       3289.750       626.6851       3397.257       342.0040       2055.339      0.0000000E+00  0.0000000E+00  1.7897517E+08   225927.9      3.3949065E-04  3.3949065E-04  3.3949065E-04  3.3949065E-04  3.3949065E-04  0.0000000E+00   1.000006    
          67           3           8        1982 rtu1130         ru         4386423.       7671.938       24805.41       4277.568       4556.291       266.9600       15002.43      0.0000000E+00  0.0000000E+00  1.9397734E+09   214770.2      3.4824078E-04  3.4824078E-04  3.4824078E-04  3.4824078E-04  3.4824078E-04  0.0000000E+00   1.000007    
          67           3           8        1982 rtu1140         ru         8555332.       2773.404       14529.80       2774.112       7715.646       616.6613       8767.013      0.0000000E+00  0.0000000E+00  8.0940416E+08   422346.6      3.5348162E-04  3.5348162E-04  3.5348162E-04  3.5348162E-04  3.5348162E-04  0.0000000E+00   1.000003    
          67           3           8        1982 rtu1150         ru         8285715.       28489.05       66176.25       10584.04       8119.790       461.9262       40587.84      0.0000000E+00  0.0000000E+00  6.4671764E+09   409207.3      3.5376596E-04  3.5376596E-04  3.5376596E-04  3.5376596E-04  3.5376596E-04  0.0000000E+00   1.000003    
          67           3           8        1982 rtu1160         ru         5076298.       1152.364       6095.994       1162.463       4172.833       372.4212       3695.297      0.0000000E+00  0.0000000E+00  3.3511805E+08   250532.0      3.5374606E-04  3.5374606E-04  3.5374606E-04  3.5374606E-04  3.5374606E-04  0.0000000E+00   1.000006    
          67           3           8        1982 rtu1170         ru         3797576.       3537.697       20233.09       3789.698       8034.318       246.5849       13353.96      0.0000000E+00  0.0000000E+00  1.2580458E+09   242292.5      1.1796225E-04  1.1796225E-04  1.1796225E-04  1.1796225E-04  1.1796225E-04  0.0000000E+00   1.000005    
          67           3           8        1982 rtu1180         ru         5260509.       11210.44       39492.68       6783.000       8957.230       314.5307       25728.11      0.0000000E+00  0.0000000E+00  3.1518715E+09   305607.3      3.4887786E-04  3.4887786E-04  3.4887786E-04  3.4887786E-04  3.4887786E-04  0.0000000E+00   1.000004    
          67           3           8        1982 rtu1190         ru         3844938.       33923.43       81360.52       12584.89       6732.222       124.9277       54748.18      0.0000000E+00  0.0000000E+00  8.4268544E+09   225855.1      3.3777731E-04  3.3777731E-04  3.3777731E-04  3.3777731E-04  3.3777731E-04  0.0000000E+00   1.000005    
          67           3           8        1982 rtu1200         ru        2.2199960E+07   9607.247       49933.01       9547.221       21980.42       1569.707       30655.05      0.0000000E+00  0.0000000E+00  2.8241626E+09   1096685.      3.5157980E-04  3.5157980E-04  3.5157980E-04  3.5157980E-04  3.5157980E-04  0.0000000E+00   1.000001    
          67           3           8        1982 rtu1210         ru         5348672.       19167.96       60925.87       10459.94       5443.240       242.2015       36798.35      0.0000000E+00  0.0000000E+00  4.9067131E+09   263681.0      3.5328430E-04  3.5328430E-04  3.5328430E-04  3.5328430E-04  3.5328430E-04  0.0000000E+00   1.000005    
          67           3           8        1982 rtu1220         ru         4987370.       44001.86       102005.6       15982.07       5504.696       111.9713       62951.71      0.0000000E+00  0.0000000E+00  1.0113799E+10   246378.4      1.1788715E-04  1.1788715E-04  1.1788715E-04  1.1788715E-04  1.1788715E-04  0.0000000E+00   1.000006    
          67           3           8        1982 rtu1230         ru         1418164.       11129.49       27694.91       4387.878       1478.413       34.13430       16954.71      0.0000000E+00  0.0000000E+00  2.6262561E+09   70040.90      1.1799472E-04  1.1799472E-04  1.1799472E-04  1.1799472E-04  1.1799472E-04  0.0000000E+00   1.000020    
          67           3           8        1982 rtu1240         ru        1.5095250E+07   53621.91       173171.4       29539.59       14342.20       675.0239       107005.7      0.0000000E+00  0.0000000E+00  1.3901709E+10   745347.1      3.5310898E-04  3.5310898E-04  3.5310898E-04  3.5310898E-04  3.5310898E-04  0.0000000E+00   1.000002    
          67           3           8        1982 rtu1250         ru         5493296.       9028.222       30797.12       5351.369       5694.531       337.1630       18612.77      0.0000000E+00  0.0000000E+00  2.3366200E+09   270832.6      3.5263749E-04  3.5263749E-04  3.5263749E-04  3.5263749E-04  3.5263749E-04  0.0000000E+00   1.000005    
          67           3           8        1982 rtu1260         ru         1932416.       414.7639       2162.963       413.0917       1465.986       129.6000       1310.226      0.0000000E+00  0.0000000E+00  1.2099722E+08   87127.70      3.1793531E-04  3.1793531E-04  3.1793531E-04  3.1793531E-04  3.1793531E-04  0.0000000E+00   1.000015    
          67           3           8        1982 rtu1270         ru        2.1008892E+07   46889.74       167619.3       29563.57       16180.84       1144.669       103706.9      0.0000000E+00  0.0000000E+00  1.2547574E+10   1037116.      4.6766119E-04  4.6766119E-04  4.6766119E-04  4.6766119E-04  4.6766119E-04  0.0000000E+00   1.000001    
          67           3           8        1982 rtu1280         ru         6605328.       11447.06       31140.70       6129.451       7386.631       400.7332       20635.79      0.0000000E+00  0.0000000E+00  2.3469860E+09   324620.9      5.7487946E-04  5.7487946E-04  5.7487946E-04  5.7487946E-04  5.7487946E-04  0.0000000E+00   1.000004    
          67           3           8        1982 rtu1290         ru         5840761.       17775.31       44579.74       8397.991       7763.507       300.7522       29689.68      0.0000000E+00  0.0000000E+00  3.5716946E+09   292064.2      4.6526128E-04  4.6526128E-04  4.6526128E-04  4.6526128E-04  4.6526128E-04  0.0000000E+00   1.000004    
          67           3           8        1982 rtu1300         ru         9241285.       10727.22       38265.03       6441.339       10900.11       616.4591       25781.73      0.0000000E+00  0.0000000E+00  3.1183770E+09   497805.6      5.7502929E-04  5.7502929E-04  5.7502929E-04  5.7502929E-04  5.7502929E-04  0.0000000E+00   1.000003    
          67           3           8        1982 rtu1310         ru        1.0789431E+07   3365.156       19584.38       3655.234       18340.04       773.1998       12912.53      0.0000000E+00  0.0000000E+00  1.1581140E+09   648046.6      3.5271753E-04  3.5271753E-04  3.5271753E-04  3.5271753E-04  3.5271753E-04  0.0000000E+00   1.000002    
          67           3           8        1982 rtu1320         ru         7002430.       19907.17       64953.02       11230.40       5281.005       359.0240       39519.77      0.0000000E+00  0.0000000E+00  5.1117169E+09   345126.7      4.6990160E-04  4.6990160E-04  4.6990160E-04  4.6990160E-04  4.6990160E-04  0.0000000E+00   1.000004    
          67           3           8        1982 rtu1330         ru         4320677.       1036.719       6037.229       1126.142       7088.443       313.4366       3983.329      0.0000000E+00  0.0000000E+00  3.5510128E+08   256509.7      3.5365930E-04  3.5365930E-04  3.5365930E-04  3.5365930E-04  3.5365930E-04  0.0000000E+00   1.000005    
          67           3           8        1982 rtu1340         ru         6323207.       1823.304       9502.979       1815.216       5401.516       459.5417       5739.621      0.0000000E+00  0.0000000E+00  5.3268899E+08   312255.6      3.5353366E-04  3.5353366E-04  3.5353366E-04  3.5353366E-04  3.5353366E-04  0.0000000E+00   1.000005    
          67           3           8        1982 rtu1350         ru         5561785.       24896.29       66982.97       10831.10       5485.208       244.8336       41018.47      0.0000000E+00  0.0000000E+00  6.0227840E+09   274620.4      3.5392173E-04  3.5392173E-04  3.5392173E-04  3.5392173E-04  3.5392173E-04  0.0000000E+00   1.000005    
