 Prueba3                   SWAT+ Jul 2 2024        MODULAR Rev 2024.61.0.1                                
   jday   mon   day    yr   unit  gis_id  name                    in_sed         out_sed        fp_dep         ch_dep        bank_ero        bed_ero         in_no3        in_orgn        out_no3       out_orgn         fp_no3        bank_no3       bed_no3        fp_orgn        ch_orgn        bank_orgn      bed_orgn       in_solp        in_orgp        out_solp       out_orgp       fp_solp        bank_solp      bed_solp       fp_orgp        ch_orgp        bank_orgp      bed_orgp       no3_orgn       solp_orgp      
                                                                    tons            tons          tons           tons            tons           tons           tons           tons           tons          tons           tons           tons           tons           tons            tons           tons           tons           tons           tons           tons           tons           tons           tons           tons           tons           tons           tons           tons           tons           tons         
    67     3     8  1982       1       1  cha001               0.0000E+00     0.0000E+00     0.0000E+00     0.0000E+00     0.0000E+00     0.0000E+00     0.0000E+00     0.0000E+00     0.0000E+00     0.0000E+00     0.0000E+00     0.0000E+00     0.0000E+00     0.0000E+00     0.0000E+00     0.0000E+00     0.0000E+00     0.0000E+00     0.0000E+00     0.0000E+00     0.0000E+00     0.0000E+00     0.0000E+00     0.0000E+00     0.0000E+00     0.0000E+00     0.0000E+00     0.0000E+00     0.0000E+00     0.0000E+00
    67     3     8  1982       2       2  cha002               0.0000E+00     0.0000E+00     0.0000E+00     0.0000E+00     0.0000E+00     0.0000E+00     0.0000E+00     0.0000E+00     0.0000E+00     0.0000E+00     0.0000E+00     0.0000E+00     0.0000E+00     0.0000E+00     0.0000E+00     0.0000E+00     0.0000E+00     0.0000E+00     0.0000E+00     0.0000E+00     0.0000E+00     0.0000E+00     0.0000E+00     0.0000E+00     0.0000E+00     0.0000E+00     0.0000E+00     0.0000E+00     0.0000E+00     0.0000E+00
    67     3     8  1982       3       3  cha003               0.0000E+00     0.0000E+00     0.0000E+00     0.0000E+00     0.0000E+00     0.0000E+00     0.0000E+00     0.0000E+00     0.0000E+00     0.0000E+00     0.0000E+00     0.0000E+00     0.0000E+00     0.0000E+00     0.0000E+00     0.0000E+00     0.0000E+00     0.0000E+00     0.0000E+00     0.0000E+00     0.0000E+00     0.0000E+00     0.0000E+00     0.0000E+00     0.0000E+00     0.0000E+00     0.0000E+00     0.0000E+00     0.0000E+00     0.0000E+00
    67     3     8  1982       4       4  cha004               0.0000E+00     0.0000E+00     0.0000E+00     0.0000E+00     0.0000E+00     0.0000E+00     0.0000E+00     0.0000E+00     0.0000E+00     0.0000E+00     0.0000E+00     0.0000E+00     0.0000E+00     0.0000E+00     0.0000E+00     0.0000E+00     0.0000E+00     0.0000E+00     0.0000E+00     0.0000E+00     0.0000E+00     0.0000E+00     0.0000E+00     0.0000E+00     0.0000E+00     0.0000E+00     0.0000E+00     0.0000E+00     0.0000E+00     0.0000E+00
    67     3     8  1982       5       5  cha005               0.0000E+00     0.0000E+00     0.0000E+00     0.0000E+00     0.0000E+00     0.0000E+00     0.0000E+00     0.0000E+00     0.0000E+00     0.0000E+00     0.0000E+00     0.0000E+00     0.0000E+00     0.0000E+00     0.0000E+00     0.0000E+00     0.0000E+00     0.0000E+00     0.0000E+00     0.0000E+00     0.0000E+00     0.0000E+00     0.0000E+00     0.0000E+00     0.0000E+00     0.0000E+00     0.0000E+00     0.0000E+00     0.0000E+00     0.0000E+00
    67     3     8  1982       6       6  cha006               0.0000E+00     0.0000E+00     0.0000E+00     0.0000E+00     0.0000E+00     0.0000E+00     0.0000E+00     0.0000E+00     0.0000E+00     0.0000E+00     0.0000E+00     0.0000E+00     0.0000E+00     0.0000E+00     0.0000E+00     0.0000E+00     0.0000E+00     0.0000E+00     0.0000E+00     0.0000E+00     0.0000E+00     0.0000E+00     0.0000E+00     0.0000E+00     0.0000E+00     0.0000E+00     0.0000E+00     0.0000E+00     0.0000E+00     0.0000E+00
    67     3     8  1982       7       7  cha007               0.0000E+00     0.0000E+00     0.0000E+00     0.0000E+00     0.0000E+00     0.0000E+00     0.0000E+00     0.0000E+00     0.0000E+00     0.0000E+00     0.0000E+00     0.0000E+00     0.0000E+00     0.0000E+00     0.0000E+00     0.0000E+00     0.0000E+00     0.0000E+00     0.0000E+00     0.0000E+00     0.0000E+00     0.0000E+00     0.0000E+00     0.0000E+00     0.0000E+00     0.0000E+00     0.0000E+00     0.0000E+00     0.0000E+00     0.0000E+00
    67     3     8  1982       8       8  cha008               0.0000E+00     0.0000E+00     0.0000E+00     0.0000E+00     0.0000E+00     0.0000E+00     0.0000E+00     0.0000E+00     0.0000E+00     0.0000E+00     0.0000E+00     0.0000E+00     0.0000E+00     0.0000E+00     0.0000E+00     0.0000E+00     0.0000E+00     0.0000E+00     0.0000E+00     0.0000E+00     0.0000E+00     0.0000E+00     0.0000E+00     0.0000E+00     0.0000E+00     0.0000E+00     0.0000E+00     0.0000E+00     0.0000E+00     0.0000E+00
    67     3     8  1982       9       9  cha009               0.0000E+00     0.0000E+00     0.0000E+00     0.0000E+00     0.0000E+00     0.0000E+00     0.0000E+00     0.0000E+00     0.0000E+00     0.0000E+00     0.0000E+00     0.0000E+00     0.0000E+00     0.0000E+00     0.0000E+00     0.0000E+00     0.0000E+00     0.0000E+00     0.0000E+00     0.0000E+00     0.0000E+00     0.0000E+00     0.0000E+00     0.0000E+00     0.0000E+00     0.0000E+00     0.0000E+00     0.0000E+00     0.0000E+00     0.0000E+00
    67     3     8  1982      10      10  cha010               0.0000E+00     0.0000E+00     0.0000E+00     0.0000E+00     0.0000E+00     0.0000E+00     0.0000E+00     0.0000E+00     0.0000E+00     0.0000E+00     0.0000E+00     0.0000E+00     0.0000E+00     0.0000E+00     0.0000E+00     0.0000E+00     0.0000E+00     0.0000E+00     0.0000E+00     0.0000E+00     0.0000E+00     0.0000E+00     0.0000E+00     0.0000E+00     0.0000E+00     0.0000E+00     0.0000E+00     0.0000E+00     0.0000E+00     0.0000E+00
    67     3     8  1982      11      11  cha011               0.0000E+00     0.0000E+00     0.0000E+00     0.0000E+00     0.0000E+00     0.0000E+00     0.0000E+00     0.0000E+00     0.0000E+00     0.0000E+00     0.0000E+00     0.0000E+00     0.0000E+00     0.0000E+00     0.0000E+00     0.0000E+00     0.0000E+00     0.0000E+00     0.0000E+00     0.0000E+00     0.0000E+00     0.0000E+00     0.0000E+00     0.0000E+00     0.0000E+00     0.0000E+00     0.0000E+00     0.0000E+00     0.0000E+00     0.0000E+00
    67     3     8  1982      12      12  cha012               0.0000E+00     0.0000E+00     0.0000E+00     0.0000E+00     0.0000E+00     0.0000E+00     0.0000E+00     0.0000E+00     0.0000E+00     0.0000E+00     0.0000E+00     0.0000E+00     0.0000E+00     0.0000E+00     0.0000E+00     0.0000E+00     0.0000E+00     0.0000E+00     0.0000E+00     0.0000E+00     0.0000E+00     0.0000E+00     0.0000E+00     0.0000E+00     0.0000E+00     0.0000E+00     0.0000E+00     0.0000E+00     0.0000E+00     0.0000E+00
    67     3     8  1982      13      13  cha013               0.0000E+00     0.0000E+00     0.0000E+00     0.0000E+00     0.0000E+00     0.0000E+00     0.0000E+00     0.0000E+00     0.0000E+00     0.0000E+00     0.0000E+00     0.0000E+00     0.0000E+00     0.0000E+00     0.0000E+00     0.0000E+00     0.0000E+00     0.0000E+00     0.0000E+00     0.0000E+00     0.0000E+00     0.0000E+00     0.0000E+00     0.0000E+00     0.0000E+00     0.0000E+00     0.0000E+00     0.0000E+00     0.0000E+00     0.0000E+00
    67     3     8  1982      14      14  cha014               0.0000E+00     0.0000E+00     0.0000E+00     0.0000E+00     0.0000E+00     0.0000E+00     0.0000E+00     0.0000E+00     0.0000E+00     0.0000E+00     0.0000E+00     0.0000E+00     0.0000E+00     0.0000E+00     0.0000E+00     0.0000E+00     0.0000E+00     0.0000E+00     0.0000E+00     0.0000E+00     0.0000E+00     0.0000E+00     0.0000E+00     0.0000E+00     0.0000E+00     0.0000E+00     0.0000E+00     0.0000E+00     0.0000E+00     0.0000E+00
    67     3     8  1982      15      15  cha015               0.0000E+00     0.0000E+00     0.0000E+00     0.0000E+00     0.0000E+00     0.0000E+00     0.0000E+00     0.0000E+00     0.0000E+00     0.0000E+00     0.0000E+00     0.0000E+00     0.0000E+00     0.0000E+00     0.0000E+00     0.0000E+00     0.0000E+00     0.0000E+00     0.0000E+00     0.0000E+00     0.0000E+00     0.0000E+00     0.0000E+00     0.0000E+00     0.0000E+00     0.0000E+00     0.0000E+00     0.0000E+00     0.0000E+00     0.0000E+00
    67     3     8  1982      16      16  cha016               0.0000E+00     0.0000E+00     0.0000E+00     0.0000E+00     0.0000E+00     0.0000E+00     0.0000E+00     0.0000E+00     0.0000E+00     0.0000E+00     0.0000E+00     0.0000E+00     0.0000E+00     0.0000E+00     0.0000E+00     0.0000E+00     0.0000E+00     0.0000E+00     0.0000E+00     0.0000E+00     0.0000E+00     0.0000E+00     0.0000E+00     0.0000E+00     0.0000E+00     0.0000E+00     0.0000E+00     0.0000E+00     0.0000E+00     0.0000E+00
    67     3     8  1982      17      17  cha017               0.0000E+00     0.0000E+00     0.0000E+00     0.0000E+00     0.0000E+00     0.0000E+00     0.0000E+00     0.0000E+00     0.0000E+00     0.0000E+00     0.0000E+00     0.0000E+00     0.0000E+00     0.0000E+00     0.0000E+00     0.0000E+00     0.0000E+00     0.0000E+00     0.0000E+00     0.0000E+00     0.0000E+00     0.0000E+00     0.0000E+00     0.0000E+00     0.0000E+00     0.0000E+00     0.0000E+00     0.0000E+00     0.0000E+00     0.0000E+00
    67     3     8  1982      18      18  cha018               0.0000E+00     0.0000E+00     0.0000E+00     0.0000E+00     0.0000E+00     0.0000E+00     0.0000E+00     0.0000E+00     0.0000E+00     0.0000E+00     0.0000E+00     0.0000E+00     0.0000E+00     0.0000E+00     0.0000E+00     0.0000E+00     0.0000E+00     0.0000E+00     0.0000E+00     0.0000E+00     0.0000E+00     0.0000E+00     0.0000E+00     0.0000E+00     0.0000E+00     0.0000E+00     0.0000E+00     0.0000E+00     0.0000E+00     0.0000E+00
    67     3     8  1982      19      19  cha019               0.0000E+00     0.0000E+00     0.0000E+00     0.0000E+00     0.0000E+00     0.0000E+00     0.0000E+00     0.0000E+00     0.0000E+00     0.0000E+00     0.0000E+00     0.0000E+00     0.0000E+00     0.0000E+00     0.0000E+00     0.0000E+00     0.0000E+00     0.0000E+00     0.0000E+00     0.0000E+00     0.0000E+00     0.0000E+00     0.0000E+00     0.0000E+00     0.0000E+00     0.0000E+00     0.0000E+00     0.0000E+00     0.0000E+00     0.0000E+00
    67     3     8  1982      20      20  cha020               0.0000E+00     0.0000E+00     0.0000E+00     0.0000E+00     0.0000E+00     0.0000E+00     0.0000E+00     0.0000E+00     0.0000E+00     0.0000E+00     0.0000E+00     0.0000E+00     0.0000E+00     0.0000E+00     0.0000E+00     0.0000E+00     0.0000E+00     0.0000E+00     0.0000E+00     0.0000E+00     0.0000E+00     0.0000E+00     0.0000E+00     0.0000E+00     0.0000E+00     0.0000E+00     0.0000E+00     0.0000E+00     0.0000E+00     0.0000E+00
    67     3     8  1982      21      21  cha021               0.0000E+00     0.0000E+00     0.0000E+00     0.0000E+00     0.0000E+00     0.0000E+00     0.0000E+00     0.0000E+00     0.0000E+00     0.0000E+00     0.0000E+00     0.0000E+00     0.0000E+00     0.0000E+00     0.0000E+00     0.0000E+00     0.0000E+00     0.0000E+00     0.0000E+00     0.0000E+00     0.0000E+00     0.0000E+00     0.0000E+00     0.0000E+00     0.0000E+00     0.0000E+00     0.0000E+00     0.0000E+00     0.0000E+00     0.0000E+00
    67     3     8  1982      22      22  cha022               0.0000E+00     0.0000E+00     0.0000E+00     0.0000E+00     0.0000E+00     0.0000E+00     0.0000E+00     0.0000E+00     0.0000E+00     0.0000E+00     0.0000E+00     0.0000E+00     0.0000E+00     0.0000E+00     0.0000E+00     0.0000E+00     0.0000E+00     0.0000E+00     0.0000E+00     0.0000E+00     0.0000E+00     0.0000E+00     0.0000E+00     0.0000E+00     0.0000E+00     0.0000E+00     0.0000E+00     0.0000E+00     0.0000E+00     0.0000E+00
    67     3     8  1982      23      23  cha023               0.0000E+00     0.0000E+00     0.0000E+00     0.0000E+00     0.0000E+00     0.0000E+00     0.0000E+00     0.0000E+00     0.0000E+00     0.0000E+00     0.0000E+00     0.0000E+00     0.0000E+00     0.0000E+00     0.0000E+00     0.0000E+00     0.0000E+00     0.0000E+00     0.0000E+00     0.0000E+00     0.0000E+00     0.0000E+00     0.0000E+00     0.0000E+00     0.0000E+00     0.0000E+00     0.0000E+00     0.0000E+00     0.0000E+00     0.0000E+00
    67     3     8  1982      24      24  cha024               0.0000E+00     0.0000E+00     0.0000E+00     0.0000E+00     0.0000E+00     0.0000E+00     0.0000E+00     0.0000E+00     0.0000E+00     0.0000E+00     0.0000E+00     0.0000E+00     0.0000E+00     0.0000E+00     0.0000E+00     0.0000E+00     0.0000E+00     0.0000E+00     0.0000E+00     0.0000E+00     0.0000E+00     0.0000E+00     0.0000E+00     0.0000E+00     0.0000E+00     0.0000E+00     0.0000E+00     0.0000E+00     0.0000E+00     0.0000E+00
    67     3     8  1982      25      25  cha025               0.0000E+00     0.0000E+00     0.0000E+00     0.0000E+00     0.0000E+00     0.0000E+00     0.0000E+00     0.0000E+00     0.0000E+00     0.0000E+00     0.0000E+00     0.0000E+00     0.0000E+00     0.0000E+00     0.0000E+00     0.0000E+00     0.0000E+00     0.0000E+00     0.0000E+00     0.0000E+00     0.0000E+00     0.0000E+00     0.0000E+00     0.0000E+00     0.0000E+00     0.0000E+00     0.0000E+00     0.0000E+00     0.0000E+00     0.0000E+00
    67     3     8  1982      26      26  cha026               0.0000E+00     0.0000E+00     0.0000E+00     0.0000E+00     0.0000E+00     0.0000E+00     0.0000E+00     0.0000E+00     0.0000E+00     0.0000E+00     0.0000E+00     0.0000E+00     0.0000E+00     0.0000E+00     0.0000E+00     0.0000E+00     0.0000E+00     0.0000E+00     0.0000E+00     0.0000E+00     0.0000E+00     0.0000E+00     0.0000E+00     0.0000E+00     0.0000E+00     0.0000E+00     0.0000E+00     0.0000E+00     0.0000E+00     0.0000E+00
    67     3     8  1982      27      27  cha027               0.0000E+00     0.0000E+00     0.0000E+00     0.0000E+00     0.0000E+00     0.0000E+00     0.0000E+00     0.0000E+00     0.0000E+00     0.0000E+00     0.0000E+00     0.0000E+00     0.0000E+00     0.0000E+00     0.0000E+00     0.0000E+00     0.0000E+00     0.0000E+00     0.0000E+00     0.0000E+00     0.0000E+00     0.0000E+00     0.0000E+00     0.0000E+00     0.0000E+00     0.0000E+00     0.0000E+00     0.0000E+00     0.0000E+00     0.0000E+00
    67     3     8  1982      28      28  cha028               0.0000E+00     0.0000E+00     0.0000E+00     0.0000E+00     0.0000E+00     0.0000E+00     0.0000E+00     0.0000E+00     0.0000E+00     0.0000E+00     0.0000E+00     0.0000E+00     0.0000E+00     0.0000E+00     0.0000E+00     0.0000E+00     0.0000E+00     0.0000E+00     0.0000E+00     0.0000E+00     0.0000E+00     0.0000E+00     0.0000E+00     0.0000E+00     0.0000E+00     0.0000E+00     0.0000E+00     0.0000E+00     0.0000E+00     0.0000E+00
    67     3     8  1982      29      29  cha029               0.0000E+00     0.0000E+00     0.0000E+00     0.0000E+00     0.0000E+00     0.0000E+00     0.0000E+00     0.0000E+00     0.0000E+00     0.0000E+00     0.0000E+00     0.0000E+00     0.0000E+00     0.0000E+00     0.0000E+00     0.0000E+00     0.0000E+00     0.0000E+00     0.0000E+00     0.0000E+00     0.0000E+00     0.0000E+00     0.0000E+00     0.0000E+00     0.0000E+00     0.0000E+00     0.0000E+00     0.0000E+00     0.0000E+00     0.0000E+00
    67     3     8  1982      30      30  cha030               0.0000E+00     0.0000E+00     0.0000E+00     0.0000E+00     0.0000E+00     0.0000E+00     0.0000E+00     0.0000E+00     0.0000E+00     0.0000E+00     0.0000E+00     0.0000E+00     0.0000E+00     0.0000E+00     0.0000E+00     0.0000E+00     0.0000E+00     0.0000E+00     0.0000E+00     0.0000E+00     0.0000E+00     0.0000E+00     0.0000E+00     0.0000E+00     0.0000E+00     0.0000E+00     0.0000E+00     0.0000E+00     0.0000E+00     0.0000E+00
    67     3     8  1982      31      31  cha031               0.0000E+00     0.0000E+00     0.0000E+00     0.0000E+00     0.0000E+00     0.0000E+00     0.0000E+00     0.0000E+00     0.0000E+00     0.0000E+00     0.0000E+00     0.0000E+00     0.0000E+00     0.0000E+00     0.0000E+00     0.0000E+00     0.0000E+00     0.0000E+00     0.0000E+00     0.0000E+00     0.0000E+00     0.0000E+00     0.0000E+00     0.0000E+00     0.0000E+00     0.0000E+00     0.0000E+00     0.0000E+00     0.0000E+00     0.0000E+00
    67     3     8  1982      32      32  cha032               0.0000E+00     0.0000E+00     0.0000E+00     0.0000E+00     0.0000E+00     0.0000E+00     0.0000E+00     0.0000E+00     0.0000E+00     0.0000E+00     0.0000E+00     0.0000E+00     0.0000E+00     0.0000E+00     0.0000E+00     0.0000E+00     0.0000E+00     0.0000E+00     0.0000E+00     0.0000E+00     0.0000E+00     0.0000E+00     0.0000E+00     0.0000E+00     0.0000E+00     0.0000E+00     0.0000E+00     0.0000E+00     0.0000E+00     0.0000E+00
    67     3     8  1982      33      33  cha033               0.0000E+00     0.0000E+00     0.0000E+00     0.0000E+00     0.0000E+00     0.0000E+00     0.0000E+00     0.0000E+00     0.0000E+00     0.0000E+00     0.0000E+00     0.0000E+00     0.0000E+00     0.0000E+00     0.0000E+00     0.0000E+00     0.0000E+00     0.0000E+00     0.0000E+00     0.0000E+00     0.0000E+00     0.0000E+00     0.0000E+00     0.0000E+00     0.0000E+00     0.0000E+00     0.0000E+00     0.0000E+00     0.0000E+00     0.0000E+00
    67     3     8  1982      34      34  cha034               0.0000E+00     0.0000E+00     0.0000E+00     0.0000E+00     0.0000E+00     0.0000E+00     0.0000E+00     0.0000E+00     0.0000E+00     0.0000E+00     0.0000E+00     0.0000E+00     0.0000E+00     0.0000E+00     0.0000E+00     0.0000E+00     0.0000E+00     0.0000E+00     0.0000E+00     0.0000E+00     0.0000E+00     0.0000E+00     0.0000E+00     0.0000E+00     0.0000E+00     0.0000E+00     0.0000E+00     0.0000E+00     0.0000E+00     0.0000E+00
    67     3     8  1982      35      35  cha035               0.0000E+00     0.0000E+00     0.0000E+00     0.0000E+00     0.0000E+00     0.0000E+00     0.0000E+00     0.0000E+00     0.0000E+00     0.0000E+00     0.0000E+00     0.0000E+00     0.0000E+00     0.0000E+00     0.0000E+00     0.0000E+00     0.0000E+00     0.0000E+00     0.0000E+00     0.0000E+00     0.0000E+00     0.0000E+00     0.0000E+00     0.0000E+00     0.0000E+00     0.0000E+00     0.0000E+00     0.0000E+00     0.0000E+00     0.0000E+00
    67     3     8  1982      36      36  cha036               0.0000E+00     0.0000E+00     0.0000E+00     0.0000E+00     0.0000E+00     0.0000E+00     0.0000E+00     0.0000E+00     0.0000E+00     0.0000E+00     0.0000E+00     0.0000E+00     0.0000E+00     0.0000E+00     0.0000E+00     0.0000E+00     0.0000E+00     0.0000E+00     0.0000E+00     0.0000E+00     0.0000E+00     0.0000E+00     0.0000E+00     0.0000E+00     0.0000E+00     0.0000E+00     0.0000E+00     0.0000E+00     0.0000E+00     0.0000E+00
    67     3     8  1982      37      37  cha037               0.0000E+00     0.0000E+00     0.0000E+00     0.0000E+00     0.0000E+00     0.0000E+00     0.0000E+00     0.0000E+00     0.0000E+00     0.0000E+00     0.0000E+00     0.0000E+00     0.0000E+00     0.0000E+00     0.0000E+00     0.0000E+00     0.0000E+00     0.0000E+00     0.0000E+00     0.0000E+00     0.0000E+00     0.0000E+00     0.0000E+00     0.0000E+00     0.0000E+00     0.0000E+00     0.0000E+00     0.0000E+00     0.0000E+00     0.0000E+00
    67     3     8  1982      38      38  cha038               0.0000E+00     0.0000E+00     0.0000E+00     0.0000E+00     0.0000E+00     0.0000E+00     0.0000E+00     0.0000E+00     0.0000E+00     0.0000E+00     0.0000E+00     0.0000E+00     0.0000E+00     0.0000E+00     0.0000E+00     0.0000E+00     0.0000E+00     0.0000E+00     0.0000E+00     0.0000E+00     0.0000E+00     0.0000E+00     0.0000E+00     0.0000E+00     0.0000E+00     0.0000E+00     0.0000E+00     0.0000E+00     0.0000E+00     0.0000E+00
    67     3     8  1982      39      39  cha039               0.0000E+00     0.0000E+00     0.0000E+00     0.0000E+00     0.0000E+00     0.0000E+00     0.0000E+00     0.0000E+00     0.0000E+00     0.0000E+00     0.0000E+00     0.0000E+00     0.0000E+00     0.0000E+00     0.0000E+00     0.0000E+00     0.0000E+00     0.0000E+00     0.0000E+00     0.0000E+00     0.0000E+00     0.0000E+00     0.0000E+00     0.0000E+00     0.0000E+00     0.0000E+00     0.0000E+00     0.0000E+00     0.0000E+00     0.0000E+00
    67     3     8  1982      40      40  cha040               0.0000E+00     0.0000E+00     0.0000E+00     0.0000E+00     0.0000E+00     0.0000E+00     0.0000E+00     0.0000E+00     0.0000E+00     0.0000E+00     0.0000E+00     0.0000E+00     0.0000E+00     0.0000E+00     0.0000E+00     0.0000E+00     0.0000E+00     0.0000E+00     0.0000E+00     0.0000E+00     0.0000E+00     0.0000E+00     0.0000E+00     0.0000E+00     0.0000E+00     0.0000E+00     0.0000E+00     0.0000E+00     0.0000E+00     0.0000E+00
    67     3     8  1982      41      41  cha041               0.0000E+00     0.0000E+00     0.0000E+00     0.0000E+00     0.0000E+00     0.0000E+00     0.0000E+00     0.0000E+00     0.0000E+00     0.0000E+00     0.0000E+00     0.0000E+00     0.0000E+00     0.0000E+00     0.0000E+00     0.0000E+00     0.0000E+00     0.0000E+00     0.0000E+00     0.0000E+00     0.0000E+00     0.0000E+00     0.0000E+00     0.0000E+00     0.0000E+00     0.0000E+00     0.0000E+00     0.0000E+00     0.0000E+00     0.0000E+00
    67     3     8  1982      42      42  cha042               0.0000E+00     0.0000E+00     0.0000E+00     0.0000E+00     0.0000E+00     0.0000E+00     0.0000E+00     0.0000E+00     0.0000E+00     0.0000E+00     0.0000E+00     0.0000E+00     0.0000E+00     0.0000E+00     0.0000E+00     0.0000E+00     0.0000E+00     0.0000E+00     0.0000E+00     0.0000E+00     0.0000E+00     0.0000E+00     0.0000E+00     0.0000E+00     0.0000E+00     0.0000E+00     0.0000E+00     0.0000E+00     0.0000E+00     0.0000E+00
    67     3     8  1982      43      43  cha043               0.0000E+00     0.0000E+00     0.0000E+00     0.0000E+00     0.0000E+00     0.0000E+00     0.0000E+00     0.0000E+00     0.0000E+00     0.0000E+00     0.0000E+00     0.0000E+00     0.0000E+00     0.0000E+00     0.0000E+00     0.0000E+00     0.0000E+00     0.0000E+00     0.0000E+00     0.0000E+00     0.0000E+00     0.0000E+00     0.0000E+00     0.0000E+00     0.0000E+00     0.0000E+00     0.0000E+00     0.0000E+00     0.0000E+00     0.0000E+00
    67     3     8  1982      44      44  cha044               0.0000E+00     0.0000E+00     0.0000E+00     0.0000E+00     0.0000E+00     0.0000E+00     0.0000E+00     0.0000E+00     0.0000E+00     0.0000E+00     0.0000E+00     0.0000E+00     0.0000E+00     0.0000E+00     0.0000E+00     0.0000E+00     0.0000E+00     0.0000E+00     0.0000E+00     0.0000E+00     0.0000E+00     0.0000E+00     0.0000E+00     0.0000E+00     0.0000E+00     0.0000E+00     0.0000E+00     0.0000E+00     0.0000E+00     0.0000E+00
    67     3     8  1982      45      45  cha045               0.0000E+00     0.0000E+00     0.0000E+00     0.0000E+00     0.0000E+00     0.0000E+00     0.0000E+00     0.0000E+00     0.0000E+00     0.0000E+00     0.0000E+00     0.0000E+00     0.0000E+00     0.0000E+00     0.0000E+00     0.0000E+00     0.0000E+00     0.0000E+00     0.0000E+00     0.0000E+00     0.0000E+00     0.0000E+00     0.0000E+00     0.0000E+00     0.0000E+00     0.0000E+00     0.0000E+00     0.0000E+00     0.0000E+00     0.0000E+00
    67     3     8  1982      46      46  cha046               0.0000E+00     0.0000E+00     0.0000E+00     0.0000E+00     0.0000E+00     0.0000E+00     0.0000E+00     0.0000E+00     0.0000E+00     0.0000E+00     0.0000E+00     0.0000E+00     0.0000E+00     0.0000E+00     0.0000E+00     0.0000E+00     0.0000E+00     0.0000E+00     0.0000E+00     0.0000E+00     0.0000E+00     0.0000E+00     0.0000E+00     0.0000E+00     0.0000E+00     0.0000E+00     0.0000E+00     0.0000E+00     0.0000E+00     0.0000E+00
    67     3     8  1982      47      47  cha047               0.0000E+00     0.0000E+00     0.0000E+00     0.0000E+00     0.0000E+00     0.0000E+00     0.0000E+00     0.0000E+00     0.0000E+00     0.0000E+00     0.0000E+00     0.0000E+00     0.0000E+00     0.0000E+00     0.0000E+00     0.0000E+00     0.0000E+00     0.0000E+00     0.0000E+00     0.0000E+00     0.0000E+00     0.0000E+00     0.0000E+00     0.0000E+00     0.0000E+00     0.0000E+00     0.0000E+00     0.0000E+00     0.0000E+00     0.0000E+00
    67     3     8  1982      48      48  cha048               0.0000E+00     0.0000E+00     0.0000E+00     0.0000E+00     0.0000E+00     0.0000E+00     0.0000E+00     0.0000E+00     0.0000E+00     0.0000E+00     0.0000E+00     0.0000E+00     0.0000E+00     0.0000E+00     0.0000E+00     0.0000E+00     0.0000E+00     0.0000E+00     0.0000E+00     0.0000E+00     0.0000E+00     0.0000E+00     0.0000E+00     0.0000E+00     0.0000E+00     0.0000E+00     0.0000E+00     0.0000E+00     0.0000E+00     0.0000E+00
    67     3     8  1982      49      49  cha049               0.0000E+00     0.0000E+00     0.0000E+00     0.0000E+00     0.0000E+00     0.0000E+00     0.0000E+00     0.0000E+00     0.0000E+00     0.0000E+00     0.0000E+00     0.0000E+00     0.0000E+00     0.0000E+00     0.0000E+00     0.0000E+00     0.0000E+00     0.0000E+00     0.0000E+00     0.0000E+00     0.0000E+00     0.0000E+00     0.0000E+00     0.0000E+00     0.0000E+00     0.0000E+00     0.0000E+00     0.0000E+00     0.0000E+00     0.0000E+00
    67     3     8  1982      50      50  cha050               0.0000E+00     0.0000E+00     0.0000E+00     0.0000E+00     0.0000E+00     0.0000E+00     0.0000E+00     0.0000E+00     0.0000E+00     0.0000E+00     0.0000E+00     0.0000E+00     0.0000E+00     0.0000E+00     0.0000E+00     0.0000E+00     0.0000E+00     0.0000E+00     0.0000E+00     0.0000E+00     0.0000E+00     0.0000E+00     0.0000E+00     0.0000E+00     0.0000E+00     0.0000E+00     0.0000E+00     0.0000E+00     0.0000E+00     0.0000E+00
    67     3     8  1982      51      51  cha051               0.0000E+00     0.0000E+00     0.0000E+00     0.0000E+00     0.0000E+00     0.0000E+00     0.0000E+00     0.0000E+00     0.0000E+00     0.0000E+00     0.0000E+00     0.0000E+00     0.0000E+00     0.0000E+00     0.0000E+00     0.0000E+00     0.0000E+00     0.0000E+00     0.0000E+00     0.0000E+00     0.0000E+00     0.0000E+00     0.0000E+00     0.0000E+00     0.0000E+00     0.0000E+00     0.0000E+00     0.0000E+00     0.0000E+00     0.0000E+00
    67     3     8  1982      52      52  cha052               0.0000E+00     0.0000E+00     0.0000E+00     0.0000E+00     0.0000E+00     0.0000E+00     0.0000E+00     0.0000E+00     0.0000E+00     0.0000E+00     0.0000E+00     0.0000E+00     0.0000E+00     0.0000E+00     0.0000E+00     0.0000E+00     0.0000E+00     0.0000E+00     0.0000E+00     0.0000E+00     0.0000E+00     0.0000E+00     0.0000E+00     0.0000E+00     0.0000E+00     0.0000E+00     0.0000E+00     0.0000E+00     0.0000E+00     0.0000E+00
    67     3     8  1982      53      53  cha053               0.0000E+00     0.0000E+00     0.0000E+00     0.0000E+00     0.0000E+00     0.0000E+00     0.0000E+00     0.0000E+00     0.0000E+00     0.0000E+00     0.0000E+00     0.0000E+00     0.0000E+00     0.0000E+00     0.0000E+00     0.0000E+00     0.0000E+00     0.0000E+00     0.0000E+00     0.0000E+00     0.0000E+00     0.0000E+00     0.0000E+00     0.0000E+00     0.0000E+00     0.0000E+00     0.0000E+00     0.0000E+00     0.0000E+00     0.0000E+00
    67     3     8  1982      54      54  cha054               0.0000E+00     0.0000E+00     0.0000E+00     0.0000E+00     0.0000E+00     0.0000E+00     0.0000E+00     0.0000E+00     0.0000E+00     0.0000E+00     0.0000E+00     0.0000E+00     0.0000E+00     0.0000E+00     0.0000E+00     0.0000E+00     0.0000E+00     0.0000E+00     0.0000E+00     0.0000E+00     0.0000E+00     0.0000E+00     0.0000E+00     0.0000E+00     0.0000E+00     0.0000E+00     0.0000E+00     0.0000E+00     0.0000E+00     0.0000E+00
    67     3     8  1982      55      55  cha055               0.0000E+00     0.0000E+00     0.0000E+00     0.0000E+00     0.0000E+00     0.0000E+00     0.0000E+00     0.0000E+00     0.0000E+00     0.0000E+00     0.0000E+00     0.0000E+00     0.0000E+00     0.0000E+00     0.0000E+00     0.0000E+00     0.0000E+00     0.0000E+00     0.0000E+00     0.0000E+00     0.0000E+00     0.0000E+00     0.0000E+00     0.0000E+00     0.0000E+00     0.0000E+00     0.0000E+00     0.0000E+00     0.0000E+00     0.0000E+00
    67     3     8  1982      56      56  cha056               0.0000E+00     0.0000E+00     0.0000E+00     0.0000E+00     0.0000E+00     0.0000E+00     0.0000E+00     0.0000E+00     0.0000E+00     0.0000E+00     0.0000E+00     0.0000E+00     0.0000E+00     0.0000E+00     0.0000E+00     0.0000E+00     0.0000E+00     0.0000E+00     0.0000E+00     0.0000E+00     0.0000E+00     0.0000E+00     0.0000E+00     0.0000E+00     0.0000E+00     0.0000E+00     0.0000E+00     0.0000E+00     0.0000E+00     0.0000E+00
    67     3     8  1982      57      57  cha057               0.0000E+00     0.0000E+00     0.0000E+00     0.0000E+00     0.0000E+00     0.0000E+00     0.0000E+00     0.0000E+00     0.0000E+00     0.0000E+00     0.0000E+00     0.0000E+00     0.0000E+00     0.0000E+00     0.0000E+00     0.0000E+00     0.0000E+00     0.0000E+00     0.0000E+00     0.0000E+00     0.0000E+00     0.0000E+00     0.0000E+00     0.0000E+00     0.0000E+00     0.0000E+00     0.0000E+00     0.0000E+00     0.0000E+00     0.0000E+00
    67     3     8  1982      58      58  cha058               0.0000E+00     0.0000E+00     0.0000E+00     0.0000E+00     0.0000E+00     0.0000E+00     0.0000E+00     0.0000E+00     0.0000E+00     0.0000E+00     0.0000E+00     0.0000E+00     0.0000E+00     0.0000E+00     0.0000E+00     0.0000E+00     0.0000E+00     0.0000E+00     0.0000E+00     0.0000E+00     0.0000E+00     0.0000E+00     0.0000E+00     0.0000E+00     0.0000E+00     0.0000E+00     0.0000E+00     0.0000E+00     0.0000E+00     0.0000E+00
    67     3     8  1982      59      59  cha059               0.0000E+00     0.0000E+00     0.0000E+00     0.0000E+00     0.0000E+00     0.0000E+00     0.0000E+00     0.0000E+00     0.0000E+00     0.0000E+00     0.0000E+00     0.0000E+00     0.0000E+00     0.0000E+00     0.0000E+00     0.0000E+00     0.0000E+00     0.0000E+00     0.0000E+00     0.0000E+00     0.0000E+00     0.0000E+00     0.0000E+00     0.0000E+00     0.0000E+00     0.0000E+00     0.0000E+00     0.0000E+00     0.0000E+00     0.0000E+00
    67     3     8  1982      60      60  cha060               0.0000E+00     0.0000E+00     0.0000E+00     0.0000E+00     0.0000E+00     0.0000E+00     0.0000E+00     0.0000E+00     0.0000E+00     0.0000E+00     0.0000E+00     0.0000E+00     0.0000E+00     0.0000E+00     0.0000E+00     0.0000E+00     0.0000E+00     0.0000E+00     0.0000E+00     0.0000E+00     0.0000E+00     0.0000E+00     0.0000E+00     0.0000E+00     0.0000E+00     0.0000E+00     0.0000E+00     0.0000E+00     0.0000E+00     0.0000E+00
    67     3     8  1982      61      61  cha061               0.0000E+00     0.0000E+00     0.0000E+00     0.0000E+00     0.0000E+00     0.0000E+00     0.0000E+00     0.0000E+00     0.0000E+00     0.0000E+00     0.0000E+00     0.0000E+00     0.0000E+00     0.0000E+00     0.0000E+00     0.0000E+00     0.0000E+00     0.0000E+00     0.0000E+00     0.0000E+00     0.0000E+00     0.0000E+00     0.0000E+00     0.0000E+00     0.0000E+00     0.0000E+00     0.0000E+00     0.0000E+00     0.0000E+00     0.0000E+00
    67     3     8  1982      62      62  cha062               0.0000E+00     0.0000E+00     0.0000E+00     0.0000E+00     0.0000E+00     0.0000E+00     0.0000E+00     0.0000E+00     0.0000E+00     0.0000E+00     0.0000E+00     0.0000E+00     0.0000E+00     0.0000E+00     0.0000E+00     0.0000E+00     0.0000E+00     0.0000E+00     0.0000E+00     0.0000E+00     0.0000E+00     0.0000E+00     0.0000E+00     0.0000E+00     0.0000E+00     0.0000E+00     0.0000E+00     0.0000E+00     0.0000E+00     0.0000E+00
    67     3     8  1982      63      63  cha063               0.0000E+00     0.0000E+00     0.0000E+00     0.0000E+00     0.0000E+00     0.0000E+00     0.0000E+00     0.0000E+00     0.0000E+00     0.0000E+00     0.0000E+00     0.0000E+00     0.0000E+00     0.0000E+00     0.0000E+00     0.0000E+00     0.0000E+00     0.0000E+00     0.0000E+00     0.0000E+00     0.0000E+00     0.0000E+00     0.0000E+00     0.0000E+00     0.0000E+00     0.0000E+00     0.0000E+00     0.0000E+00     0.0000E+00     0.0000E+00
    67     3     8  1982      64      64  cha064               0.0000E+00     0.0000E+00     0.0000E+00     0.0000E+00     0.0000E+00     0.0000E+00     0.0000E+00     0.0000E+00     0.0000E+00     0.0000E+00     0.0000E+00     0.0000E+00     0.0000E+00     0.0000E+00     0.0000E+00     0.0000E+00     0.0000E+00     0.0000E+00     0.0000E+00     0.0000E+00     0.0000E+00     0.0000E+00     0.0000E+00     0.0000E+00     0.0000E+00     0.0000E+00     0.0000E+00     0.0000E+00     0.0000E+00     0.0000E+00
    67     3     8  1982      65      65  cha065               0.0000E+00     0.0000E+00     0.0000E+00     0.0000E+00     0.0000E+00     0.0000E+00     0.0000E+00     0.0000E+00     0.0000E+00     0.0000E+00     0.0000E+00     0.0000E+00     0.0000E+00     0.0000E+00     0.0000E+00     0.0000E+00     0.0000E+00     0.0000E+00     0.0000E+00     0.0000E+00     0.0000E+00     0.0000E+00     0.0000E+00     0.0000E+00     0.0000E+00     0.0000E+00     0.0000E+00     0.0000E+00     0.0000E+00     0.0000E+00
    67     3     8  1982      66      66  cha066               0.0000E+00     0.0000E+00     0.0000E+00     0.0000E+00     0.0000E+00     0.0000E+00     0.0000E+00     0.0000E+00     0.0000E+00     0.0000E+00     0.0000E+00     0.0000E+00     0.0000E+00     0.0000E+00     0.0000E+00     0.0000E+00     0.0000E+00     0.0000E+00     0.0000E+00     0.0000E+00     0.0000E+00     0.0000E+00     0.0000E+00     0.0000E+00     0.0000E+00     0.0000E+00     0.0000E+00     0.0000E+00     0.0000E+00     0.0000E+00
    67     3     8  1982      67      67  cha067               0.0000E+00     0.0000E+00     0.0000E+00     0.0000E+00     0.0000E+00     0.0000E+00     0.0000E+00     0.0000E+00     0.0000E+00     0.0000E+00     0.0000E+00     0.0000E+00     0.0000E+00     0.0000E+00     0.0000E+00     0.0000E+00     0.0000E+00     0.0000E+00     0.0000E+00     0.0000E+00     0.0000E+00     0.0000E+00     0.0000E+00     0.0000E+00     0.0000E+00     0.0000E+00     0.0000E+00     0.0000E+00     0.0000E+00     0.0000E+00
    67     3     8  1982      68      68  cha068               0.0000E+00     0.0000E+00     0.0000E+00     0.0000E+00     0.0000E+00     0.0000E+00     0.0000E+00     0.0000E+00     0.0000E+00     0.0000E+00     0.0000E+00     0.0000E+00     0.0000E+00     0.0000E+00     0.0000E+00     0.0000E+00     0.0000E+00     0.0000E+00     0.0000E+00     0.0000E+00     0.0000E+00     0.0000E+00     0.0000E+00     0.0000E+00     0.0000E+00     0.0000E+00     0.0000E+00     0.0000E+00     0.0000E+00     0.0000E+00
    67     3     8  1982      69      69  cha069               0.0000E+00     0.0000E+00     0.0000E+00     0.0000E+00     0.0000E+00     0.0000E+00     0.0000E+00     0.0000E+00     0.0000E+00     0.0000E+00     0.0000E+00     0.0000E+00     0.0000E+00     0.0000E+00     0.0000E+00     0.0000E+00     0.0000E+00     0.0000E+00     0.0000E+00     0.0000E+00     0.0000E+00     0.0000E+00     0.0000E+00     0.0000E+00     0.0000E+00     0.0000E+00     0.0000E+00     0.0000E+00     0.0000E+00     0.0000E+00
    67     3     8  1982      70      70  cha070               0.0000E+00     0.0000E+00     0.0000E+00     0.0000E+00     0.0000E+00     0.0000E+00     0.0000E+00     0.0000E+00     0.0000E+00     0.0000E+00     0.0000E+00     0.0000E+00     0.0000E+00     0.0000E+00     0.0000E+00     0.0000E+00     0.0000E+00     0.0000E+00     0.0000E+00     0.0000E+00     0.0000E+00     0.0000E+00     0.0000E+00     0.0000E+00     0.0000E+00     0.0000E+00     0.0000E+00     0.0000E+00     0.0000E+00     0.0000E+00
    67     3     8  1982      71      71  cha071               0.0000E+00     0.0000E+00     0.0000E+00     0.0000E+00     0.0000E+00     0.0000E+00     0.0000E+00     0.0000E+00     0.0000E+00     0.0000E+00     0.0000E+00     0.0000E+00     0.0000E+00     0.0000E+00     0.0000E+00     0.0000E+00     0.0000E+00     0.0000E+00     0.0000E+00     0.0000E+00     0.0000E+00     0.0000E+00     0.0000E+00     0.0000E+00     0.0000E+00     0.0000E+00     0.0000E+00     0.0000E+00     0.0000E+00     0.0000E+00
    67     3     8  1982      72      72  cha072               0.0000E+00     0.0000E+00     0.0000E+00     0.0000E+00     0.0000E+00     0.0000E+00     0.0000E+00     0.0000E+00     0.0000E+00     0.0000E+00     0.0000E+00     0.0000E+00     0.0000E+00     0.0000E+00     0.0000E+00     0.0000E+00     0.0000E+00     0.0000E+00     0.0000E+00     0.0000E+00     0.0000E+00     0.0000E+00     0.0000E+00     0.0000E+00     0.0000E+00     0.0000E+00     0.0000E+00     0.0000E+00     0.0000E+00     0.0000E+00
    67     3     8  1982      73      73  cha073               0.0000E+00     0.0000E+00     0.0000E+00     0.0000E+00     0.0000E+00     0.0000E+00     0.0000E+00     0.0000E+00     0.0000E+00     0.0000E+00     0.0000E+00     0.0000E+00     0.0000E+00     0.0000E+00     0.0000E+00     0.0000E+00     0.0000E+00     0.0000E+00     0.0000E+00     0.0000E+00     0.0000E+00     0.0000E+00     0.0000E+00     0.0000E+00     0.0000E+00     0.0000E+00     0.0000E+00     0.0000E+00     0.0000E+00     0.0000E+00
    67     3     8  1982      74      74  cha074               0.0000E+00     0.0000E+00     0.0000E+00     0.0000E+00     0.0000E+00     0.0000E+00     0.0000E+00     0.0000E+00     0.0000E+00     0.0000E+00     0.0000E+00     0.0000E+00     0.0000E+00     0.0000E+00     0.0000E+00     0.0000E+00     0.0000E+00     0.0000E+00     0.0000E+00     0.0000E+00     0.0000E+00     0.0000E+00     0.0000E+00     0.0000E+00     0.0000E+00     0.0000E+00     0.0000E+00     0.0000E+00     0.0000E+00     0.0000E+00
    67     3     8  1982      75      75  cha075               0.0000E+00     0.0000E+00     0.0000E+00     0.0000E+00     0.0000E+00     0.0000E+00     0.0000E+00     0.0000E+00     0.0000E+00     0.0000E+00     0.0000E+00     0.0000E+00     0.0000E+00     0.0000E+00     0.0000E+00     0.0000E+00     0.0000E+00     0.0000E+00     0.0000E+00     0.0000E+00     0.0000E+00     0.0000E+00     0.0000E+00     0.0000E+00     0.0000E+00     0.0000E+00     0.0000E+00     0.0000E+00     0.0000E+00     0.0000E+00
    67     3     8  1982      76      76  cha076               0.0000E+00     0.0000E+00     0.0000E+00     0.0000E+00     0.0000E+00     0.0000E+00     0.0000E+00     0.0000E+00     0.0000E+00     0.0000E+00     0.0000E+00     0.0000E+00     0.0000E+00     0.0000E+00     0.0000E+00     0.0000E+00     0.0000E+00     0.0000E+00     0.0000E+00     0.0000E+00     0.0000E+00     0.0000E+00     0.0000E+00     0.0000E+00     0.0000E+00     0.0000E+00     0.0000E+00     0.0000E+00     0.0000E+00     0.0000E+00
    67     3     8  1982      77      77  cha077               0.0000E+00     0.0000E+00     0.0000E+00     0.0000E+00     0.0000E+00     0.0000E+00     0.0000E+00     0.0000E+00     0.0000E+00     0.0000E+00     0.0000E+00     0.0000E+00     0.0000E+00     0.0000E+00     0.0000E+00     0.0000E+00     0.0000E+00     0.0000E+00     0.0000E+00     0.0000E+00     0.0000E+00     0.0000E+00     0.0000E+00     0.0000E+00     0.0000E+00     0.0000E+00     0.0000E+00     0.0000E+00     0.0000E+00     0.0000E+00
    67     3     8  1982      78      78  cha078               0.0000E+00     0.0000E+00     0.0000E+00     0.0000E+00     0.0000E+00     0.0000E+00     0.0000E+00     0.0000E+00     0.0000E+00     0.0000E+00     0.0000E+00     0.0000E+00     0.0000E+00     0.0000E+00     0.0000E+00     0.0000E+00     0.0000E+00     0.0000E+00     0.0000E+00     0.0000E+00     0.0000E+00     0.0000E+00     0.0000E+00     0.0000E+00     0.0000E+00     0.0000E+00     0.0000E+00     0.0000E+00     0.0000E+00     0.0000E+00
    67     3     8  1982      79      79  cha079               0.0000E+00     0.0000E+00     0.0000E+00     0.0000E+00     0.0000E+00     0.0000E+00     0.0000E+00     0.0000E+00     0.0000E+00     0.0000E+00     0.0000E+00     0.0000E+00     0.0000E+00     0.0000E+00     0.0000E+00     0.0000E+00     0.0000E+00     0.0000E+00     0.0000E+00     0.0000E+00     0.0000E+00     0.0000E+00     0.0000E+00     0.0000E+00     0.0000E+00     0.0000E+00     0.0000E+00     0.0000E+00     0.0000E+00     0.0000E+00
    67     3     8  1982      80      80  cha080               0.0000E+00     0.0000E+00     0.0000E+00     0.0000E+00     0.0000E+00     0.0000E+00     0.0000E+00     0.0000E+00     0.0000E+00     0.0000E+00     0.0000E+00     0.0000E+00     0.0000E+00     0.0000E+00     0.0000E+00     0.0000E+00     0.0000E+00     0.0000E+00     0.0000E+00     0.0000E+00     0.0000E+00     0.0000E+00     0.0000E+00     0.0000E+00     0.0000E+00     0.0000E+00     0.0000E+00     0.0000E+00     0.0000E+00     0.0000E+00
    67     3     8  1982      81      81  cha081               0.0000E+00     0.0000E+00     0.0000E+00     0.0000E+00     0.0000E+00     0.0000E+00     0.0000E+00     0.0000E+00     0.0000E+00     0.0000E+00     0.0000E+00     0.0000E+00     0.0000E+00     0.0000E+00     0.0000E+00     0.0000E+00     0.0000E+00     0.0000E+00     0.0000E+00     0.0000E+00     0.0000E+00     0.0000E+00     0.0000E+00     0.0000E+00     0.0000E+00     0.0000E+00     0.0000E+00     0.0000E+00     0.0000E+00     0.0000E+00
    67     3     8  1982      82      82  cha082               0.0000E+00     0.0000E+00     0.0000E+00     0.0000E+00     0.0000E+00     0.0000E+00     0.0000E+00     0.0000E+00     0.0000E+00     0.0000E+00     0.0000E+00     0.0000E+00     0.0000E+00     0.0000E+00     0.0000E+00     0.0000E+00     0.0000E+00     0.0000E+00     0.0000E+00     0.0000E+00     0.0000E+00     0.0000E+00     0.0000E+00     0.0000E+00     0.0000E+00     0.0000E+00     0.0000E+00     0.0000E+00     0.0000E+00     0.0000E+00
    67     3     8  1982      83      83  cha083               0.0000E+00     0.0000E+00     0.0000E+00     0.0000E+00     0.0000E+00     0.0000E+00     0.0000E+00     0.0000E+00     0.0000E+00     0.0000E+00     0.0000E+00     0.0000E+00     0.0000E+00     0.0000E+00     0.0000E+00     0.0000E+00     0.0000E+00     0.0000E+00     0.0000E+00     0.0000E+00     0.0000E+00     0.0000E+00     0.0000E+00     0.0000E+00     0.0000E+00     0.0000E+00     0.0000E+00     0.0000E+00     0.0000E+00     0.0000E+00
    67     3     8  1982      84      84  cha084               0.0000E+00     0.0000E+00     0.0000E+00     0.0000E+00     0.0000E+00     0.0000E+00     0.0000E+00     0.0000E+00     0.0000E+00     0.0000E+00     0.0000E+00     0.0000E+00     0.0000E+00     0.0000E+00     0.0000E+00     0.0000E+00     0.0000E+00     0.0000E+00     0.0000E+00     0.0000E+00     0.0000E+00     0.0000E+00     0.0000E+00     0.0000E+00     0.0000E+00     0.0000E+00     0.0000E+00     0.0000E+00     0.0000E+00     0.0000E+00
    67     3     8  1982      85      85  cha085               0.0000E+00     0.0000E+00     0.0000E+00     0.0000E+00     0.0000E+00     0.0000E+00     0.0000E+00     0.0000E+00     0.0000E+00     0.0000E+00     0.0000E+00     0.0000E+00     0.0000E+00     0.0000E+00     0.0000E+00     0.0000E+00     0.0000E+00     0.0000E+00     0.0000E+00     0.0000E+00     0.0000E+00     0.0000E+00     0.0000E+00     0.0000E+00     0.0000E+00     0.0000E+00     0.0000E+00     0.0000E+00     0.0000E+00     0.0000E+00
    67     3     8  1982      86      86  cha086               0.0000E+00     0.0000E+00     0.0000E+00     0.0000E+00     0.0000E+00     0.0000E+00     0.0000E+00     0.0000E+00     0.0000E+00     0.0000E+00     0.0000E+00     0.0000E+00     0.0000E+00     0.0000E+00     0.0000E+00     0.0000E+00     0.0000E+00     0.0000E+00     0.0000E+00     0.0000E+00     0.0000E+00     0.0000E+00     0.0000E+00     0.0000E+00     0.0000E+00     0.0000E+00     0.0000E+00     0.0000E+00     0.0000E+00     0.0000E+00
    67     3     8  1982      87      87  cha087               0.0000E+00     0.0000E+00     0.0000E+00     0.0000E+00     0.0000E+00     0.0000E+00     0.0000E+00     0.0000E+00     0.0000E+00     0.0000E+00     0.0000E+00     0.0000E+00     0.0000E+00     0.0000E+00     0.0000E+00     0.0000E+00     0.0000E+00     0.0000E+00     0.0000E+00     0.0000E+00     0.0000E+00     0.0000E+00     0.0000E+00     0.0000E+00     0.0000E+00     0.0000E+00     0.0000E+00     0.0000E+00     0.0000E+00     0.0000E+00
    67     3     8  1982      88      88  cha088               0.0000E+00     0.0000E+00     0.0000E+00     0.0000E+00     0.0000E+00     0.0000E+00     0.0000E+00     0.0000E+00     0.0000E+00     0.0000E+00     0.0000E+00     0.0000E+00     0.0000E+00     0.0000E+00     0.0000E+00     0.0000E+00     0.0000E+00     0.0000E+00     0.0000E+00     0.0000E+00     0.0000E+00     0.0000E+00     0.0000E+00     0.0000E+00     0.0000E+00     0.0000E+00     0.0000E+00     0.0000E+00     0.0000E+00     0.0000E+00
    67     3     8  1982      89      89  cha089               0.0000E+00     0.0000E+00     0.0000E+00     0.0000E+00     0.0000E+00     0.0000E+00     0.0000E+00     0.0000E+00     0.0000E+00     0.0000E+00     0.0000E+00     0.0000E+00     0.0000E+00     0.0000E+00     0.0000E+00     0.0000E+00     0.0000E+00     0.0000E+00     0.0000E+00     0.0000E+00     0.0000E+00     0.0000E+00     0.0000E+00     0.0000E+00     0.0000E+00     0.0000E+00     0.0000E+00     0.0000E+00     0.0000E+00     0.0000E+00
    67     3     8  1982      90      90  cha090               0.0000E+00     0.0000E+00     0.0000E+00     0.0000E+00     0.0000E+00     0.0000E+00     0.0000E+00     0.0000E+00     0.0000E+00     0.0000E+00     0.0000E+00     0.0000E+00     0.0000E+00     0.0000E+00     0.0000E+00     0.0000E+00     0.0000E+00     0.0000E+00     0.0000E+00     0.0000E+00     0.0000E+00     0.0000E+00     0.0000E+00     0.0000E+00     0.0000E+00     0.0000E+00     0.0000E+00     0.0000E+00     0.0000E+00     0.0000E+00
    67     3     8  1982      91      91  cha091               0.0000E+00     0.0000E+00     0.0000E+00     0.0000E+00     0.0000E+00     0.0000E+00     0.0000E+00     0.0000E+00     0.0000E+00     0.0000E+00     0.0000E+00     0.0000E+00     0.0000E+00     0.0000E+00     0.0000E+00     0.0000E+00     0.0000E+00     0.0000E+00     0.0000E+00     0.0000E+00     0.0000E+00     0.0000E+00     0.0000E+00     0.0000E+00     0.0000E+00     0.0000E+00     0.0000E+00     0.0000E+00     0.0000E+00     0.0000E+00
    67     3     8  1982      92      92  cha092               0.0000E+00     0.0000E+00     0.0000E+00     0.0000E+00     0.0000E+00     0.0000E+00     0.0000E+00     0.0000E+00     0.0000E+00     0.0000E+00     0.0000E+00     0.0000E+00     0.0000E+00     0.0000E+00     0.0000E+00     0.0000E+00     0.0000E+00     0.0000E+00     0.0000E+00     0.0000E+00     0.0000E+00     0.0000E+00     0.0000E+00     0.0000E+00     0.0000E+00     0.0000E+00     0.0000E+00     0.0000E+00     0.0000E+00     0.0000E+00
    67     3     8  1982      93      93  cha093               0.0000E+00     0.0000E+00     0.0000E+00     0.0000E+00     0.0000E+00     0.0000E+00     0.0000E+00     0.0000E+00     0.0000E+00     0.0000E+00     0.0000E+00     0.0000E+00     0.0000E+00     0.0000E+00     0.0000E+00     0.0000E+00     0.0000E+00     0.0000E+00     0.0000E+00     0.0000E+00     0.0000E+00     0.0000E+00     0.0000E+00     0.0000E+00     0.0000E+00     0.0000E+00     0.0000E+00     0.0000E+00     0.0000E+00     0.0000E+00
    67     3     8  1982      94      94  cha094               0.0000E+00     0.0000E+00     0.0000E+00     0.0000E+00     0.0000E+00     0.0000E+00     0.0000E+00     0.0000E+00     0.0000E+00     0.0000E+00     0.0000E+00     0.0000E+00     0.0000E+00     0.0000E+00     0.0000E+00     0.0000E+00     0.0000E+00     0.0000E+00     0.0000E+00     0.0000E+00     0.0000E+00     0.0000E+00     0.0000E+00     0.0000E+00     0.0000E+00     0.0000E+00     0.0000E+00     0.0000E+00     0.0000E+00     0.0000E+00
    67     3     8  1982      95      95  cha095               0.0000E+00     0.0000E+00     0.0000E+00     0.0000E+00     0.0000E+00     0.0000E+00     0.0000E+00     0.0000E+00     0.0000E+00     0.0000E+00     0.0000E+00     0.0000E+00     0.0000E+00     0.0000E+00     0.0000E+00     0.0000E+00     0.0000E+00     0.0000E+00     0.0000E+00     0.0000E+00     0.0000E+00     0.0000E+00     0.0000E+00     0.0000E+00     0.0000E+00     0.0000E+00     0.0000E+00     0.0000E+00     0.0000E+00     0.0000E+00
    67     3     8  1982      96      96  cha096               0.0000E+00     0.0000E+00     0.0000E+00     0.0000E+00     0.0000E+00     0.0000E+00     0.0000E+00     0.0000E+00     0.0000E+00     0.0000E+00     0.0000E+00     0.0000E+00     0.0000E+00     0.0000E+00     0.0000E+00     0.0000E+00     0.0000E+00     0.0000E+00     0.0000E+00     0.0000E+00     0.0000E+00     0.0000E+00     0.0000E+00     0.0000E+00     0.0000E+00     0.0000E+00     0.0000E+00     0.0000E+00     0.0000E+00     0.0000E+00
    67     3     8  1982      97      97  cha097               0.0000E+00     0.0000E+00     0.0000E+00     0.0000E+00     0.0000E+00     0.0000E+00     0.0000E+00     0.0000E+00     0.0000E+00     0.0000E+00     0.0000E+00     0.0000E+00     0.0000E+00     0.0000E+00     0.0000E+00     0.0000E+00     0.0000E+00     0.0000E+00     0.0000E+00     0.0000E+00     0.0000E+00     0.0000E+00     0.0000E+00     0.0000E+00     0.0000E+00     0.0000E+00     0.0000E+00     0.0000E+00     0.0000E+00     0.0000E+00
    67     3     8  1982      98      98  cha098               0.0000E+00     0.0000E+00     0.0000E+00     0.0000E+00     0.0000E+00     0.0000E+00     0.0000E+00     0.0000E+00     0.0000E+00     0.0000E+00     0.0000E+00     0.0000E+00     0.0000E+00     0.0000E+00     0.0000E+00     0.0000E+00     0.0000E+00     0.0000E+00     0.0000E+00     0.0000E+00     0.0000E+00     0.0000E+00     0.0000E+00     0.0000E+00     0.0000E+00     0.0000E+00     0.0000E+00     0.0000E+00     0.0000E+00     0.0000E+00
    67     3     8  1982      99      99  cha099               0.0000E+00     0.0000E+00     0.0000E+00     0.0000E+00     0.0000E+00     0.0000E+00     0.0000E+00     0.0000E+00     0.0000E+00     0.0000E+00     0.0000E+00     0.0000E+00     0.0000E+00     0.0000E+00     0.0000E+00     0.0000E+00     0.0000E+00     0.0000E+00     0.0000E+00     0.0000E+00     0.0000E+00     0.0000E+00     0.0000E+00     0.0000E+00     0.0000E+00     0.0000E+00     0.0000E+00     0.0000E+00     0.0000E+00     0.0000E+00
    67     3     8  1982     100     100  cha100               0.0000E+00     0.0000E+00     0.0000E+00     0.0000E+00     0.0000E+00     0.0000E+00     0.0000E+00     0.0000E+00     0.0000E+00     0.0000E+00     0.0000E+00     0.0000E+00     0.0000E+00     0.0000E+00     0.0000E+00     0.0000E+00     0.0000E+00     0.0000E+00     0.0000E+00     0.0000E+00     0.0000E+00     0.0000E+00     0.0000E+00     0.0000E+00     0.0000E+00     0.0000E+00     0.0000E+00     0.0000E+00     0.0000E+00     0.0000E+00
    67     3     8  1982     101     101  cha101               0.0000E+00     0.0000E+00     0.0000E+00     0.0000E+00     0.0000E+00     0.0000E+00     0.0000E+00     0.0000E+00     0.0000E+00     0.0000E+00     0.0000E+00     0.0000E+00     0.0000E+00     0.0000E+00     0.0000E+00     0.0000E+00     0.0000E+00     0.0000E+00     0.0000E+00     0.0000E+00     0.0000E+00     0.0000E+00     0.0000E+00     0.0000E+00     0.0000E+00     0.0000E+00     0.0000E+00     0.0000E+00     0.0000E+00     0.0000E+00
    67     3     8  1982     102     102  cha102               0.0000E+00     0.0000E+00     0.0000E+00     0.0000E+00     0.0000E+00     0.0000E+00     0.0000E+00     0.0000E+00     0.0000E+00     0.0000E+00     0.0000E+00     0.0000E+00     0.0000E+00     0.0000E+00     0.0000E+00     0.0000E+00     0.0000E+00     0.0000E+00     0.0000E+00     0.0000E+00     0.0000E+00     0.0000E+00     0.0000E+00     0.0000E+00     0.0000E+00     0.0000E+00     0.0000E+00     0.0000E+00     0.0000E+00     0.0000E+00
    67     3     8  1982     103     103  cha103               0.0000E+00     0.0000E+00     0.0000E+00     0.0000E+00     0.0000E+00     0.0000E+00     0.0000E+00     0.0000E+00     0.0000E+00     0.0000E+00     0.0000E+00     0.0000E+00     0.0000E+00     0.0000E+00     0.0000E+00     0.0000E+00     0.0000E+00     0.0000E+00     0.0000E+00     0.0000E+00     0.0000E+00     0.0000E+00     0.0000E+00     0.0000E+00     0.0000E+00     0.0000E+00     0.0000E+00     0.0000E+00     0.0000E+00     0.0000E+00
    67     3     8  1982     104     104  cha104               0.0000E+00     0.0000E+00     0.0000E+00     0.0000E+00     0.0000E+00     0.0000E+00     0.0000E+00     0.0000E+00     0.0000E+00     0.0000E+00     0.0000E+00     0.0000E+00     0.0000E+00     0.0000E+00     0.0000E+00     0.0000E+00     0.0000E+00     0.0000E+00     0.0000E+00     0.0000E+00     0.0000E+00     0.0000E+00     0.0000E+00     0.0000E+00     0.0000E+00     0.0000E+00     0.0000E+00     0.0000E+00     0.0000E+00     0.0000E+00
    67     3     8  1982     105     105  cha105               0.0000E+00     0.0000E+00     0.0000E+00     0.0000E+00     0.0000E+00     0.0000E+00     0.0000E+00     0.0000E+00     0.0000E+00     0.0000E+00     0.0000E+00     0.0000E+00     0.0000E+00     0.0000E+00     0.0000E+00     0.0000E+00     0.0000E+00     0.0000E+00     0.0000E+00     0.0000E+00     0.0000E+00     0.0000E+00     0.0000E+00     0.0000E+00     0.0000E+00     0.0000E+00     0.0000E+00     0.0000E+00     0.0000E+00     0.0000E+00
    67     3     8  1982     106     106  cha106               0.0000E+00     0.0000E+00     0.0000E+00     0.0000E+00     0.0000E+00     0.0000E+00     0.0000E+00     0.0000E+00     0.0000E+00     0.0000E+00     0.0000E+00     0.0000E+00     0.0000E+00     0.0000E+00     0.0000E+00     0.0000E+00     0.0000E+00     0.0000E+00     0.0000E+00     0.0000E+00     0.0000E+00     0.0000E+00     0.0000E+00     0.0000E+00     0.0000E+00     0.0000E+00     0.0000E+00     0.0000E+00     0.0000E+00     0.0000E+00
    67     3     8  1982     107     107  cha107               0.0000E+00     0.0000E+00     0.0000E+00     0.0000E+00     0.0000E+00     0.0000E+00     0.0000E+00     0.0000E+00     0.0000E+00     0.0000E+00     0.0000E+00     0.0000E+00     0.0000E+00     0.0000E+00     0.0000E+00     0.0000E+00     0.0000E+00     0.0000E+00     0.0000E+00     0.0000E+00     0.0000E+00     0.0000E+00     0.0000E+00     0.0000E+00     0.0000E+00     0.0000E+00     0.0000E+00     0.0000E+00     0.0000E+00     0.0000E+00
    67     3     8  1982     108     108  cha108               0.0000E+00     0.0000E+00     0.0000E+00     0.0000E+00     0.0000E+00     0.0000E+00     0.0000E+00     0.0000E+00     0.0000E+00     0.0000E+00     0.0000E+00     0.0000E+00     0.0000E+00     0.0000E+00     0.0000E+00     0.0000E+00     0.0000E+00     0.0000E+00     0.0000E+00     0.0000E+00     0.0000E+00     0.0000E+00     0.0000E+00     0.0000E+00     0.0000E+00     0.0000E+00     0.0000E+00     0.0000E+00     0.0000E+00     0.0000E+00
    67     3     8  1982     109     109  cha109               0.0000E+00     0.0000E+00     0.0000E+00     0.0000E+00     0.0000E+00     0.0000E+00     0.0000E+00     0.0000E+00     0.0000E+00     0.0000E+00     0.0000E+00     0.0000E+00     0.0000E+00     0.0000E+00     0.0000E+00     0.0000E+00     0.0000E+00     0.0000E+00     0.0000E+00     0.0000E+00     0.0000E+00     0.0000E+00     0.0000E+00     0.0000E+00     0.0000E+00     0.0000E+00     0.0000E+00     0.0000E+00     0.0000E+00     0.0000E+00
    67     3     8  1982     110     110  cha110               0.0000E+00     0.0000E+00     0.0000E+00     0.0000E+00     0.0000E+00     0.0000E+00     0.0000E+00     0.0000E+00     0.0000E+00     0.0000E+00     0.0000E+00     0.0000E+00     0.0000E+00     0.0000E+00     0.0000E+00     0.0000E+00     0.0000E+00     0.0000E+00     0.0000E+00     0.0000E+00     0.0000E+00     0.0000E+00     0.0000E+00     0.0000E+00     0.0000E+00     0.0000E+00     0.0000E+00     0.0000E+00     0.0000E+00     0.0000E+00
    67     3     8  1982     111     111  cha111               0.0000E+00     0.0000E+00     0.0000E+00     0.0000E+00     0.0000E+00     0.0000E+00     0.0000E+00     0.0000E+00     0.0000E+00     0.0000E+00     0.0000E+00     0.0000E+00     0.0000E+00     0.0000E+00     0.0000E+00     0.0000E+00     0.0000E+00     0.0000E+00     0.0000E+00     0.0000E+00     0.0000E+00     0.0000E+00     0.0000E+00     0.0000E+00     0.0000E+00     0.0000E+00     0.0000E+00     0.0000E+00     0.0000E+00     0.0000E+00
    67     3     8  1982     112     112  cha112               0.0000E+00     0.0000E+00     0.0000E+00     0.0000E+00     0.0000E+00     0.0000E+00     0.0000E+00     0.0000E+00     0.0000E+00     0.0000E+00     0.0000E+00     0.0000E+00     0.0000E+00     0.0000E+00     0.0000E+00     0.0000E+00     0.0000E+00     0.0000E+00     0.0000E+00     0.0000E+00     0.0000E+00     0.0000E+00     0.0000E+00     0.0000E+00     0.0000E+00     0.0000E+00     0.0000E+00     0.0000E+00     0.0000E+00     0.0000E+00
    67     3     8  1982     113     113  cha113               0.0000E+00     0.0000E+00     0.0000E+00     0.0000E+00     0.0000E+00     0.0000E+00     0.0000E+00     0.0000E+00     0.0000E+00     0.0000E+00     0.0000E+00     0.0000E+00     0.0000E+00     0.0000E+00     0.0000E+00     0.0000E+00     0.0000E+00     0.0000E+00     0.0000E+00     0.0000E+00     0.0000E+00     0.0000E+00     0.0000E+00     0.0000E+00     0.0000E+00     0.0000E+00     0.0000E+00     0.0000E+00     0.0000E+00     0.0000E+00
    67     3     8  1982     114     114  cha114               0.0000E+00     0.0000E+00     0.0000E+00     0.0000E+00     0.0000E+00     0.0000E+00     0.0000E+00     0.0000E+00     0.0000E+00     0.0000E+00     0.0000E+00     0.0000E+00     0.0000E+00     0.0000E+00     0.0000E+00     0.0000E+00     0.0000E+00     0.0000E+00     0.0000E+00     0.0000E+00     0.0000E+00     0.0000E+00     0.0000E+00     0.0000E+00     0.0000E+00     0.0000E+00     0.0000E+00     0.0000E+00     0.0000E+00     0.0000E+00
    67     3     8  1982     115     115  cha115               0.0000E+00     0.0000E+00     0.0000E+00     0.0000E+00     0.0000E+00     0.0000E+00     0.0000E+00     0.0000E+00     0.0000E+00     0.0000E+00     0.0000E+00     0.0000E+00     0.0000E+00     0.0000E+00     0.0000E+00     0.0000E+00     0.0000E+00     0.0000E+00     0.0000E+00     0.0000E+00     0.0000E+00     0.0000E+00     0.0000E+00     0.0000E+00     0.0000E+00     0.0000E+00     0.0000E+00     0.0000E+00     0.0000E+00     0.0000E+00
    67     3     8  1982     116     116  cha116               0.0000E+00     0.0000E+00     0.0000E+00     0.0000E+00     0.0000E+00     0.0000E+00     0.0000E+00     0.0000E+00     0.0000E+00     0.0000E+00     0.0000E+00     0.0000E+00     0.0000E+00     0.0000E+00     0.0000E+00     0.0000E+00     0.0000E+00     0.0000E+00     0.0000E+00     0.0000E+00     0.0000E+00     0.0000E+00     0.0000E+00     0.0000E+00     0.0000E+00     0.0000E+00     0.0000E+00     0.0000E+00     0.0000E+00     0.0000E+00
    67     3     8  1982     117     117  cha117               0.0000E+00     0.0000E+00     0.0000E+00     0.0000E+00     0.0000E+00     0.0000E+00     0.0000E+00     0.0000E+00     0.0000E+00     0.0000E+00     0.0000E+00     0.0000E+00     0.0000E+00     0.0000E+00     0.0000E+00     0.0000E+00     0.0000E+00     0.0000E+00     0.0000E+00     0.0000E+00     0.0000E+00     0.0000E+00     0.0000E+00     0.0000E+00     0.0000E+00     0.0000E+00     0.0000E+00     0.0000E+00     0.0000E+00     0.0000E+00
    67     3     8  1982     118     118  cha118               0.0000E+00     0.0000E+00     0.0000E+00     0.0000E+00     0.0000E+00     0.0000E+00     0.0000E+00     0.0000E+00     0.0000E+00     0.0000E+00     0.0000E+00     0.0000E+00     0.0000E+00     0.0000E+00     0.0000E+00     0.0000E+00     0.0000E+00     0.0000E+00     0.0000E+00     0.0000E+00     0.0000E+00     0.0000E+00     0.0000E+00     0.0000E+00     0.0000E+00     0.0000E+00     0.0000E+00     0.0000E+00     0.0000E+00     0.0000E+00
    67     3     8  1982     119     119  cha119               0.0000E+00     0.0000E+00     0.0000E+00     0.0000E+00     0.0000E+00     0.0000E+00     0.0000E+00     0.0000E+00     0.0000E+00     0.0000E+00     0.0000E+00     0.0000E+00     0.0000E+00     0.0000E+00     0.0000E+00     0.0000E+00     0.0000E+00     0.0000E+00     0.0000E+00     0.0000E+00     0.0000E+00     0.0000E+00     0.0000E+00     0.0000E+00     0.0000E+00     0.0000E+00     0.0000E+00     0.0000E+00     0.0000E+00     0.0000E+00
    67     3     8  1982     120     120  cha120               0.0000E+00     0.0000E+00     0.0000E+00     0.0000E+00     0.0000E+00     0.0000E+00     0.0000E+00     0.0000E+00     0.0000E+00     0.0000E+00     0.0000E+00     0.0000E+00     0.0000E+00     0.0000E+00     0.0000E+00     0.0000E+00     0.0000E+00     0.0000E+00     0.0000E+00     0.0000E+00     0.0000E+00     0.0000E+00     0.0000E+00     0.0000E+00     0.0000E+00     0.0000E+00     0.0000E+00     0.0000E+00     0.0000E+00     0.0000E+00
    67     3     8  1982     121     121  cha121               0.0000E+00     0.0000E+00     0.0000E+00     0.0000E+00     0.0000E+00     0.0000E+00     0.0000E+00     0.0000E+00     0.0000E+00     0.0000E+00     0.0000E+00     0.0000E+00     0.0000E+00     0.0000E+00     0.0000E+00     0.0000E+00     0.0000E+00     0.0000E+00     0.0000E+00     0.0000E+00     0.0000E+00     0.0000E+00     0.0000E+00     0.0000E+00     0.0000E+00     0.0000E+00     0.0000E+00     0.0000E+00     0.0000E+00     0.0000E+00
    67     3     8  1982     122     122  cha122               0.0000E+00     0.0000E+00     0.0000E+00     0.0000E+00     0.0000E+00     0.0000E+00     0.0000E+00     0.0000E+00     0.0000E+00     0.0000E+00     0.0000E+00     0.0000E+00     0.0000E+00     0.0000E+00     0.0000E+00     0.0000E+00     0.0000E+00     0.0000E+00     0.0000E+00     0.0000E+00     0.0000E+00     0.0000E+00     0.0000E+00     0.0000E+00     0.0000E+00     0.0000E+00     0.0000E+00     0.0000E+00     0.0000E+00     0.0000E+00
    67     3     8  1982     123     123  cha123               0.0000E+00     0.0000E+00     0.0000E+00     0.0000E+00     0.0000E+00     0.0000E+00     0.0000E+00     0.0000E+00     0.0000E+00     0.0000E+00     0.0000E+00     0.0000E+00     0.0000E+00     0.0000E+00     0.0000E+00     0.0000E+00     0.0000E+00     0.0000E+00     0.0000E+00     0.0000E+00     0.0000E+00     0.0000E+00     0.0000E+00     0.0000E+00     0.0000E+00     0.0000E+00     0.0000E+00     0.0000E+00     0.0000E+00     0.0000E+00
    67     3     8  1982     124     124  cha124               0.0000E+00     0.0000E+00     0.0000E+00     0.0000E+00     0.0000E+00     0.0000E+00     0.0000E+00     0.0000E+00     0.0000E+00     0.0000E+00     0.0000E+00     0.0000E+00     0.0000E+00     0.0000E+00     0.0000E+00     0.0000E+00     0.0000E+00     0.0000E+00     0.0000E+00     0.0000E+00     0.0000E+00     0.0000E+00     0.0000E+00     0.0000E+00     0.0000E+00     0.0000E+00     0.0000E+00     0.0000E+00     0.0000E+00     0.0000E+00
    67     3     8  1982     125     125  cha125               0.0000E+00     0.0000E+00     0.0000E+00     0.0000E+00     0.0000E+00     0.0000E+00     0.0000E+00     0.0000E+00     0.0000E+00     0.0000E+00     0.0000E+00     0.0000E+00     0.0000E+00     0.0000E+00     0.0000E+00     0.0000E+00     0.0000E+00     0.0000E+00     0.0000E+00     0.0000E+00     0.0000E+00     0.0000E+00     0.0000E+00     0.0000E+00     0.0000E+00     0.0000E+00     0.0000E+00     0.0000E+00     0.0000E+00     0.0000E+00
    67     3     8  1982     126     126  cha126               0.0000E+00     0.0000E+00     0.0000E+00     0.0000E+00     0.0000E+00     0.0000E+00     0.0000E+00     0.0000E+00     0.0000E+00     0.0000E+00     0.0000E+00     0.0000E+00     0.0000E+00     0.0000E+00     0.0000E+00     0.0000E+00     0.0000E+00     0.0000E+00     0.0000E+00     0.0000E+00     0.0000E+00     0.0000E+00     0.0000E+00     0.0000E+00     0.0000E+00     0.0000E+00     0.0000E+00     0.0000E+00     0.0000E+00     0.0000E+00
    67     3     8  1982     127     127  cha127               0.0000E+00     0.0000E+00     0.0000E+00     0.0000E+00     0.0000E+00     0.0000E+00     0.0000E+00     0.0000E+00     0.0000E+00     0.0000E+00     0.0000E+00     0.0000E+00     0.0000E+00     0.0000E+00     0.0000E+00     0.0000E+00     0.0000E+00     0.0000E+00     0.0000E+00     0.0000E+00     0.0000E+00     0.0000E+00     0.0000E+00     0.0000E+00     0.0000E+00     0.0000E+00     0.0000E+00     0.0000E+00     0.0000E+00     0.0000E+00
    67     3     8  1982     128     128  cha128               0.0000E+00     0.0000E+00     0.0000E+00     0.0000E+00     0.0000E+00     0.0000E+00     0.0000E+00     0.0000E+00     0.0000E+00     0.0000E+00     0.0000E+00     0.0000E+00     0.0000E+00     0.0000E+00     0.0000E+00     0.0000E+00     0.0000E+00     0.0000E+00     0.0000E+00     0.0000E+00     0.0000E+00     0.0000E+00     0.0000E+00     0.0000E+00     0.0000E+00     0.0000E+00     0.0000E+00     0.0000E+00     0.0000E+00     0.0000E+00
    67     3     8  1982     129     129  cha129               0.0000E+00     0.0000E+00     0.0000E+00     0.0000E+00     0.0000E+00     0.0000E+00     0.0000E+00     0.0000E+00     0.0000E+00     0.0000E+00     0.0000E+00     0.0000E+00     0.0000E+00     0.0000E+00     0.0000E+00     0.0000E+00     0.0000E+00     0.0000E+00     0.0000E+00     0.0000E+00     0.0000E+00     0.0000E+00     0.0000E+00     0.0000E+00     0.0000E+00     0.0000E+00     0.0000E+00     0.0000E+00     0.0000E+00     0.0000E+00
    67     3     8  1982     130     130  cha130               0.0000E+00     0.0000E+00     0.0000E+00     0.0000E+00     0.0000E+00     0.0000E+00     0.0000E+00     0.0000E+00     0.0000E+00     0.0000E+00     0.0000E+00     0.0000E+00     0.0000E+00     0.0000E+00     0.0000E+00     0.0000E+00     0.0000E+00     0.0000E+00     0.0000E+00     0.0000E+00     0.0000E+00     0.0000E+00     0.0000E+00     0.0000E+00     0.0000E+00     0.0000E+00     0.0000E+00     0.0000E+00     0.0000E+00     0.0000E+00
    67     3     8  1982     131     131  cha131               0.0000E+00     0.0000E+00     0.0000E+00     0.0000E+00     0.0000E+00     0.0000E+00     0.0000E+00     0.0000E+00     0.0000E+00     0.0000E+00     0.0000E+00     0.0000E+00     0.0000E+00     0.0000E+00     0.0000E+00     0.0000E+00     0.0000E+00     0.0000E+00     0.0000E+00     0.0000E+00     0.0000E+00     0.0000E+00     0.0000E+00     0.0000E+00     0.0000E+00     0.0000E+00     0.0000E+00     0.0000E+00     0.0000E+00     0.0000E+00
    67     3     8  1982     132     132  cha132               0.0000E+00     0.0000E+00     0.0000E+00     0.0000E+00     0.0000E+00     0.0000E+00     0.0000E+00     0.0000E+00     0.0000E+00     0.0000E+00     0.0000E+00     0.0000E+00     0.0000E+00     0.0000E+00     0.0000E+00     0.0000E+00     0.0000E+00     0.0000E+00     0.0000E+00     0.0000E+00     0.0000E+00     0.0000E+00     0.0000E+00     0.0000E+00     0.0000E+00     0.0000E+00     0.0000E+00     0.0000E+00     0.0000E+00     0.0000E+00
    67     3     8  1982     133     133  cha133               0.0000E+00     0.0000E+00     0.0000E+00     0.0000E+00     0.0000E+00     0.0000E+00     0.0000E+00     0.0000E+00     0.0000E+00     0.0000E+00     0.0000E+00     0.0000E+00     0.0000E+00     0.0000E+00     0.0000E+00     0.0000E+00     0.0000E+00     0.0000E+00     0.0000E+00     0.0000E+00     0.0000E+00     0.0000E+00     0.0000E+00     0.0000E+00     0.0000E+00     0.0000E+00     0.0000E+00     0.0000E+00     0.0000E+00     0.0000E+00
    67     3     8  1982     134     134  cha134               0.0000E+00     0.0000E+00     0.0000E+00     0.0000E+00     0.0000E+00     0.0000E+00     0.0000E+00     0.0000E+00     0.0000E+00     0.0000E+00     0.0000E+00     0.0000E+00     0.0000E+00     0.0000E+00     0.0000E+00     0.0000E+00     0.0000E+00     0.0000E+00     0.0000E+00     0.0000E+00     0.0000E+00     0.0000E+00     0.0000E+00     0.0000E+00     0.0000E+00     0.0000E+00     0.0000E+00     0.0000E+00     0.0000E+00     0.0000E+00
    67     3     8  1982     135     135  cha135               0.0000E+00     0.0000E+00     0.0000E+00     0.0000E+00     0.0000E+00     0.0000E+00     0.0000E+00     0.0000E+00     0.0000E+00     0.0000E+00     0.0000E+00     0.0000E+00     0.0000E+00     0.0000E+00     0.0000E+00     0.0000E+00     0.0000E+00     0.0000E+00     0.0000E+00     0.0000E+00     0.0000E+00     0.0000E+00     0.0000E+00     0.0000E+00     0.0000E+00     0.0000E+00     0.0000E+00     0.0000E+00     0.0000E+00     0.0000E+00
