19810101
13.4
14.8
14.2
14.4
14.3
14.5
12.7
13.0
12.9
13.7
13.1
14.1
13.8
14.3
14.5
13.7
14.7
14.6
13.6
13.7
14.2
14.1
14.1
15.5
16.2
15.4
15.5
15.2
15.8
14.6
13.9
13.5
13.4
14.0
14.0
13.9
12.7
14.0
13.9
13.7
13.4
14.0
12.3
12.7
12.6
12.9
11.5
13.2
13.6
13.3
13.7
13.0
13.0
13.2
12.3
12.7
12.8
12.5
11.6
13.4
14.2
13.6
13.0
14.3
13.8
13.0
12.8
13.8
13.4
13.1
13.1
13.6
14.8
15.6
14.6
14.7
13.7
14.0
13.7
13.3
14.0
13.5
13.7
14.2
14.6
15.1
13.8
14.0
14.2
12.8
12.2
12.3
12.6
13.2
13.6
12.6
13.8
13.9
13.3
13.6
13.5
13.5
12.6
12.7
12.6
13.7
13.1
12.5
14.1
14.3
14.2
14.2
14.0
14.5
12.1
11.8
11.8
13.4
13.7
12.9
14.2
14.6
14.7
14.0
14.7
14.4
12.5
12.5
12.1
12.9
13.0
13.9
14.7
15.0
15.4
15.2
14.7
14.3
12.7
13.1
13.3
13.5
13.3
12.9
13.9
14.5
14.0
14.5
14.2
14.4
13.1
13.0
13.1
13.8
12.8
15.1
14.5
14.5
14.0
14.3
14.2
13.9
12.7
12.5
13.0
12.6
13.0
13.9
13.7
14.1
13.9
13.7
14.0
14.2
13.1
12.7
12.7
13.4
13.5
12.8
13.1
13.7
14.3
13.6
13.7
13.7
12.1
12.5
13.1
13.2
11.8
13.2
12.6
14.2
13.0
14.1
14.4
14.2
13.8
13.7
13.6
14.4
14.1
15.5
15.9
16.2
15.9
15.7
15.2
14.3
13.2
13.4
13.2
14.0
13.1
12.2
13.5
14.4
13.6
14.1
13.8
14.6
12.6
12.0
13.3
12.7
13.1
13.7
12.5
13.8
13.9
14.2
14.3
14.6
13.0
13.1
13.5
12.6
11.9
13.6
14.0
14.4
14.0
13.9
14.1
13.4
13.3
12.9
13.0
13.9
13.9
14.1
13.8
15.0
14.7
14.3
14.3
13.5
13.8
13.1
13.1
14.1
14.1
14.7
14.7
14.8
14.0
14.6
14.5
14.6
13.0
13.3
13.0
13.7
13.7
13.8
12.5
14.6
14.6
13.8
14.2
13.9
13.6
12.8
13.1
14.1
13.8
14.1
13.7
15.3
14.8
14.6
13.5
14.5
12.5
13.2
13.3
13.6
12.2
13.0
13.8
15.3
14.5
13.5
13.3
14.4
13.1
13.8
13.5
13.4
13.7
14.5
15.6
14.0
14.5
14.2
14.1
13.9
13.4
13.1
12.5
13.0
14.2
12.6
14.5
14.3
13.9
14.3
13.9
13.9
13.4
13.7
13.7
13.9
13.6
12.5
14.6
14.7
14.3
14.1
14.1
14.8
14.0
13.8
13.5
14.1
13.5
14.5
14.7
15.5
15.4
14.9
14.9
14.6
13.1
12.8
13.1
12.9
11.9
13.1
13.8
13.4
12.9
14.3
13.7
14.6
13.5
13.2
13.1
12.4
13.6
14.4
14.8
14.2
14.5
13.8
14.3
14.1
13.3
13.3
13.1
14.0
14.3
13.0
15.2
14.4
15.2
14.2
14.8
14.4
13.0
13.2
12.5
14.1
12.5
13.6
14.5
15.0
14.5
14.1
14.8
14.9
13.7
13.2
13.0
13.8
13.5
14.1
14.8
14.7
15.1
14.7
15.2
15.2
14.3
13.8
14.2
14.8
14.6
15.4
15.7
16.3
15.7
15.2
15.1
14.6
13.4
13.9
13.8
13.6
12.3
14.2
