19810101
20.4
22.8
21.9
20.1
18.1
17.4
16.2
16.0
16.2
17.1
17.6
19.3
20.7
21.7
20.6
19.5
18.8
18.1
18.0
17.6
17.8
19.3
18.3
23.7
24.8
25.0
24.4
24.2
24.6
18.9
19.5
19.1
18.2
18.7
18.9
20.2
20.4
22.3
21.3
20.0
17.9
17.6
16.8
16.3
16.8
17.3
17.0
19.3
20.4
21.5
21.2
18.8
16.7
16.7
15.7
15.7
16.0
16.6
16.5
19.0
21.5
21.8
20.2
20.1
18.2
16.2
16.5
17.7
16.8
17.0
18.6
19.9
22.6
24.2
24.1
22.6
19.6
18.8
18.5
17.6
17.6
17.8
18.3
19.8
21.5
23.0
20.5
20.2
18.8
15.9
15.5
15.6
16.0
16.3
17.8
18.8
20.8
22.8
21.7
19.7
17.0
17.3
16.1
16.7
16.7
17.3
16.9
17.8
20.9
22.4
22.0
20.3
19.9
18.2
16.9
16.6
16.5
16.9
17.7
18.9
20.9
22.7
22.5
20.7
19.4
18.2
16.8
16.8
17.2
17.6
18.0
20.8
22.9
23.8
24.3
23.2
21.9
18.7
16.6
17.1
17.0
17.7
18.3
18.6
21.2
23.1
22.0
21.3
21.0
20.2
18.6
17.9
17.6
17.8
17.8
19.8
21.8
22.7
21.8
20.7
19.0
17.5
16.4
16.4
17.3
17.4
18.6
20.7
23.0
22.9
21.6
19.5
18.3
17.5
16.9
16.3
16.8
16.9
18.1
18.2
20.5
21.8
21.6
18.8
17.2
16.5
15.3
15.6
15.8
16.4
16.6
18.5
20.1
22.2
22.3
21.4
22.2
19.5
20.8
20.7
17.9
19.1
17.8
24.4
24.7
25.1
24.3
23.1
21.5
19.5
18.2
16.9
17.2
17.6
17.7
17.9
20.0
22.6
21.2
19.8
17.7
17.1
16.3
16.3
16.5
16.7
17.2
19.1
20.0
21.6
20.9
20.2
18.5
18.0
17.1
17.0
16.9
17.0
16.2
19.6
21.1
22.8
22.5
21.0
18.0
17.1
17.3
16.6
16.0
16.2
17.3
18.9
20.0
22.8
23.4
21.3
19.0
16.7
16.7
16.7
16.3
18.0
18.6
20.3
21.8
23.0
21.5
19.6
18.2
17.3
16.5
16.6
16.8
17.2
18.2
19.8
20.9
23.2
22.3
20.4
17.9
16.8
17.0
15.6
17.0
17.7
18.4
19.8
21.6
23.0
21.8
20.5
18.0
17.5
16.6
16.7
16.3
16.3
16.4
18.7
21.4
23.5
22.2
19.6
18.0
17.9
18.0
17.8
17.5
17.7
18.7
19.9
23.2
23.0
22.2
20.1
17.2
16.0
16.5
15.7
15.4
15.6
17.3
18.0
21.5
22.7
22.8
20.4
18.7
18.7
18.3
18.5
17.8
17.5
17.7
18.2
21.6
22.8
22.0
20.3
18.9
18.7
18.2
17.4
17.6
17.6
18.4
20.6
22.8
23.7
22.8
21.2
19.4
18.0
16.2
16.1
15.8
15.7
15.9
18.4
20.2
21.9
20.3
20.4
19.4
19.2
17.8
17.1
16.6
16.0
17.7
19.5
21.6
22.6
22.4
21.9
20.3
20.1
18.6
17.4
17.8
17.6
18.7
19.1
21.8
22.5
22.0
19.5
18.6
16.9
15.8
16.3
16.4
16.8
16.7
19.1
22.3
22.5
22.1
20.5
21.8
20.5
18.1
17.6
17.3
17.9
18.3
19.4
21.6
23.4
23.0
21.7
21.9
20.2
19.4
18.7
19.1
19.7
19.7
22.0
23.3
24.5
23.7
21.8
19.9
18.6
17.9
17.7
18.3
17.8
17.2
19.7
