19810101
15.2
16.7
16.4
16.2
15.2
14.4
13.5
13.9
14.0
14.6
14.4
15.5
15.5
16.2
16.5
15.5
15.5
14.7
14.3
14.4
15.1
15.0
15.3
16.8
17.8
17.5
17.8
17.0
16.7
15.0
15.1
14.8
14.7
14.9
15.2
15.3
14.6
15.9
16.0
15.6
14.3
14.3
13.3
13.7
13.8
14.0
13.0
14.9
15.2
15.4
15.9
14.9
13.9
13.6
13.2
13.7
14.1
13.5
13.2
15.0
15.9
15.6
15.3
16.0
14.8
13.2
13.6
14.6
14.3
14.1
14.5
15.2
16.6
17.6
16.8
16.7
14.8
14.3
14.6
14.4
15.1
14.6
15.0
15.8
16.3
17.0
16.0
15.9
15.0
13.0
13.3
13.2
13.8
14.2
14.8
14.2
15.5
16.0
15.7
15.5
14.9
13.8
12.8
13.8
14.0
14.6
14.0
14.1
15.9
16.4
16.5
16.1
14.9
14.8
13.4
13.6
13.8
14.4
14.9
14.5
15.8
16.4
16.9
15.5
15.4
14.5
13.5
13.5
13.4
13.8
14.3
15.2
16.4
16.6
17.1
17.0
15.5
14.5
13.2
13.7
14.2
14.1
14.3
14.4
15.4
16.4
16.2
16.3
14.7
14.1
13.5
13.7
14.4
14.7
13.9
15.5
16.3
16.4
16.1
16.0
15.1
14.1
13.5
13.4
14.1
13.8
14.3
15.5
15.9
16.2
16.1
15.5
14.9
14.3
14.0
13.9
14.0
14.3
14.7
14.6
15.0
15.8
16.5
15.4
14.6
14.0
13.2
13.7
14.5
14.3
13.2
14.8
14.6
16.2
15.6
16.2
15.7
14.6
14.8
14.8
15.0
15.6
15.4
17.2
17.8
17.8
18.0
17.8
16.2
14.7
14.2
14.5
14.4
15.0
14.4
14.0
15.2
16.3
15.8
15.8
14.7
14.7
13.4
13.1
14.3
13.7
14.3
15.2
14.5
15.7
15.9
16.0
15.2
14.6
13.7
14.0
14.5
13.8
13.0
15.3
15.7
16.2
16.3
15.8
14.9
13.6
13.8
13.7
14.0
14.7
14.9
15.5
15.5
16.8
16.9
16.2
15.1
13.6
14.4
14.0
14.3
15.1
15.4
16.2
16.4
16.7
16.1
16.3
15.4
14.6
13.7
14.2
14.1
14.7
15.0
15.4
14.6
16.6
16.7
15.8
15.2
14.0
14.5
13.7
14.2
15.1
15.1
15.7
15.6
17.1
17.0
16.5
14.4
14.7
13.4
14.1
14.4
14.5
13.5
14.7
15.7
17.3
16.7
15.5
14.4
14.6
14.3
14.8
14.7
14.6
15.0
16.1
17.3
16.1
16.7
16.0
15.1
14.2
14.3
14.1
13.8
14.0
15.4
14.4
16.2
16.4
16.3
16.1
15.0
14.3
14.4
14.9
14.9
14.9
14.8
14.4
16.3
16.6
16.6
16.0
15.1
15.1
15.0
14.8
14.7
15.1
14.9
16.1
16.5
17.5
17.6
16.8
15.9
14.9
14.1
13.9
14.2
13.8
13.3
14.7
15.7
15.7
15.4
16.1
14.8
15.0
14.4
14.3
14.3
13.5
14.8
15.8
16.4
16.2
16.6
16.0
15.3
14.6
14.5
14.4
14.0
14.9
15.4
14.8
16.8
16.4
17.1
15.9
15.6
14.6
13.8
14.1
13.6
15.0
13.7
15.2
16.4
16.9
16.6
16.0
16.0
15.2
14.6
14.4
14.2
14.6
14.8
15.5
16.3
16.7
17.2
16.5
16.1
15.4
15.3
15.0
15.3
15.8
15.8
17.0
17.4
18.3
17.9
17.1
16.0
14.9
14.5
14.9
15.0
14.7
13.6
16.0
