19810101
20.6
23.0
22.7
21.1
18.8
17.2
15.9
15.7
16.1
17.2
17.9
19.7
20.9
22.0
21.6
20.5
19.4
17.9
17.5
17.0
17.4
19.1
18.6
23.4
24.5
25.0
24.9
24.4
24.1
18.6
19.1
18.6
18.0
18.6
19.0
20.3
20.5
22.5
22.0
20.9
18.5
17.5
16.4
16.0
16.7
17.3
17.2
19.7
20.6
21.8
22.1
19.7
17.4
16.5
15.4
15.3
16.0
16.7
16.7
19.3
21.6
22.1
21.2
21.0
18.8
16.1
16.0
17.2
16.7
17.1
18.7
20.1
22.5
24.4
24.7
23.3
20.0
18.5
18.1
17.2
17.6
17.9
18.5
20.2
21.6
23.3
21.3
21.0
19.4
16.0
15.3
15.4
16.0
16.5
17.9
19.2
20.9
23.0
22.6
20.6
17.6
17.1
15.9
16.3
16.6
17.4
17.4
18.4
21.1
22.8
22.9
21.2
20.2
18.0
16.4
16.1
16.5
17.2
17.9
19.3
21.1
23.0
23.2
21.4
20.0
18.0
16.4
16.3
17.0
17.5
18.1
20.9
22.7
23.9
24.7
23.7
22.0
18.3
16.2
16.7
16.9
17.7
18.4
19.0
21.4
23.3
22.7
22.0
21.2
19.6
18.0
17.3
17.4
17.9
17.9
20.2
21.8
22.9
22.5
21.5
19.6
17.3
16.1
16.1
17.2
17.5
18.7
20.8
22.8
23.2
22.4
20.5
19.0
17.4
16.7
16.0
16.9
17.0
18.2
18.8
20.7
22.1
22.5
19.8
18.0
16.5
15.1
15.4
15.9
16.6
17.0
18.9
20.3
22.5
23.1
22.1
22.5
19.3
20.2
19.9
17.9
19.2
18.3
23.8
24.5
25.1
24.8
23.7
21.8
19.2
17.8
16.7
17.1
17.7
18.0
18.4
20.2
22.8
21.9
20.6
18.3
17.0
16.0
15.9
16.5
16.8
17.5
19.5
20.1
21.9
21.7
21.1
19.1
17.7
16.6
16.6
16.9
17.0
16.5
19.8
21.2
23.0
23.1
21.7
18.7
16.9
16.8
16.3
16.1
16.5
17.7
19.4
20.4
23.1
24.1
22.1
19.7
16.7
16.6
16.4
16.4
18.1
18.8
20.7
21.9
23.3
22.3
20.6
18.9
17.2
16.2
16.4
16.7
17.3
18.4
20.1
20.9
23.4
23.0
21.3
18.6
16.7
16.7
15.4
16.9
17.8
18.6
20.1
21.7
23.3
22.7
21.4
18.7
17.4
16.3
16.4
16.3
16.5
16.7
19.1
21.5
23.7
22.9
20.5
18.6
17.8
17.6
17.4
17.4
17.8
18.8
20.4
23.1
23.4
22.9
21.0
18.1
16.3
16.3
15.6
15.6
15.9
17.5
18.6
21.6
23.0
23.4
21.4
19.2
18.5
17.9
18.2
17.7
17.6
17.9
18.9
21.7
23.1
22.7
21.2
19.5
18.5
17.9
17.4
17.5
17.8
18.5
20.9
22.8
24.0
23.6
22.0
19.9
17.9
16.0
15.9
16.0
16.0
16.3
19.0
20.6
22.3
21.4
21.3
19.9
19.0
17.5
16.8
16.6
16.2
17.9
20.0
21.8
23.0
23.2
22.6
20.8
19.8
18.2
17.0
17.5
17.7
18.8
19.4
21.9
22.8
22.7
20.5
18.9
16.8
15.5
16.0
16.2
16.9
16.9
19.5
22.3
22.7
22.8
21.3
21.7
20.1
17.7
17.1
17.1
17.9
18.5
19.7
21.7
23.6
23.6
22.3
22.0
19.9
19.0
18.3
18.9
19.6
19.8
22.2
23.4
24.7
24.4
22.6
20.4
18.4
17.8
17.3
18.1
17.8
17.5
20.2
