19810101
23.6
22.3
23.9
24.1
23.7
23.7
23.4
24.3
24.5
24.6
25.4
23.9
23.0
23.2
24.0
23.6
23.1
24.0
24.1
24.3
24.4
24.8
25.0
23.3
23.2
23.4
24.6
24.5
24.7
24.7
25.0
24.6
24.1
24.3
24.9
22.6
23.9
22.0
23.4
23.2
22.7
22.7
22.7
23.9
23.9
24.4
24.6
23.6
22.8
22.7
24.0
24.0
23.6
23.9
23.1
23.5
24.8
24.9
25.3
23.3
22.3
23.2
24.0
23.4
23.8
23.1
23.2
23.9
24.3
25.1
25.0
23.9
22.7
23.4
25.1
24.6
24.4
24.9
24.4
24.6
25.3
25.8
25.2
24.2
22.9
23.1
24.1
23.7
24.1
24.2
24.0
24.6
24.5
24.7
23.9
23.5
21.3
21.1
22.9
23.1
23.3
22.6
23.6
24.0
24.1
24.0
25.7
25.6
23.1
23.8
24.6
24.2
24.1
23.9
24.2
24.6
25.2
24.9
24.8
24.0
23.6
23.9
24.3
24.6
24.7
24.9
24.7
24.1
25.5
24.7
25.3
24.8
23.8
23.9
24.8
24.1
24.8
23.7
23.7
24.5
24.3
25.1
25.0
24.0
23.3
22.8
23.5
23.6
24.5
23.8
24.1
24.3
24.2
24.6
25.0
23.4
22.5
22.5
23.8
23.6
24.0
23.3
23.8
23.9
24.6
25.2
24.9
23.8
23.5
23.2
24.2
24.3
24.0
24.2
24.4
25.1
25.1
25.1
24.4
23.9
22.6
22.8
23.6
23.6
24.0
23.5
24.1
23.5
25.1
24.3
25.5
24.3
23.6
22.7
25.2
24.6
24.0
24.2
25.0
24.6
26.1
26.1
24.3
23.3
23.7
23.9
24.5
24.8
24.8
24.1
24.7
24.7
25.6
25.2
25.1
24.8
23.2
22.1
23.7
22.8
22.7
23.0
22.7
23.9
24.0
24.4
24.6
22.8
23.1
22.2
23.0
22.8
23.2
23.2
23.5
23.8
24.0
25.4
25.3
23.0
21.6
22.2
23.3
23.6
23.4
23.0
23.3
24.3
24.3
24.9
23.9
23.9
23.7
23.0
24.1
23.8
24.3
23.9
23.7
24.5
25.4
24.4
24.2
23.6
23.4
23.6
24.1
24.1
23.8
23.5
23.8
24.5
25.1
25.2
25.2
23.8
25.3
23.9
24.4
24.5
24.5
23.4
23.4
24.4
24.8
24.7
24.8
23.9
24.0
23.6
24.0
24.8
24.9
24.3
24.7
24.8
25.2
24.4
25.0
23.4
23.3
22.6
23.5
24.0
24.1
23.6
24.1
24.5
25.0
25.7
25.2
23.8
22.8
23.9
24.0
23.9
24.1
23.1
24.1
24.0
24.3
24.0
23.0
23.4
21.9
22.2
23.8
23.3
23.4
23.5
24.0
24.3
24.3
24.0
24.2
24.6
22.3
22.2
23.6
23.7
24.0
23.8
23.9
24.5
25.0
25.2
25.2
23.7
23.4
24.0
25.0
24.9
24.9
24.0
25.5
25.2
25.4
25.3
24.7
23.6
23.7
23.5
24.9
23.6
24.3
24.0
23.8
24.6
24.2
24.5
24.6
22.9
22.1
22.6
24.1
24.4
23.7
24.3
24.2
24.5
25.2
24.3
24.6
24.1
22.9
23.5
24.3
24.9
23.8
23.4
23.7
24.1
25.4
24.7
25.7
24.5
23.7
24.0
23.7
24.4
24.0
24.0
24.9
24.2
25.3
25.3
25.1
24.2
22.6
23.9
23.9
24.3
24.3
24.0
24.5
25.3
25.7
26.1
25.5
24.6
25.1
23.9
25.2
25.1
25.4
24.2
24.7
25.3
25.3
25.8
26.5
24.1
