19810101
31.2
32.5
31.7
30.7
28.2
26.5
25.2
24.9
26.7
27.8
28.2
30.0
31.5
32.5
31.7
30.5
28.7
26.9
26.3
25.8
27.7
28.5
29.7
31.4
32.1
33.7
32.6
31.3
31.2
28.4
27.9
26.9
27.3
27.3
28.2
30.1
31.8
32.3
31.3
30.7
28.2
26.3
25.4
25.4
26.4
27.3
27.6
30.1
30.9
32.6
31.9
30.2
27.6
26.4
24.8
24.6
26.2
26.6
27.8
29.7
31.5
32.9
31.8
30.7
28.5
25.8
25.4
25.2
26.9
27.2
28.1
30.6
32.3
33.2
32.6
31.7
29.4
27.6
26.5
26.4
27.5
27.6
28.5
30.6
31.6
32.9
32.0
31.2
29.3
26.3
25.2
25.0
25.9
26.8
27.8
29.6
31.9
32.3
31.7
30.2
27.3
25.6
25.1
25.0
25.9
27.1
28.1
29.6
31.9
32.7
32.8
31.2
29.3
27.2
25.5
25.4
26.5
26.9
27.9
29.9
32.2
33.1
32.6
31.6
30.0
27.4
25.8
25.5
26.7
27.2
28.4
30.4
32.2
33.1
32.8
31.7
31.4
27.6
26.5
25.9
26.6
27.9
28.5
30.2
32.3
33.0
32.6
31.4
29.4
28.0
26.7
26.5
27.6
28.2
28.2
30.0
31.6
32.5
31.7
30.8
28.9
26.3
25.1
24.8
26.8
27.4
28.1
30.2
32.3
32.7
32.5
31.1
29.2
27.3
25.7
25.4
26.8
27.1
28.1
29.6
31.5
32.8
31.7
29.9
28.3
25.0
24.3
24.6
26.1
26.8
27.3
29.8
31.4
33.1
32.9
31.3
31.5
28.6
28.8
28.5
29.9
29.9
30.2
32.0
32.3
32.9
32.5
31.3
29.1
27.9
26.8
25.6
26.8
27.1
28.2
29.3
31.4
31.3
31.8
30.3
27.8
25.6
24.7
25.0
26.1
26.9
28.0
29.3
31.3
32.6
31.5
30.8
28.4
25.1
24.4
25.4
26.7
27.4
27.9
29.4
31.4
32.9
31.5
30.2
27.2
24.5
24.3
24.4
25.8
25.8
27.4
29.4
32.0
32.8
32.5
30.8
30.0
27.1
25.3
25.0
26.6
27.3
28.2
30.1
31.9
32.8
32.6
31.2
28.8
26.7
26.0
25.7
26.0
27.4
27.9
30.4
32.3
33.7
33.4
31.6
28.9
26.4
25.5
25.7
27.4
28.0
28.5
30.6
32.6
33.0
31.9
32.2
28.6
26.7
25.7
25.5
25.9
26.5
27.2
29.6
32.2
32.9
32.4
31.0
29.3
26.4
25.8
26.2
27.2
27.8
28.7
30.4
32.4
33.6
32.8
31.6
28.8
26.0
25.4
24.7
25.5
25.2
27.2
28.9
31.2
32.3
32.2
30.6
28.1
25.7
25.5
25.1
27.0
26.9
27.7
30.0
31.4
32.3
32.3
31.7
29.5
26.9
26.5
26.0
26.8
27.2
27.8
30.0
31.9
32.8
32.8
31.8
29.8
27.4
25.8
25.3
25.8
26.2
27.1
29.6
31.9
33.4
32.9
31.4
30.0
28.4
26.6
26.0
26.8
26.8
28.5
30.3
32.3
32.7
33.2
32.4
31.1
29.1
27.1
26.1
27.0
27.1
28.4
30.0
32.2
33.8
32.2
30.7
28.3
26.0
25.6
25.9
26.7
26.9
27.5
30.6
32.7
33.9
34.1
32.5
30.5
29.4
27.6
26.8
27.7
28.1
28.8
30.6
32.5
33.3
32.8
32.3
30.8
29.2
28.4
27.3
28.6
28.8
28.9
31.5
32.7
33.6
33.5
32.3
31.0
28.8
27.9
27.3
28.3
28.2
29.2
31.1
