19810101
30.5
29.8
30.2
29.8
28.9
27.9
27.3
27.7
29.4
29.8
30.5
31.0
30.5
30.2
30.2
29.5
29.0
28.6
28.3
28.3
29.7
30.4
31.2
31.5
31.0
29.9
31.2
30.3
30.1
29.7
29.7
29.4
29.3
29.8
30.6
30.5
30.4
29.7
29.8
29.5
29.0
27.9
27.4
27.9
28.6
29.9
30.1
31.0
29.8
30.1
30.3
29.5
28.5
28.1
27.0
27.4
29.1
29.4
30.3
30.6
30.3
30.3
30.1
29.8
29.2
27.7
27.3
28.1
29.5
29.7
30.6
31.0
30.9
30.8
31.1
30.7
29.9
29.2
28.7
29.0
30.1
30.2
30.8
31.4
30.9
30.8
30.8
30.2
29.8
28.1
27.6
28.2
29.0
29.5
30.1
30.6
30.5
29.5
30.0
29.3
28.2
27.4
27.2
28.0
28.9
29.6
30.7
31.0
30.8
30.5
31.2
30.3
29.8
28.8
27.8
28.4
29.4
29.7
30.3
30.9
31.2
30.9
30.9
30.6
30.4
29.0
28.1
28.3
29.5
29.9
30.7
31.3
31.0
30.6
30.9
30.2
29.9
28.9
28.4
28.6
29.1
30.4
30.6
30.9
31.1
30.5
30.4
30.2
29.4
29.1
28.7
28.8
29.9
30.3
30.2
30.8
30.5
30.0
30.1
29.7
29.6
28.1
27.4
27.9
29.3
29.9
30.5
30.9
31.2
30.5
30.7
30.3
29.7
29.0
28.2
28.6
29.6
29.7
30.4
30.6
30.4
30.9
30.2
29.2
29.1
27.1
26.9
27.5
28.9
29.2
29.9
30.7
30.5
30.3
31.1
30.3
30.9
30.0
30.3
30.1
30.9
31.6
31.0
31.2
31.0
30.7
31.0
30.4
29.4
29.0
29.1
28.9
29.8
29.9
30.6
30.7
30.5
29.2
30.2
29.3
28.4
27.6
27.0
27.8
28.9
29.9
30.4
30.3
30.4
30.0
29.8
29.5
28.9
27.0
26.6
28.1
29.1
30.0
30.2
30.3
30.0
30.2
29.7
29.4
28.1
26.6
26.9
27.6
28.3
28.9
29.9
30.4
31.2
30.3
30.8
29.8
30.2
28.9
27.6
28.1
29.5
29.8
30.4
30.9
30.9
30.5
30.9
30.4
29.5
28.4
28.0
28.3
28.7
29.9
30.3
31.1
31.6
31.1
31.6
31.0
29.7
27.9
27.5
28.2
29.6
30.2
30.8
31.2
31.5
30.5
30.4
31.1
29.5
28.5
28.0
28.5
29.0
29.3
30.0
30.5
31.0
30.4
30.7
30.1
29.8
28.3
28.0
29.0
30.0
30.3
30.7
31.2
31.1
31.4
30.9
30.5
29.5
28.2
27.9
27.8
28.5
28.5
29.5
30.1
29.7
29.8
30.2
29.8
28.8
27.6
27.3
28.2
29.4
29.5
30.1
31.1
30.1
29.9
30.5
30.3
29.9
28.5
28.4
28.7
29.5
30.0
30.6
31.0
31.0
30.8
31.3
30.9
30.3
29.1
28.3
28.5
28.6
29.3
29.7
30.6
31.1
30.7
31.8
30.3
30.2
29.4
28.2
28.9
29.4
29.4
30.5
30.8
30.6
30.0
31.0
30.7
30.8
29.7
28.8
28.9
29.7
29.6
30.7
30.9
30.8
31.0
30.7
30.7
29.2
27.9
27.7
28.4
29.5
29.5
30.0
31.3
31.1
31.0
31.7
31.4
30.5
30.2
29.4
29.3
30.2
30.3
30.8
31.4
30.9
30.8
30.9
30.7
30.5
30.0
29.7
29.9
31.1
31.3
31.3
31.8
31.9
31.1
31.7
31.2
31.3
30.0
29.8
30.0
30.5
30.5
31.6
31.8
