19810101
33.2
34.1
33.8
32.2
29.4
27.7
27.0
27.0
28.9
29.8
30.4
32.2
33.5
34.1
33.7
31.8
29.8
28.6
28.1
27.8
29.6
30.9
31.7
33.2
33.6
34.2
34.4
32.6
31.6
30.3
30.0
29.2
29.4
29.7
30.7
32.0
33.7
34.0
33.3
31.9
29.6
28.0
27.1
27.3
28.3
29.7
30.2
32.4
32.8
34.4
33.8
31.7
29.1
28.0
26.6
26.7
28.6
29.1
30.5
32.0
33.4
34.6
33.8
32.1
29.8
27.4
27.2
27.4
29.3
29.7
30.8
32.7
34.3
34.8
34.5
33.0
30.8
29.3
28.5
28.5
29.8
30.2
31.1
32.7
33.7
34.6
33.9
32.6
30.7
28.1
27.1
27.4
28.4
29.4
30.3
32.0
33.8
34.1
33.8
31.8
28.9
27.3
26.9
27.3
28.3
29.5
30.8
31.9
33.8
34.4
34.6
32.5
30.4
29.0
27.5
27.8
28.9
29.6
30.5
32.2
34.0
34.8
34.6
33.0
31.3
29.1
27.7
27.7
29.0
29.8
30.9
32.6
34.0
34.6
34.4
32.6
31.8
29.5
28.3
28.1
28.8
30.4
30.9
32.3
34.3
34.6
34.5
32.8
30.8
29.5
28.5
28.4
29.6
30.3
30.5
32.2
33.5
34.1
33.7
32.2
30.4
28.1
27.0
27.1
29.1
29.9
30.8
32.3
34.1
34.4
34.4
32.5
30.4
29.0
27.7
27.7
29.2
29.6
30.6
31.9
33.4
34.5
33.7
31.5
29.8
26.8
26.3
26.8
28.4
29.0
29.9
32.1
33.5
34.8
34.8
32.8
32.5
30.3
30.4
30.4
30.9
31.6
31.8
33.5
33.9
34.5
34.3
32.7
30.6
29.9
29.0
28.3
29.4
29.8
30.8
31.6
33.4
34.1
34.2
32.1
29.3
27.6
26.8
27.2
28.5
29.9
30.6
31.4
33.4
34.4
33.5
32.2
29.7
27.2
26.4
27.6
28.8
30.0
29.9
31.6
33.3
34.5
33.3
31.7
28.8
26.3
26.2
26.8
27.9
28.4
29.8
31.5
33.8
34.5
34.5
32.2
31.2
28.8
27.2
27.3
28.8
29.8
30.8
32.1
33.6
34.4
34.5
32.6
30.1
28.2
27.6
27.7
28.3
29.8
30.1
32.4
33.7
34.9
34.9
32.8
30.0
27.9
27.2
27.7
29.2
30.4
30.9
32.6
34.4
34.5
33.8
33.5
30.2
28.3
27.7
27.7
28.3
29.1
29.8
31.7
34.1
34.4
34.4
32.5
30.8
28.2
27.6
28.4
29.6
30.3
31.2
32.6
34.1
35.2
34.6
33.0
30.4
27.8
27.4
26.8
27.9
28.0
29.4
31.1
32.8
33.7
34.0
32.1
29.7
27.5
27.3
27.5
29.2
29.5
30.1
32.3
33.1
33.9
34.2
33.0
30.9
28.6
28.3
28.1
29.0
29.7
30.5
32.1
33.8
34.4
34.7
33.2
31.2
29.0
27.6
27.5
28.0
28.8
29.3
31.6
33.5
35.0
34.5
32.8
31.1
29.7
28.1
28.1
29.2
29.3
30.7
32.3
33.8
34.4
34.9
33.7
32.2
30.5
28.7
28.2
29.2
29.6
30.9
32.1
33.8
35.1
34.1
32.4
29.8
27.8
27.5
27.9
29.1
29.4
29.9
32.7
34.4
34.7
35.1
33.9
31.7
30.8
29.4
29.0
30.1
30.5
31.1
32.8
34.1
35.0
34.8
33.9
32.0
30.8
30.1
29.6
31.2
31.5
31.5
33.5
34.5
35.1
35.2
33.7
32.3
30.3
29.6
29.4
30.3
30.6
31.8
33.2
